blk51	 0 1 2 3 4 5 6 7 8 9 10 11
blk52	 12 13 14 15 16 17 18 19 20
blk53	 21 22 23 24 25 26 27 28 29 30
blk54	 31 32 33 34 35 36 37
blk55	 38 39 40 41 42 43 44 45 46 47 48 49 50 51 52
blk56	 53 54 55 56 57 58 59 60 61 62 63 64 65 66 67
blk57	 68 69 70 71 72 73 74
blk58	 75 76 77 78 79 80 81 82 83 84 85 86 87 88 89
blk59	 90 91 92 93 94 95 96
blk60	 97 98 99 100 101 102 103 104
blk61	 105 106 107 108 109 110
blk62	 111 112 113 114 115 116 117 118 119
blk63	 120 121 122 123 124 125 126 127
blk64	 128 129 130 131 132 133 134
blk65	 135 136 137 138 139 140 141 142 143
blk66	 144 145 146 147 148 149 150 151 152 153 154
blk67	 155 156 157 158 159 160
blk68	 161 162 163 164 165 166 167 168 169 170 171 172 173
blk69	 174 175 176 177 178 179 180 181 182 183 184 185 186
blk70	 187 188 189 190 191 192
blk71	 193 194 195 196 197 198 199 200 201 202 203 204
blk72	 205 206 207 208 209 210 211 212 213
blk73	 214 215 216 217 218 219 220 221 222 223 224 225 226 227
blk74	 228 229 230 231 232 233
blk75	 234 235 236 237 238 239 240 241 242
blk76	 243 244 245 246 247 248 249
blk77	 250 251 252 253 254 255 256 257
blk78	 258 259 260 261 262 263 264
blk79	 265 266 267 268 269 270 271 272 273 274 275 276 277
blk80	 278 279 280 281 282 283 284 285 286 287 288 289 290 291 292
blk81	 293 294 295 296 297 298 299 300 301 302 303 304 305 306
blk82	 307 308 309 310 311 312 313 314 315 316 317
blk83	 318 319 320 321 322
blk84	 323 324 325 326 327 328 329 330 331 332 333
blk85	 334 335 336 337 338 339 340 341 342
blk86	 343 344 345 346 347 348 349 350 351 352 353
blk87	 354 355 356 357
blk88	 358 359 360 361 362 363 364 365 366 367 368 369 370 371 372 373 374
blk89	 375 376 377 378 379 380 381 382 383
blk90	 384 385 386 387 388 389 390 391 392 393 394 395
blk91	 396 397 398 399 400 401 402 403 404 405 406 407
blk92	 408 409 410 411 412 413 414 415 416 417 418
blk93	 419 420 421 422 423 424 425 426 427 428
blk94	 429 430 431 432 433 434 435
blk95	 436 437 438 439 440 441
blk96	 442 443 444 445 446 447 448 449 450 451 452 453
blk97	 454 455 456 457 458 459 460 461 462 463 464 465 466 467 468
blk98	 469 470 471 472 473 474 475
blk99	 476 477 478 479 480 481 482 483 484 485 486 487 488 489
blk100	 490 491 492 493 494 495 496 497 498 499
