blk151	0	1	2	3	4	5	6	7	8	9	10	11	12	13	14	15	16	17
blk152	18	19	20	21	22	23	24	25	26
blk153	27	28	29	30	31	32	33	34	35	36	37
blk154	38	39	40	41	42	43	44	45	46	47	48	49	50	51
blk155	52	53	54	55	56	57	58	59	60	61
blk156	62	63	64	65	66	67	68	69	70	71	72
blk157	73	74	75	76	77	78	79	80	81	82	83
blk158	84	85	86	87	88	89	90	91	92
blk159	93	94	95	96	97	98	99	100	101	102	103	104
blk160	105	106	107	108	109	110	111	112	113
blk161	114	115	116	117	118	119	120
blk162	121	122	123	124	125	126	127	128	129	130	131	132
blk163	133	134	135	136	137	138	139	140
blk164	141	142	143	144	145	146	147	148	149
blk165	150	151	152	153	154	155	156	157	158	159	160	161	162
blk166	163	164	165	166	167	168	169	170	171	172	173	174	175	176
blk167	177	178	179	180	181	182	183	184	185	186	187	188	189	190	191
blk168	192	193	194	195	196	197	198	199	200
blk169	201	202	203	204	205	206	207
blk170	208	209	210	211	212	213	214	215	216
blk171	217	218	219	220	221	222	223	224	225	226	227	228
blk172	229	230	231	232	233	234	235	236	237
blk173	238	239	240	241	242	243
blk174	244	245	246	247	248	249	250	251	252	253	254	255	256	257	258
blk175	259	260	261	262	263	264	265	266	267	268	269	270
blk176	271	272	273	274	275	276	277	278	279	280
blk177	281	282	283	284	285
blk178	286	287	288	289	290	291	292
blk179	293	294	295	296
blk180	297	298	299	300	301	302	303	304	305	306	307	308
blk181	309	310	311	312	313	314	315	316	317
blk182	318	319	320	321	322	323	324	325	326
blk183	327	328	329	330	331	332	333
blk184	334	335	336	337	338	339	340	341	342	343	344	345	346	347	348
blk185	349	350	351	352	353	354	355	356	357	358	359	360	361
blk186	362	363	364	365	366	367	368	369	370
blk187	371	372	373	374	375	376
blk188	377	378	379	380	381	382	383	384	385	386	387	388
blk189	389	390	391	392	393	394	395	396	397
blk190	398	399	400	401	402	403	404	405	406	407	408	409	410
blk191	411	412	413	414	415	416
blk192	417	418	419	420	421	422	423	424	425	426
blk193	427	428	429	430	431	432
blk194	433	434	435	436	437	438	439	440	441	442
blk195	443	444	445	446	447	448	449	450
blk196	451	452	453	454	455	456	457	458	459
blk197	460	461	462	463	464	465
blk198	466	467	468	469	470	471	472	473	474	475	476	477
blk199	478	479	480	481	482	483	484	485	486	487	488	489	490	491	492	493	494	495
blk200	496	497	498	499
