ID	hap_1_1	hap_1_1	hap_1_2	hap_1_2	hap_2_1	hap_2_1	hap_2_2	hap_2_2	hap_3_1	hap_3_1	hap_3_2	hap_3_2	hap_4_1	hap_4_1	hap_4_2	hap_4_2	hap_5_1	hap_5_1	hap_5_2	hap_5_2
IND0001	6762382	6762382	4446174	4446174	3288013	3288013	2837378	2837378	154087	154087	151114	151114	206509	206509	244521	244521	214485	214485	220047	220047
IND0002	15609939	15609939	13136690	13136690	2520269	2520269	560893	560893	45488	45488	103485	103485	179887	179887	171560	171560	27813	27813	258684	258684
IND0003	694046	694046	16448415	16448415	586859	586859	3554020	3554020	45647	45647	192549	192549	249803	249803	2820	2820	107268	107268	5150	5150
IND0004	9348982	9348982	10401661	10401661	1106316	1106316	276404	276404	179728	179728	151574	151574	85619	85619	49150	49150	154548	154548	240236	240236
IND0005	3695606	3695606	9718733	9718733	3743316	3743316	780778	780778	159169	159169	171906	171906	252923	252923	239467	239467	177965	177965	171723	171723
IND0006	14373148	14373148	7982623	7982623	3936373	3936373	1098378	1098378	4853	4853	112230	112230	157568	157568	81333	81333	144262	144262	98023	98023
IND0007	5723398	5723398	1147734	1147734	3270944	3270944	450487	450487	159626	159626	260660	260660	156290	156290	94966	94966	205792	205792	224299	224299
IND0008	8305937	8305937	12552767	12552767	1710311	1710311	1223869	1223869	113201	113201	79526	79526	11099	11099	218987	218987	237401	237401	81762	81762
IND0009	2233821	2233821	11338573	11338573	2329032	2329032	3767237	3767237	89248	89248	123953	123953	209907	209907	164853	164853	56914	56914	90811	90811
IND0010	9351501	9351501	9006305	9006305	2907168	2907168	1918098	1918098	68724	68724	129904	129904	49295	49295	96142	96142	144157	144157	14899	14899
IND0011	7593265	7593265	1081797	1081797	4014552	4014552	828712	828712	49553	49553	76248	76248	242602	242602	58139	58139	91458	91458	250320	250320
IND0012	13867214	13867214	7464139	7464139	2529211	2529211	4049542	4049542	231128	231128	128766	128766	119373	119373	209842	209842	148594	148594	181417	181417
IND0013	2985765	2985765	15689457	15689457	3954461	3954461	3103422	3103422	97754	97754	114091	114091	60885	60885	83835	83835	85003	85003	119324	119324
IND0014	4776449	4776449	13392079	13392079	917911	917911	1687408	1687408	194498	194498	135480	135480	201023	201023	219220	219220	20296	20296	73085	73085
IND0015	8527084	8527084	11988595	11988595	2277514	2277514	1748561	1748561	248712	248712	44479	44479	209158	209158	154922	154922	202264	202264	22949	22949
IND0016	810643	810643	5176704	5176704	3195477	3195477	3014558	3014558	84051	84051	130079	130079	33282	33282	180160	180160	166728	166728	139029	139029
IND0017	5908690	5908690	5911904	5911904	1091854	1091854	2046763	2046763	66084	66084	35633	35633	248324	248324	168193	168193	205797	205797	7456	7456
IND0018	716759	716759	16468450	16468450	1354600	1354600	1258706	1258706	118622	118622	21380	21380	215411	215411	200031	200031	174973	174973	261478	261478
IND0019	14537615	14537615	11532545	11532545	356719	356719	3495224	3495224	223104	223104	180559	180559	93675	93675	70874	70874	94523	94523	1095	1095
IND0020	15896313	15896313	13374015	13374015	177690	177690	3514046	3514046	152083	152083	51756	51756	156764	156764	49739	49739	8466	8466	129548	129548
IND0021	4414519	4414519	15269242	15269242	2688551	2688551	1326535	1326535	185294	185294	148943	148943	106073	106073	155614	155614	135415	135415	213414	213414
IND0022	9658500	9658500	2845189	2845189	3128030	3128030	1135235	1135235	199249	199249	55488	55488	36056	36056	98081	98081	201693	201693	185843	185843
IND0023	15752146	15752146	2276314	2276314	2926155	2926155	428739	428739	43755	43755	100265	100265	50462	50462	242326	242326	124825	124825	49860	49860
IND0024	7731435	7731435	1460613	1460613	3969981	3969981	1980226	1980226	120767	120767	244872	244872	135709	135709	4357	4357	242724	242724	153897	153897
IND0025	5459202	5459202	1897465	1897465	814875	814875	1635183	1635183	226714	226714	42432	42432	96634	96634	15783	15783	43333	43333	36170	36170
IND0026	6870686	6870686	3360201	3360201	323067	323067	3408066	3408066	242025	242025	96513	96513	96657	96657	186982	186982	65203	65203	163992	163992
IND0027	8399260	8399260	2176758	2176758	3575086	3575086	1787579	1787579	65180	65180	84447	84447	137130	137130	123376	123376	100253	100253	241770	241770
IND0028	4897842	4897842	16123162	16123162	3679839	3679839	1983527	1983527	207726	207726	184530	184530	121203	121203	48538	48538	32205	32205	178103	178103
IND0029	5788191	5788191	13792714	13792714	2131084	2131084	3547992	3547992	224057	224057	172595	172595	220677	220677	133580	133580	234007	234007	235427	235427
IND0030	26716	26716	5762842	5762842	767025	767025	3491024	3491024	125019	125019	206662	206662	1517	1517	112824	112824	153074	153074	11255	11255
IND0031	5256334	5256334	8321690	8321690	3422569	3422569	3846018	3846018	127703	127703	244987	244987	136208	136208	156606	156606	254555	254555	147652	147652
IND0032	3187754	3187754	15858993	15858993	3074428	3074428	1846635	1846635	30018	30018	223317	223317	171188	171188	174892	174892	231047	231047	128235	128235
IND0033	2722696	2722696	5229451	5229451	2754882	2754882	4110728	4110728	205344	205344	193294	193294	105988	105988	161634	161634	74801	74801	100211	100211
IND0034	12836778	12836778	12231638	12231638	1696156	1696156	522688	522688	157754	157754	231595	231595	155112	155112	16112	16112	167133	167133	23547	23547
IND0035	5404380	5404380	11859454	11859454	3419243	3419243	3260653	3260653	259577	259577	189947	189947	140224	140224	195236	195236	74516	74516	80384	80384
IND0036	6290729	6290729	4096372	4096372	2599679	2599679	4163604	4163604	9716	9716	57778	57778	252160	252160	62788	62788	5621	5621	23467	23467
IND0037	480578	480578	3846092	3846092	3142073	3142073	660624	660624	33012	33012	168597	168597	20050	20050	70552	70552	38611	38611	249541	249541
IND0038	5263173	5263173	14990772	14990772	3577854	3577854	1994732	1994732	260443	260443	251842	251842	154041	154041	240727	240727	14746	14746	227169	227169
IND0039	10249482	10249482	6671074	6671074	1792417	1792417	3745704	3745704	138714	138714	38174	38174	70450	70450	255634	255634	43765	43765	241576	241576
IND0040	2431415	2431415	16514313	16514313	244451	244451	3205109	3205109	25251	25251	13127	13127	140466	140466	236299	236299	187148	187148	209365	209365
IND0041	16118446	16118446	15704018	15704018	769267	769267	2644593	2644593	147111	147111	263	263	169651	169651	222581	222581	200658	200658	116103	116103
IND0042	489197	489197	782387	782387	518910	518910	1081635	1081635	188125	188125	198719	198719	87553	87553	255683	255683	46995	46995	205092	205092
IND0043	12785577	12785577	10045967	10045967	1419750	1419750	1162505	1162505	230244	230244	5318	5318	128343	128343	20557	20557	154359	154359	21023	21023
IND0044	1490851	1490851	694402	694402	1774039	1774039	4149524	4149524	1961	1961	195622	195622	216002	216002	43721	43721	30966	30966	71734	71734
IND0045	9997254	9997254	16248063	16248063	91807	91807	2592269	2592269	155649	155649	241596	241596	78403	78403	165707	165707	115537	115537	96845	96845
IND0046	14424406	14424406	6306786	6306786	397391	397391	824319	824319	229884	229884	19734	19734	168746	168746	181158	181158	14269	14269	239834	239834
IND0047	11573794	11573794	12803131	12803131	1509888	1509888	2352025	2352025	55999	55999	234746	234746	237821	237821	66620	66620	63672	63672	174461	174461
IND0048	15250726	15250726	6296958	6296958	538432	538432	2758775	2758775	64755	64755	251555	251555	13522	13522	163674	163674	133913	133913	154712	154712
IND0049	6386162	6386162	3668952	3668952	3100514	3100514	1245829	1245829	92664	92664	241783	241783	245810	245810	109561	109561	164508	164508	207732	207732
IND0050	982401	982401	15759685	15759685	3208770	3208770	411154	411154	255469	255469	111706	111706	160243	160243	251783	251783	73730	73730	184896	184896
IND0051	9416544	9416544	11160428	11160428	2857979	2857979	998072	998072	24406	24406	195700	195700	234161	234161	155727	155727	93182	93182	100558	100558
IND0052	11223829	11223829	10184023	10184023	2014934	2014934	1731487	1731487	202813	202813	82758	82758	57781	57781	70454	70454	213565	213565	22475	22475
IND0053	5652598	5652598	9471481	9471481	497283	497283	543492	543492	135633	135633	260376	260376	151557	151557	121739	121739	134137	134137	81247	81247
IND0054	7245248	7245248	3759032	3759032	1077786	1077786	2577470	2577470	164235	164235	167817	167817	130878	130878	102525	102525	178277	178277	232327	232327
IND0055	6161658	6161658	13791420	13791420	2603813	2603813	1391855	1391855	186850	186850	87142	87142	122285	122285	43374	43374	118977	118977	174462	174462
IND0056	6930983	6930983	13769738	13769738	414401	414401	309923	309923	185447	185447	216574	216574	90558	90558	85880	85880	29146	29146	210009	210009
IND0057	11146405	11146405	5698996	5698996	186406	186406	532463	532463	171259	171259	25331	25331	53835	53835	84454	84454	115646	115646	12635	12635
IND0058	12910659	12910659	2450569	2450569	3687266	3687266	3917831	3917831	140139	140139	203552	203552	164042	164042	147566	147566	2971	2971	15106	15106
IND0059	2868528	2868528	13811739	13811739	4160287	4160287	573751	573751	73405	73405	256310	256310	183909	183909	259233	259233	75253	75253	94976	94976
IND0060	4330022	4330022	9471932	9471932	3766118	3766118	2793822	2793822	50889	50889	230339	230339	166413	166413	259413	259413	239220	239220	68443	68443
IND0061	15163274	15163274	12996069	12996069	2796142	2796142	1572917	1572917	243948	243948	213907	213907	195349	195349	78313	78313	211768	211768	49747	49747
IND0062	13389593	13389593	1651438	1651438	3994411	3994411	323964	323964	200427	200427	30739	30739	84970	84970	57946	57946	109181	109181	195793	195793
IND0063	15742134	15742134	13999021	13999021	3986980	3986980	3421686	3421686	22920	22920	147506	147506	95176	95176	81207	81207	173680	173680	222522	222522
IND0064	6066024	6066024	10288969	10288969	4055715	4055715	2666101	2666101	69478	69478	221790	221790	174395	174395	221852	221852	145032	145032	114849	114849
IND0065	12316604	12316604	4467124	4467124	1243345	1243345	3921096	3921096	163430	163430	232153	232153	193046	193046	233491	233491	227076	227076	18125	18125
IND0066	1353633	1353633	7134219	7134219	2438380	2438380	202770	202770	159757	159757	156875	156875	40450	40450	244824	244824	58919	58919	183528	183528
IND0067	2987313	2987313	7290481	7290481	747361	747361	3859087	3859087	136138	136138	11302	11302	98932	98932	41464	41464	119789	119789	119206	119206
IND0068	545517	545517	213836	213836	3451789	3451789	268704	268704	237300	237300	248715	248715	19370	19370	139995	139995	34056	34056	67980	67980
IND0069	10623635	10623635	14624308	14624308	1909911	1909911	2944833	2944833	97913	97913	201231	201231	56642	56642	239695	239695	84341	84341	90742	90742
IND0070	3936118	3936118	2609505	2609505	2187410	2187410	1289290	1289290	188882	188882	61444	61444	52949	52949	248440	248440	5084	5084	227032	227032
IND0071	345909	345909	2050214	2050214	2274802	2274802	3425405	3425405	1060	1060	47247	47247	202715	202715	231421	231421	35324	35324	68300	68300
IND0072	7847105	7847105	7341893	7341893	2360426	2360426	3160262	3160262	69630	69630	245549	245549	261171	261171	223987	223987	179273	179273	8989	8989
IND0073	6114941	6114941	12927322	12927322	1777647	1777647	3925727	3925727	38655	38655	146444	146444	246598	246598	211359	211359	145792	145792	123120	123120
IND0074	1369582	1369582	16329435	16329435	3603684	3603684	651241	651241	39654	39654	125826	125826	16032	16032	45506	45506	143846	143846	15891	15891
IND0075	8247652	8247652	14856867	14856867	3818483	3818483	3183947	3183947	255821	255821	196102	196102	48029	48029	248987	248987	205322	205322	62054	62054
IND0076	658796	658796	9495170	9495170	1462147	1462147	2840455	2840455	204248	204248	97472	97472	41740	41740	241874	241874	114141	114141	176661	176661
IND0077	13098267	13098267	14292859	14292859	3899491	3899491	3557268	3557268	245998	245998	91297	91297	151482	151482	197745	197745	118775	118775	222066	222066
IND0078	2117172	2117172	933135	933135	3067749	3067749	3569717	3569717	30878	30878	188765	188765	1613	1613	64524	64524	105417	105417	25396	25396
IND0079	6518387	6518387	8649030	8649030	810764	810764	1565632	1565632	77157	77157	234055	234055	198443	198443	29756	29756	176779	176779	78918	78918
IND0080	13405448	13405448	13192377	13192377	1425169	1425169	32976	32976	248161	248161	114009	114009	193927	193927	12355	12355	128157	128157	262102	262102
IND0081	14808734	14808734	4852600	4852600	1189635	1189635	2510102	2510102	27174	27174	207132	207132	64503	64503	250524	250524	122595	122595	148253	148253
IND0082	2105416	2105416	5918160	5918160	3530900	3530900	3219618	3219618	138755	138755	132703	132703	181827	181827	157246	157246	241545	241545	67223	67223
IND0083	993123	993123	1194861	1194861	443502	443502	2342169	2342169	43807	43807	16036	16036	50084	50084	34400	34400	160898	160898	129127	129127
IND0084	10856997	10856997	12872461	12872461	2445958	2445958	2007210	2007210	130908	130908	193143	193143	158412	158412	41671	41671	27152	27152	112498	112498
IND0085	11267939	11267939	11098498	11098498	1393783	1393783	1990744	1990744	86350	86350	28022	28022	169480	169480	32252	32252	97756	97756	250350	250350
IND0086	11724613	11724613	12520056	12520056	1551972	1551972	117174	117174	108945	108945	170201	170201	165599	165599	241085	241085	184239	184239	192336	192336
IND0087	5143355	5143355	11251583	11251583	1228951	1228951	1716481	1716481	137251	137251	86784	86784	154567	154567	191636	191636	175375	175375	227830	227830
IND0088	562616	562616	5758950	5758950	721575	721575	3183260	3183260	6049	6049	223947	223947	259958	259958	143552	143552	16307	16307	249046	249046
IND0089	5874893	5874893	107864	107864	3004963	3004963	2294064	2294064	79901	79901	203052	203052	15708	15708	170288	170288	176560	176560	145270	145270
IND0090	771240	771240	7343634	7343634	652473	652473	1667812	1667812	41559	41559	149277	149277	259551	259551	165952	165952	121388	121388	215604	215604
IND0091	4737543	4737543	8875542	8875542	230834	230834	2612466	2612466	19061	19061	112659	112659	209609	209609	61980	61980	190988	190988	86309	86309
IND0092	10573707	10573707	10020834	10020834	1230301	1230301	2480095	2480095	112536	112536	251503	251503	251151	251151	27487	27487	107912	107912	18599	18599
IND0093	15238745	15238745	15002684	15002684	559095	559095	1103701	1103701	1958	1958	55221	55221	69901	69901	245140	245140	140661	140661	93001	93001
IND0094	8026318	8026318	868594	868594	765971	765971	1667640	1667640	198871	198871	76667	76667	170026	170026	98842	98842	60463	60463	107973	107973
IND0095	5008395	5008395	7761807	7761807	1382059	1382059	1656090	1656090	186742	186742	176263	176263	106921	106921	30849	30849	145185	145185	185564	185564
IND0096	15225812	15225812	14305802	14305802	3810166	3810166	3799701	3799701	234447	234447	256692	256692	230048	230048	198486	198486	168553	168553	231950	231950
IND0097	10417622	10417622	1830673	1830673	1267585	1267585	2373768	2373768	79513	79513	188121	188121	10703	10703	60588	60588	36794	36794	233259	233259
IND0098	10572803	10572803	13268793	13268793	42724	42724	1281705	1281705	57880	57880	59254	59254	176185	176185	186306	186306	106881	106881	212357	212357
IND0099	7197484	7197484	12819408	12819408	76623	76623	3833776	3833776	64850	64850	127629	127629	132819	132819	141869	141869	200912	200912	179053	179053
IND0100	16106651	16106651	15359734	15359734	3717489	3717489	3017205	3017205	97519	97519	176411	176411	51227	51227	196629	196629	114772	114772	163221	163221
IND0101	9043609	9043609	11675806	11675806	3609187	3609187	3464154	3464154	227876	227876	14599	14599	214580	214580	160840	160840	77336	77336	229167	229167
IND0102	6721882	6721882	12046229	12046229	3138997	3138997	757482	757482	128925	128925	116927	116927	244726	244726	10547	10547	7530	7530	170431	170431
IND0103	3607813	3607813	10099592	10099592	3331138	3331138	1039562	1039562	221544	221544	181871	181871	152973	152973	142489	142489	216737	216737	248602	248602
IND0104	5220702	5220702	436463	436463	2157930	2157930	1809701	1809701	126915	126915	166559	166559	243029	243029	38123	38123	163641	163641	97884	97884
IND0105	16108731	16108731	7051899	7051899	2629707	2629707	3975179	3975179	80390	80390	197430	197430	258013	258013	146444	146444	58185	58185	99328	99328
IND0106	2042660	2042660	12498284	12498284	1340584	1340584	2694935	2694935	14288	14288	41976	41976	199020	199020	99234	99234	56041	56041	57862	57862
IND0107	8310661	8310661	7803606	7803606	428015	428015	2246782	2246782	95281	95281	215716	215716	92124	92124	119221	119221	24916	24916	149718	149718
IND0108	8894217	8894217	2038159	2038159	2455431	2455431	3674639	3674639	132895	132895	143262	143262	55971	55971	94049	94049	157425	157425	110131	110131
IND0109	5630716	5630716	12995282	12995282	2957634	2957634	3918870	3918870	48429	48429	139863	139863	104435	104435	7327	7327	105990	105990	111521	111521
IND0110	869004	869004	5038755	5038755	1550908	1550908	3928683	3928683	194772	194772	222663	222663	232038	232038	112341	112341	228891	228891	210858	210858
IND0111	12310923	12310923	5606774	5606774	3393520	3393520	265263	265263	107436	107436	88181	88181	221103	221103	48566	48566	115987	115987	47727	47727
IND0112	8983002	8983002	4731341	4731341	4184131	4184131	4139510	4139510	199236	199236	8308	8308	53853	53853	10093	10093	191458	191458	212067	212067
IND0113	6793034	6793034	11837285	11837285	2089907	2089907	892903	892903	260674	260674	66081	66081	163800	163800	163238	163238	42221	42221	11519	11519
IND0114	2906686	2906686	9970772	9970772	1856746	1856746	3161530	3161530	57264	57264	179863	179863	230237	230237	204135	204135	254390	254390	235766	235766
IND0115	4949296	4949296	6598951	6598951	2241825	2241825	4122508	4122508	132028	132028	157099	157099	129565	129565	127737	127737	140454	140454	128974	128974
IND0116	14040378	14040378	9405072	9405072	1314318	1314318	2500522	2500522	33793	33793	254814	254814	13782	13782	247917	247917	29857	29857	99244	99244
IND0117	6710808	6710808	14099855	14099855	2552445	2552445	767027	767027	125719	125719	153854	153854	249237	249237	124788	124788	13383	13383	230343	230343
IND0118	9521894	9521894	7619107	7619107	211641	211641	396442	396442	236937	236937	95749	95749	135474	135474	77567	77567	260174	260174	216055	216055
IND0119	1467222	1467222	10305675	10305675	1650142	1650142	2806552	2806552	82397	82397	111057	111057	74247	74247	238856	238856	209503	209503	140817	140817
IND0120	2207050	2207050	4169214	4169214	276784	276784	1107416	1107416	179383	179383	137094	137094	3754	3754	68466	68466	70950	70950	184572	184572
IND0121	10414335	10414335	1961688	1961688	115013	115013	685138	685138	44524	44524	106148	106148	100722	100722	259261	259261	260735	260735	33658	33658
IND0122	569329	569329	9346714	9346714	855245	855245	2141233	2141233	259557	259557	146445	146445	254944	254944	248599	248599	260987	260987	104326	104326
IND0123	13215431	13215431	7163824	7163824	1554019	1554019	2810290	2810290	174456	174456	200247	200247	215080	215080	88185	88185	26880	26880	253270	253270
IND0124	16266725	16266725	7708751	7708751	2477138	2477138	3761834	3761834	49791	49791	256000	256000	97033	97033	121427	121427	105171	105171	155251	155251
IND0125	14454998	14454998	9044719	9044719	2901497	2901497	14544	14544	128835	128835	254645	254645	165325	165325	14247	14247	190407	190407	227560	227560
IND0126	9248794	9248794	14528222	14528222	3977849	3977849	2407433	2407433	167188	167188	76610	76610	148199	148199	114737	114737	186268	186268	209080	209080
IND0127	14910253	14910253	15581989	15581989	3713663	3713663	4170112	4170112	259775	259775	214052	214052	137425	137425	50670	50670	19556	19556	239322	239322
IND0128	14248429	14248429	6362877	6362877	520888	520888	2193684	2193684	150049	150049	187635	187635	202131	202131	41934	41934	24441	24441	10351	10351
IND0129	7104620	7104620	7565212	7565212	3542611	3542611	4085299	4085299	24481	24481	103287	103287	108119	108119	226993	226993	137474	137474	40240	40240
IND0130	12475890	12475890	7890265	7890265	2812904	2812904	2598947	2598947	113808	113808	125125	125125	45540	45540	76801	76801	32551	32551	84747	84747
IND0131	965344	965344	16758686	16758686	1054559	1054559	3802246	3802246	234163	234163	206205	206205	21070	21070	14570	14570	135298	135298	23015	23015
IND0132	14231745	14231745	4528679	4528679	2158406	2158406	518878	518878	50687	50687	129095	129095	20037	20037	12837	12837	99872	99872	11107	11107
IND0133	2929234	2929234	3383343	3383343	1380026	1380026	3259780	3259780	245487	245487	60488	60488	162634	162634	120329	120329	97950	97950	256606	256606
IND0134	11524965	11524965	795075	795075	3912635	3912635	1000106	1000106	81241	81241	244857	244857	201428	201428	117663	117663	213635	213635	139794	139794
IND0135	2395055	2395055	3310676	3310676	3638120	3638120	1751725	1751725	191598	191598	8012	8012	146249	146249	172494	172494	226238	226238	91051	91051
IND0136	796123	796123	6020473	6020473	1386215	1386215	139236	139236	206883	206883	3665	3665	52968	52968	219567	219567	115389	115389	60560	60560
IND0137	10767091	10767091	16284919	16284919	2490133	2490133	4050318	4050318	23061	23061	156483	156483	230107	230107	248270	248270	192446	192446	161064	161064
IND0138	2803817	2803817	8824502	8824502	3134113	3134113	1664970	1664970	165727	165727	143672	143672	20215	20215	94791	94791	67994	67994	208476	208476
IND0139	11803496	11803496	4715779	4715779	132170	132170	854737	854737	183740	183740	234408	234408	68057	68057	82339	82339	176436	176436	91279	91279
IND0140	11953919	11953919	12434936	12434936	1062976	1062976	3153792	3153792	27535	27535	28617	28617	8442	8442	40412	40412	27210	27210	87732	87732
IND0141	1979653	1979653	6106889	6106889	132195	132195	176670	176670	173136	173136	86639	86639	214069	214069	194381	194381	60851	60851	45998	45998
IND0142	550653	550653	7209989	7209989	3824065	3824065	177395	177395	202232	202232	156243	156243	82398	82398	173239	173239	111122	111122	4685	4685
IND0143	12063579	12063579	3468768	3468768	2996936	2996936	2958619	2958619	164371	164371	63769	63769	48442	48442	67159	67159	203309	203309	13110	13110
IND0144	4580527	4580527	6568656	6568656	3698032	3698032	637277	637277	60815	60815	250056	250056	65245	65245	52476	52476	44057	44057	57612	57612
IND0145	2357580	2357580	9499083	9499083	794379	794379	4077202	4077202	133046	133046	126503	126503	186155	186155	105169	105169	57692	57692	113351	113351
IND0146	14097900	14097900	699569	699569	876075	876075	1265977	1265977	126565	126565	149574	149574	48347	48347	167350	167350	203563	203563	16901	16901
IND0147	7525889	7525889	2931832	2931832	3986940	3986940	4097178	4097178	82308	82308	41603	41603	111135	111135	125062	125062	181217	181217	187754	187754
IND0148	13936998	13936998	13107321	13107321	382900	382900	2499731	2499731	220407	220407	260019	260019	82826	82826	151864	151864	176520	176520	216702	216702
IND0149	8604349	8604349	3601567	3601567	3592865	3592865	875067	875067	46429	46429	99239	99239	48010	48010	14702	14702	89345	89345	111978	111978
IND0150	13731949	13731949	8268618	8268618	564322	564322	201231	201231	209550	209550	7362	7362	256045	256045	224556	224556	103057	103057	256157	256157
IND0151	8627036	8627036	12371311	12371311	327976	327976	2911916	2911916	169149	169149	2169	2169	85267	85267	124822	124822	218268	218268	131386	131386
IND0152	12468491	12468491	6690941	6690941	2022699	2022699	2782753	2782753	57341	57341	40471	40471	139133	139133	231175	231175	42629	42629	115476	115476
IND0153	8650532	8650532	2471204	2471204	227403	227403	3800338	3800338	145388	145388	203661	203661	17983	17983	113541	113541	193421	193421	141462	141462
IND0154	14415782	14415782	7859625	7859625	2016683	2016683	951655	951655	157341	157341	105540	105540	158027	158027	99160	99160	226139	226139	57523	57523
IND0155	6362963	6362963	16040356	16040356	1213055	1213055	2256859	2256859	168533	168533	57673	57673	146104	146104	125014	125014	113144	113144	101599	101599
IND0156	9393720	9393720	3735877	3735877	293954	293954	3300397	3300397	234055	234055	207290	207290	105180	105180	84003	84003	15301	15301	209067	209067
IND0157	4848376	4848376	3880783	3880783	2415191	2415191	513032	513032	39239	39239	123545	123545	81595	81595	158630	158630	128416	128416	23902	23902
IND0158	94770	94770	14238859	14238859	2053625	2053625	3418912	3418912	179562	179562	216627	216627	128247	128247	194029	194029	180678	180678	212252	212252
IND0159	15995538	15995538	12445058	12445058	1469213	1469213	3351588	3351588	65924	65924	12832	12832	12053	12053	1865	1865	40534	40534	155738	155738
IND0160	8181021	8181021	12423596	12423596	2399133	2399133	3581541	3581541	7887	7887	193910	193910	203715	203715	60137	60137	154395	154395	72262	72262
IND0161	2404838	2404838	15388950	15388950	872565	872565	2146934	2146934	138292	138292	82279	82279	249708	249708	146361	146361	232406	232406	86813	86813
IND0162	11048416	11048416	882185	882185	4179212	4179212	688580	688580	226271	226271	111656	111656	161382	161382	206950	206950	29838	29838	206879	206879
IND0163	1694589	1694589	1097090	1097090	840158	840158	2312961	2312961	249963	249963	145279	145279	244067	244067	183292	183292	50000	50000	140526	140526
IND0164	6476188	6476188	673930	673930	2971033	2971033	384582	384582	146532	146532	146459	146459	48090	48090	92637	92637	234119	234119	50794	50794
IND0165	10496901	10496901	7697913	7697913	1817078	1817078	2300207	2300207	50862	50862	39552	39552	136218	136218	80377	80377	209109	209109	204390	204390
IND0166	6921235	6921235	7033197	7033197	2491789	2491789	3964852	3964852	7307	7307	94992	94992	45984	45984	111766	111766	214102	214102	147961	147961
IND0167	13107860	13107860	3087047	3087047	658312	658312	1162410	1162410	221080	221080	197502	197502	57902	57902	131795	131795	163496	163496	245634	245634
IND0168	10472879	10472879	11697110	11697110	526089	526089	3820558	3820558	195373	195373	48989	48989	260983	260983	19443	19443	147944	147944	158989	158989
IND0169	12301973	12301973	2696476	2696476	282860	282860	3784705	3784705	41432	41432	33042	33042	72591	72591	49851	49851	93011	93011	72166	72166
IND0170	13331429	13331429	7469293	7469293	1496798	1496798	1421307	1421307	216408	216408	141490	141490	159467	159467	241392	241392	235615	235615	229578	229578
IND0171	10786081	10786081	6310432	6310432	335651	335651	1312055	1312055	106785	106785	18736	18736	84323	84323	4953	4953	219566	219566	239332	239332
IND0172	112341	112341	10504637	10504637	1666202	1666202	3619198	3619198	170414	170414	195441	195441	17749	17749	34546	34546	214811	214811	211533	211533
IND0173	8242105	8242105	3649204	3649204	2023273	2023273	1690077	1690077	56182	56182	89354	89354	164345	164345	9233	9233	63066	63066	84829	84829
IND0174	11622917	11622917	2433274	2433274	1722259	1722259	1463833	1463833	2071	2071	241248	241248	207863	207863	135233	135233	90024	90024	182227	182227
IND0175	13761242	13761242	9612522	9612522	3113363	3113363	1554119	1554119	218434	218434	68060	68060	189247	189247	103922	103922	191868	191868	215639	215639
IND0176	10315593	10315593	9583765	9583765	532900	532900	1344627	1344627	182277	182277	127567	127567	127515	127515	95298	95298	128093	128093	18287	18287
IND0177	3289776	3289776	6119337	6119337	3147124	3147124	696265	696265	32841	32841	125881	125881	55562	55562	157651	157651	124611	124611	256620	256620
IND0178	12129283	12129283	12770133	12770133	2986991	2986991	2364347	2364347	162678	162678	157	157	252398	252398	170850	170850	39744	39744	29889	29889
IND0179	15496699	15496699	13175101	13175101	1729069	1729069	2898277	2898277	56148	56148	95807	95807	72038	72038	41114	41114	42248	42248	89681	89681
IND0180	14109972	14109972	2475646	2475646	4072698	4072698	1483843	1483843	96028	96028	90359	90359	248813	248813	67991	67991	218087	218087	145993	145993
IND0181	7965410	7965410	2143208	2143208	3732520	3732520	3061675	3061675	155922	155922	7798	7798	80919	80919	51491	51491	99	99	221495	221495
IND0182	1227122	1227122	6951908	6951908	1366670	1366670	2457864	2457864	70883	70883	1753	1753	146386	146386	105531	105531	147669	147669	247626	247626
IND0183	6058108	6058108	12129708	12129708	1031963	1031963	1183989	1183989	96535	96535	164962	164962	34885	34885	84245	84245	126201	126201	259331	259331
IND0184	4377909	4377909	14009436	14009436	3165367	3165367	268896	268896	132694	132694	62863	62863	214167	214167	240747	240747	139922	139922	48002	48002
IND0185	9652738	9652738	6777750	6777750	2206236	2206236	2563162	2563162	221686	221686	165264	165264	7549	7549	158845	158845	133159	133159	45283	45283
IND0186	5072900	5072900	7675916	7675916	1287920	1287920	1603596	1603596	143236	143236	140636	140636	199522	199522	228514	228514	56627	56627	155001	155001
IND0187	3946838	3946838	14079106	14079106	3970111	3970111	283681	283681	192552	192552	18711	18711	237009	237009	189741	189741	27389	27389	25525	25525
IND0188	8854279	8854279	5270670	5270670	2582688	2582688	2600520	2600520	27005	27005	121212	121212	250675	250675	167863	167863	79075	79075	259054	259054
IND0189	10654291	10654291	4578474	4578474	2747735	2747735	1045955	1045955	200002	200002	29402	29402	102099	102099	61134	61134	202398	202398	85858	85858
IND0190	7487233	7487233	4094502	4094502	3586884	3586884	82752	82752	199976	199976	201103	201103	203401	203401	104438	104438	2613	2613	175509	175509
IND0191	14993824	14993824	32561	32561	4005056	4005056	7814	7814	220305	220305	198500	198500	73899	73899	41989	41989	165853	165853	208453	208453
IND0192	12985837	12985837	13574072	13574072	2333842	2333842	1528219	1528219	25390	25390	239492	239492	42580	42580	37413	37413	1837	1837	149572	149572
IND0193	5828272	5828272	6384535	6384535	1863165	1863165	46389	46389	108357	108357	172995	172995	241455	241455	66194	66194	144013	144013	76004	76004
IND0194	2487066	2487066	4769180	4769180	1054973	1054973	1155708	1155708	76866	76866	105559	105559	120263	120263	116467	116467	150671	150671	214066	214066
IND0195	10070726	10070726	34628	34628	1646323	1646323	1066973	1066973	158587	158587	74229	74229	146376	146376	179371	179371	21521	21521	124456	124456
IND0196	2598538	2598538	8906669	8906669	1338502	1338502	4064231	4064231	256730	256730	154069	154069	179898	179898	238291	238291	189427	189427	28508	28508
IND0197	12155921	12155921	13422836	13422836	821792	821792	2554564	2554564	170140	170140	12710	12710	191549	191549	181323	181323	31681	31681	174735	174735
IND0198	10836572	10836572	7858062	7858062	2031585	2031585	3569523	3569523	112823	112823	223945	223945	185548	185548	83330	83330	579	579	257060	257060
IND0199	6340126	6340126	10883844	10883844	3113166	3113166	290458	290458	20349	20349	172873	172873	107683	107683	9115	9115	82633	82633	242390	242390
IND0200	10953201	10953201	6801368	6801368	257899	257899	3866446	3866446	37666	37666	177465	177465	117997	117997	209830	209830	153483	153483	237784	237784
