ID	hap_1_1	hap_1_1	hap_1_2	hap_1_2	hap_2_1	hap_2_1	hap_2_2	hap_2_2	hap_3_1	hap_3_1	hap_3_2	hap_3_2	hap_4_1	hap_4_1	hap_4_2	hap_4_2	hap_5_1	hap_5_1	hap_5_2	hap_5_2
IND0001	132096086	132096086	909942174	909942174	9078	9078	162657	162657	23602	23602	123833	123833	104402	104402	56886	56886	440	440	23813	23813
IND0002	439527544	439527544	363486034	363486034	4242	4242	201895	201895	457594	457594	45830	45830	32197	32197	74053	74053	11895	11895	31886	31886
IND0003	965819120	965819120	179581081	179581081	168352	168352	216504	216504	437914	437914	837946	837946	52317	52317	9250	9250	23312	23312	31890	31890
IND0004	448679643	448679643	226987072	226987072	238249	238249	236072	236072	718014	718014	757434	757434	45192	45192	9560	9560	12418	12418	2661	2661
IND0005	974176109	974176109	707400588	707400588	158790	158790	7538	7538	228279	228279	591634	591634	82325	82325	63129	63129	20335	20335	14878	14878
IND0006	422094136	422094136	882701462	882701462	152739	152739	153486	153486	488944	488944	1035080	1035080	43156	43156	46654	46654	26010	26010	24932	24932
IND0007	711909254	711909254	567053703	567053703	122614	122614	224161	224161	89939	89939	176622	176622	80544	80544	18437	18437	29433	29433	4793	4793
IND0008	1032682548	1032682548	321688584	321688584	18392	18392	195220	195220	791541	791541	571408	571408	25626	25626	20776	20776	1811	1811	3007	3007
IND0009	696935159	696935159	179111969	179111969	52511	52511	156288	156288	397496	397496	967445	967445	35819	35819	106713	106713	32229	32229	11178	11178
IND0010	246624741	246624741	837337116	837337116	170292	170292	76223	76223	718772	718772	258263	258263	37487	37487	1843	1843	8497	8497	12455	12455
IND0011	219914762	219914762	849004977	849004977	250698	250698	61336	61336	538861	538861	149139	149139	104467	104467	109774	109774	12309	12309	2438	2438
IND0012	159890812	159890812	229466228	229466228	197874	197874	234702	234702	489254	489254	189614	189614	73380	73380	36454	36454	11051	11051	9826	9826
IND0013	866086822	866086822	368911108	368911108	65345	65345	134873	134873	761790	761790	946360	946360	111589	111589	34978	34978	32000	32000	24385	24385
IND0014	170028590	170028590	205681628	205681628	225302	225302	112947	112947	42741	42741	224688	224688	2984	2984	46617	46617	6831	6831	4925	4925
IND0015	408418411	408418411	745838104	745838104	174067	174067	186278	186278	841107	841107	623215	623215	60845	60845	120774	120774	2873	2873	14314	14314
IND0016	496940057	496940057	507310305	507310305	54805	54805	143164	143164	1042735	1042735	641433	641433	29028	29028	102400	102400	7544	7544	31042	31042
IND0017	81442781	81442781	824802441	824802441	155070	155070	103840	103840	566940	566940	63810	63810	116995	116995	125833	125833	6800	6800	8027	8027
IND0018	790603571	790603571	613297459	613297459	197883	197883	235914	235914	748397	748397	647386	647386	44274	44274	41492	41492	5657	5657	24119	24119
IND0019	82560495	82560495	1058446689	1058446689	206320	206320	91538	91538	607206	607206	41509	41509	29264	29264	120144	120144	3608	3608	19584	19584
IND0020	451744314	451744314	443715821	443715821	249846	249846	179724	179724	611445	611445	783361	783361	73081	73081	20304	20304	7038	7038	16939	16939
IND0021	70166328	70166328	153250009	153250009	172822	172822	211626	211626	4588	4588	662579	662579	62280	62280	97496	97496	26148	26148	25197	25197
IND0022	246820283	246820283	50191372	50191372	12927	12927	213195	213195	767143	767143	753029	753029	7221	7221	18363	18363	8131	8131	14140	14140
IND0023	467320914	467320914	3048053	3048053	106696	106696	13238	13238	353001	353001	1000861	1000861	102771	102771	120081	120081	7584	7584	18585	18585
IND0024	48450701	48450701	328045374	328045374	229482	229482	68221	68221	847238	847238	4219	4219	6812	6812	51079	51079	25616	25616	4905	4905
IND0025	980237375	980237375	689165029	689165029	94672	94672	108774	108774	624847	624847	538774	538774	66866	66866	101958	101958	11328	11328	14192	14192
IND0026	145038822	145038822	453869577	453869577	47465	47465	38974	38974	1020565	1020565	747	747	51377	51377	129408	129408	9408	9408	29540	29540
IND0027	822855345	822855345	747459473	747459473	69920	69920	190790	190790	354833	354833	616388	616388	45310	45310	71834	71834	14673	14673	28075	28075
IND0028	340416136	340416136	184097832	184097832	192666	192666	153009	153009	809221	809221	1695	1695	3079	3079	42364	42364	25478	25478	10607	10607
IND0029	260337219	260337219	1056619376	1056619376	122561	122561	206339	206339	298326	298326	222771	222771	89213	89213	95665	95665	26964	26964	12987	12987
IND0030	950994868	950994868	79792368	79792368	59063	59063	54766	54766	869906	869906	635247	635247	49263	49263	93642	93642	30573	30573	22736	22736
IND0031	674318142	674318142	176214790	176214790	37391	37391	54206	54206	346502	346502	366340	366340	121013	121013	36766	36766	21165	21165	8568	8568
IND0032	76600412	76600412	133680822	133680822	221351	221351	209990	209990	1007811	1007811	507888	507888	71637	71637	84539	84539	5384	5384	3680	3680
IND0033	279339650	279339650	850827821	850827821	48621	48621	62875	62875	685206	685206	723499	723499	63399	63399	118126	118126	1051	1051	26798	26798
IND0034	873271770	873271770	878157838	878157838	165915	165915	104936	104936	281072	281072	341609	341609	40971	40971	48905	48905	10715	10715	14775	14775
IND0035	376967489	376967489	579668601	579668601	28678	28678	162547	162547	150043	150043	485538	485538	14285	14285	121876	121876	29717	29717	16309	16309
IND0036	178856244	178856244	698669995	698669995	199953	199953	66836	66836	337395	337395	531311	531311	127524	127524	112055	112055	5418	5418	29483	29483
IND0037	727549419	727549419	694351549	694351549	230600	230600	215232	215232	761658	761658	591903	591903	90716	90716	119978	119978	9389	9389	3252	3252
IND0038	335731658	335731658	542253776	542253776	40859	40859	158154	158154	126064	126064	570233	570233	8954	8954	37252	37252	18040	18040	24513	24513
IND0039	508680722	508680722	569540088	569540088	43708	43708	183703	183703	1036761	1036761	112136	112136	77331	77331	12688	12688	18422	18422	30541	30541
IND0040	545217944	545217944	471177793	471177793	173793	173793	59547	59547	232363	232363	34374	34374	89257	89257	1414	1414	5135	5135	23906	23906
IND0041	346468062	346468062	107609540	107609540	43663	43663	152831	152831	360647	360647	74922	74922	130937	130937	74844	74844	8017	8017	26436	26436
IND0042	971867937	971867937	172493606	172493606	169790	169790	230602	230602	297953	297953	1009782	1009782	114348	114348	112984	112984	15322	15322	2748	2748
IND0043	610441392	610441392	415213594	415213594	149008	149008	95173	95173	828415	828415	360610	360610	28818	28818	2311	2311	5467	5467	29542	29542
IND0044	438901200	438901200	340997105	340997105	41064	41064	253701	253701	25603	25603	788497	788497	29383	29383	126340	126340	15883	15883	5902	5902
IND0045	1019218246	1019218246	194283988	194283988	52177	52177	67828	67828	603889	603889	428973	428973	91603	91603	100949	100949	9468	9468	9721	9721
IND0046	665217681	665217681	168516475	168516475	66633	66633	38933	38933	876842	876842	299137	299137	56359	56359	47022	47022	14530	14530	20456	20456
IND0047	280522377	280522377	842152106	842152106	73045	73045	257903	257903	947882	947882	100018	100018	11635	11635	117402	117402	4345	4345	8612	8612
IND0048	611571764	611571764	366278771	366278771	54518	54518	91028	91028	876890	876890	54439	54439	16669	16669	35055	35055	17423	17423	24227	24227
IND0049	226070702	226070702	626731779	626731779	143614	143614	180130	180130	96919	96919	249609	249609	21094	21094	48336	48336	28323	28323	29164	29164
IND0050	367068771	367068771	792474142	792474142	9062	9062	249614	249614	1036391	1036391	663694	663694	18545	18545	105445	105445	10989	10989	29197	29197
IND0051	712379666	712379666	471053901	471053901	84592	84592	136790	136790	816643	816643	84339	84339	83520	83520	104995	104995	18935	18935	32699	32699
IND0052	406502036	406502036	191202034	191202034	219516	219516	123283	123283	68399	68399	615412	615412	117473	117473	93267	93267	20504	20504	20597	20597
IND0053	224852570	224852570	777797461	777797461	221832	221832	157053	157053	414490	414490	434560	434560	416	416	94372	94372	5789	5789	29175	29175
IND0054	133032931	133032931	628425135	628425135	33420	33420	223789	223789	933380	933380	811176	811176	24670	24670	89821	89821	2819	2819	1140	1140
IND0055	268586230	268586230	830712817	830712817	199515	199515	61904	61904	757634	757634	112342	112342	43032	43032	68360	68360	25359	25359	28041	28041
IND0056	60198793	60198793	642655813	642655813	88947	88947	47215	47215	775036	775036	455260	455260	32028	32028	34130	34130	6069	6069	3180	3180
IND0057	351399176	351399176	116410182	116410182	99184	99184	237327	237327	623833	623833	381527	381527	130139	130139	71118	71118	28261	28261	14790	14790
IND0058	950108356	950108356	677064888	677064888	8840	8840	129390	129390	258100	258100	115606	115606	4049	4049	46229	46229	14784	14784	17229	17229
IND0059	33897896	33897896	217907221	217907221	189800	189800	72012	72012	274295	274295	232710	232710	22707	22707	24661	24661	25296	25296	19229	19229
IND0060	538737702	538737702	762622668	762622668	39204	39204	174359	174359	366905	366905	122882	122882	12069	12069	94611	94611	18410	18410	10270	10270
IND0061	710490537	710490537	515130063	515130063	69885	69885	259168	259168	365962	365962	38186	38186	46362	46362	41912	41912	28893	28893	26873	26873
IND0062	27594956	27594956	651673200	651673200	202391	202391	28094	28094	440591	440591	292485	292485	61038	61038	11534	11534	8487	8487	2861	2861
IND0063	85987683	85987683	667188166	667188166	121058	121058	204882	204882	496605	496605	152805	152805	69322	69322	56398	56398	23593	23593	30679	30679
IND0064	606070360	606070360	673475627	673475627	145619	145619	100850	100850	927492	927492	942393	942393	45872	45872	24424	24424	25931	25931	21421	21421
IND0065	639076767	639076767	1036679816	1036679816	232456	232456	172621	172621	616148	616148	33707	33707	20670	20670	69027	69027	26258	26258	14712	14712
IND0066	334504271	334504271	892906182	892906182	91040	91040	196972	196972	357877	357877	580627	580627	63255	63255	63449	63449	6078	6078	5385	5385
IND0067	406758916	406758916	318244702	318244702	256135	256135	27557	27557	146417	146417	200778	200778	94627	94627	78823	78823	27773	27773	8147	8147
IND0068	652011704	652011704	656614853	656614853	21401	21401	32204	32204	755176	755176	124017	124017	100673	100673	35960	35960	13437	13437	22203	22203
IND0069	153115149	153115149	845382638	845382638	39478	39478	54767	54767	86740	86740	398402	398402	114362	114362	48243	48243	6219	6219	12685	12685
IND0070	83077095	83077095	924508278	924508278	153887	153887	97154	97154	857478	857478	215488	215488	69571	69571	8572	8572	18170	18170	22423	22423
IND0071	664637302	664637302	216738530	216738530	216621	216621	257672	257672	520494	520494	537296	537296	13895	13895	70448	70448	7633	7633	2163	2163
IND0072	1053361981	1053361981	270495317	270495317	151789	151789	117876	117876	488360	488360	52603	52603	120367	120367	70427	70427	26345	26345	1872	1872
IND0073	55926470	55926470	238084668	238084668	193275	193275	199520	199520	150990	150990	77340	77340	51912	51912	74698	74698	4985	4985	17703	17703
IND0074	553261065	553261065	702630225	702630225	116044	116044	191781	191781	292053	292053	56736	56736	37787	37787	83224	83224	19456	19456	23103	23103
IND0075	167834832	167834832	234758729	234758729	144056	144056	48367	48367	529407	529407	792035	792035	3489	3489	26254	26254	15392	15392	7718	7718
IND0076	176384379	176384379	744379312	744379312	127177	127177	131229	131229	263646	263646	151166	151166	102565	102565	116629	116629	16340	16340	10501	10501
IND0077	354660045	354660045	353685377	353685377	4779	4779	74631	74631	1014284	1014284	800967	800967	130039	130039	12531	12531	29899	29899	20838	20838
IND0078	631712674	631712674	918354311	918354311	16422	16422	27358	27358	1040198	1040198	668914	668914	59409	59409	71859	71859	5950	5950	21479	21479
IND0079	605515030	605515030	483603043	483603043	70994	70994	120812	120812	71824	71824	18828	18828	97619	97619	88978	88978	29061	29061	18808	18808
IND0080	312673263	312673263	541322776	541322776	10147	10147	118258	118258	352444	352444	648213	648213	97916	97916	5428	5428	3607	3607	15094	15094
IND0081	266955209	266955209	344501038	344501038	178878	178878	192170	192170	387666	387666	347794	347794	96430	96430	64065	64065	28910	28910	4254	4254
IND0082	454938406	454938406	591694762	591694762	84065	84065	95986	95986	720092	720092	733687	733687	108113	108113	64681	64681	11142	11142	4416	4416
IND0083	913134928	913134928	140577442	140577442	255946	255946	180019	180019	76180	76180	382848	382848	72913	72913	87474	87474	24285	24285	22071	22071
IND0084	598701342	598701342	354911048	354911048	176238	176238	202934	202934	641357	641357	1044040	1044040	104651	104651	74195	74195	2737	2737	16228	16228
IND0085	37190356	37190356	22190631	22190631	83752	83752	51390	51390	691031	691031	501202	501202	12585	12585	97674	97674	29563	29563	9368	9368
IND0086	843054939	843054939	615648421	615648421	249723	249723	205306	205306	469705	469705	852953	852953	4280	4280	109450	109450	13203	13203	24602	24602
IND0087	662626614	662626614	580605530	580605530	196472	196472	143927	143927	890961	890961	708710	708710	610	610	71690	71690	18571	18571	16707	16707
IND0088	346093400	346093400	557257387	557257387	248813	248813	255387	255387	832206	832206	870119	870119	103492	103492	113781	113781	23963	23963	30981	30981
IND0089	206290907	206290907	196169837	196169837	256973	256973	202682	202682	224393	224393	156567	156567	88112	88112	98681	98681	30909	30909	22371	22371
IND0090	999333447	999333447	541435284	541435284	209946	209946	207203	207203	44759	44759	777299	777299	57308	57308	115597	115597	20100	20100	28045	28045
IND0091	931598039	931598039	24218332	24218332	113743	113743	163627	163627	363655	363655	14576	14576	13661	13661	38923	38923	28881	28881	6734	6734
IND0092	377668015	377668015	883039499	883039499	258800	258800	254017	254017	415537	415537	1033771	1033771	72274	72274	74772	74772	9046	9046	11101	11101
IND0093	406530834	406530834	995754910	995754910	163907	163907	107245	107245	1017308	1017308	875735	875735	102223	102223	124562	124562	31921	31921	17947	17947
IND0094	373722855	373722855	505774312	505774312	79565	79565	239496	239496	242154	242154	501691	501691	129040	129040	40219	40219	22620	22620	3131	3131
IND0095	53479841	53479841	66006447	66006447	151454	151454	236154	236154	945626	945626	439688	439688	11672	11672	58896	58896	6026	6026	10689	10689
IND0096	115043963	115043963	16680131	16680131	56888	56888	75217	75217	1010168	1010168	338747	338747	73414	73414	75563	75563	20278	20278	24532	24532
IND0097	523147278	523147278	139689176	139689176	256131	256131	95782	95782	597661	597661	170779	170779	64171	64171	1876	1876	14255	14255	26442	26442
IND0098	937738585	937738585	454003988	454003988	122063	122063	109474	109474	313093	313093	401955	401955	18318	18318	104432	104432	25488	25488	17841	17841
IND0099	264029879	264029879	782818772	782818772	233831	233831	227251	227251	628760	628760	339049	339049	102747	102747	13568	13568	20082	20082	8789	8789
IND0100	532790197	532790197	605501797	605501797	68613	68613	236100	236100	15707	15707	750085	750085	89720	89720	49772	49772	8299	8299	32074	32074
IND0101	708639400	708639400	343660439	343660439	76957	76957	184665	184665	938728	938728	416835	416835	15018	15018	71925	71925	30174	30174	20599	20599
IND0102	465613756	465613756	251114014	251114014	160051	160051	58488	58488	922701	922701	417823	417823	74996	74996	37548	37548	12381	12381	24402	24402
IND0103	495301029	495301029	869806388	869806388	92278	92278	168450	168450	658704	658704	243796	243796	47991	47991	105350	105350	23412	23412	30505	30505
IND0104	588300544	588300544	1019580409	1019580409	195061	195061	190163	190163	451405	451405	685957	685957	9416	9416	554	554	7132	7132	6580	6580
IND0105	263917860	263917860	528175173	528175173	203844	203844	124075	124075	502542	502542	680975	680975	16685	16685	77352	77352	5303	5303	9474	9474
IND0106	748852001	748852001	758207142	758207142	260314	260314	99369	99369	220012	220012	579944	579944	30640	30640	27863	27863	20768	20768	11479	11479
IND0107	900721142	900721142	647959310	647959310	68591	68591	99577	99577	171135	171135	858646	858646	28391	28391	13722	13722	21387	21387	8895	8895
IND0108	762118174	762118174	573339913	573339913	91149	91149	15538	15538	92824	92824	584167	584167	42369	42369	119058	119058	32176	32176	14976	14976
IND0109	1039118173	1039118173	48814596	48814596	235415	235415	160359	160359	568734	568734	19182	19182	89243	89243	95582	95582	20640	20640	20618	20618
IND0110	218184423	218184423	616107580	616107580	225239	225239	22313	22313	37446	37446	223731	223731	31072	31072	67421	67421	27432	27432	15944	15944
IND0111	62614098	62614098	934902713	934902713	103276	103276	236193	236193	370642	370642	84055	84055	9284	9284	72614	72614	13185	13185	20131	20131
IND0112	786775386	786775386	817369734	817369734	156733	156733	5258	5258	334088	334088	417764	417764	9654	9654	123774	123774	2657	2657	9064	9064
IND0113	855430293	855430293	260978915	260978915	108887	108887	128755	128755	975974	975974	953261	953261	22261	22261	18666	18666	13804	13804	16536	16536
IND0114	768632763	768632763	1000839990	1000839990	42465	42465	225887	225887	631508	631508	308204	308204	94975	94975	101663	101663	1716	1716	28882	28882
IND0115	803863417	803863417	720480076	720480076	260248	260248	31339	31339	20829	20829	190122	190122	18080	18080	118434	118434	13460	13460	21451	21451
IND0116	748667913	748667913	763605275	763605275	60421	60421	210747	210747	793053	793053	70065	70065	96248	96248	39653	39653	2448	2448	7310	7310
IND0117	1028182028	1028182028	395621986	395621986	163713	163713	95622	95622	141325	141325	165638	165638	77094	77094	112680	112680	178	178	19637	19637
IND0118	166960525	166960525	1014017880	1014017880	214167	214167	186471	186471	644932	644932	958645	958645	35948	35948	71733	71733	2316	2316	30473	30473
IND0119	881464920	881464920	1014403672	1014403672	126954	126954	206106	206106	373207	373207	982422	982422	24090	24090	36713	36713	168	168	29148	29148
IND0120	32273392	32273392	542089063	542089063	62500	62500	43342	43342	505121	505121	46710	46710	63461	63461	29831	29831	13074	13074	21269	21269
IND0121	585693484	585693484	417689907	417689907	127199	127199	103883	103883	161293	161293	155095	155095	70265	70265	37954	37954	21045	21045	6678	6678
IND0122	246659101	246659101	364094898	364094898	219318	219318	246942	246942	702825	702825	951907	951907	126249	126249	4559	4559	29452	29452	18343	18343
IND0123	498407325	498407325	656680654	656680654	132425	132425	77993	77993	906580	906580	556900	556900	68351	68351	24702	24702	11713	11713	23967	23967
IND0124	29961574	29961574	1063947079	1063947079	205009	205009	208871	208871	597600	597600	630834	630834	108103	108103	106594	106594	30209	30209	8573	8573
IND0125	533092703	533092703	430410285	430410285	143235	143235	33276	33276	426644	426644	819629	819629	118647	118647	31328	31328	30360	30360	25769	25769
IND0126	573502621	573502621	32593634	32593634	230224	230224	225522	225522	981718	981718	661605	661605	95239	95239	40826	40826	14497	14497	13379	13379
IND0127	1058893272	1058893272	806669854	806669854	79081	79081	69504	69504	203988	203988	860288	860288	19540	19540	106736	106736	15374	15374	18061	18061
IND0128	409976537	409976537	256335077	256335077	37723	37723	158518	158518	483807	483807	836031	836031	81633	81633	78814	78814	5309	5309	16252	16252
IND0129	797825747	797825747	230061296	230061296	192814	192814	167731	167731	442789	442789	231543	231543	3061	3061	57553	57553	5510	5510	9798	9798
IND0130	903020976	903020976	87032031	87032031	67223	67223	194520	194520	663379	663379	493829	493829	52	52	125467	125467	26090	26090	3316	3316
IND0131	998447183	998447183	623215820	623215820	96118	96118	43202	43202	464695	464695	148660	148660	53789	53789	47262	47262	15894	15894	10684	10684
IND0132	84719870	84719870	772261935	772261935	103069	103069	17807	17807	677130	677130	729068	729068	122140	122140	113373	113373	19011	19011	3799	3799
IND0133	237355189	237355189	249959416	249959416	179629	179629	49675	49675	123689	123689	439737	439737	50428	50428	49257	49257	28155	28155	32146	32146
IND0134	836277965	836277965	18763512	18763512	94751	94751	190202	190202	442294	442294	376754	376754	42669	42669	112975	112975	15385	15385	3220	3220
IND0135	19176173	19176173	457322251	457322251	98980	98980	6018	6018	548122	548122	258691	258691	25218	25218	56763	56763	11594	11594	13279	13279
IND0136	897792503	897792503	69239896	69239896	33824	33824	81732	81732	232066	232066	967899	967899	6588	6588	46211	46211	21900	21900	25046	25046
IND0137	236486779	236486779	787469107	787469107	228339	228339	79264	79264	132605	132605	627963	627963	92636	92636	53560	53560	10448	10448	27047	27047
IND0138	74886476	74886476	1044397238	1044397238	203001	203001	172089	172089	21289	21289	723540	723540	34713	34713	8291	8291	19423	19423	11063	11063
IND0139	519000813	519000813	466551900	466551900	79973	79973	5485	5485	345415	345415	664305	664305	46834	46834	81213	81213	1264	1264	14111	14111
IND0140	153998096	153998096	466455894	466455894	120053	120053	253296	253296	311484	311484	231501	231501	83711	83711	98488	98488	26793	26793	8099	8099
IND0141	113755909	113755909	706753562	706753562	253959	253959	232404	232404	521527	521527	631416	631416	54529	54529	99271	99271	13195	13195	2423	2423
IND0142	779147071	779147071	311907206	311907206	32814	32814	99726	99726	819343	819343	857119	857119	32909	32909	82022	82022	15865	15865	19529	19529
IND0143	522729193	522729193	526705114	526705114	231775	231775	115410	115410	1018147	1018147	994070	994070	66387	66387	14573	14573	19696	19696	28766	28766
IND0144	794532970	794532970	126273228	126273228	246097	246097	109296	109296	909957	909957	1032224	1032224	111147	111147	50770	50770	30141	30141	22322	22322
IND0145	318690614	318690614	802943196	802943196	200579	200579	205273	205273	201068	201068	735142	735142	104359	104359	112508	112508	1877	1877	8091	8091
IND0146	109914723	109914723	401696601	401696601	32531	32531	203391	203391	1040198	1040198	645610	645610	51429	51429	40058	40058	16392	16392	10293	10293
IND0147	543932963	543932963	841108310	841108310	92353	92353	92156	92156	556686	556686	948208	948208	95290	95290	118096	118096	4652	4652	2237	2237
IND0148	299851003	299851003	1038842996	1038842996	215801	215801	194683	194683	491521	491521	92299	92299	53027	53027	29271	29271	31243	31243	19364	19364
IND0149	961115574	961115574	891458704	891458704	63792	63792	49381	49381	95807	95807	647079	647079	35315	35315	108352	108352	7168	7168	27615	27615
IND0150	241415215	241415215	650637421	650637421	12454	12454	27916	27916	676649	676649	360034	360034	122545	122545	89552	89552	1254	1254	30762	30762
IND0151	692832520	692832520	537543276	537543276	96834	96834	3900	3900	331432	331432	640252	640252	86119	86119	40522	40522	17677	17677	27618	27618
IND0152	384387762	384387762	63158371	63158371	217000	217000	90253	90253	683303	683303	56635	56635	23407	23407	74777	74777	9424	9424	32314	32314
IND0153	944902394	944902394	256994991	256994991	17157	17157	223428	223428	619272	619272	630460	630460	41351	41351	50213	50213	8475	8475	21522	21522
IND0154	840901151	840901151	685197834	685197834	109155	109155	151670	151670	967544	967544	156292	156292	43115	43115	43603	43603	2425	2425	3806	3806
IND0155	582063105	582063105	267353358	267353358	9964	9964	166613	166613	236053	236053	674769	674769	122678	122678	3035	3035	20676	20676	20546	20546
IND0156	670945334	670945334	1052160689	1052160689	129749	129749	164405	164405	904389	904389	858548	858548	16278	16278	54045	54045	17238	17238	21163	21163
IND0157	262412238	262412238	691157595	691157595	72389	72389	96209	96209	410813	410813	295781	295781	11433	11433	75957	75957	6502	6502	30444	30444
IND0158	64467367	64467367	36806816	36806816	109917	109917	112451	112451	1038827	1038827	828758	828758	76743	76743	108880	108880	11263	11263	27781	27781
IND0159	1001936293	1001936293	759521413	759521413	58211	58211	141652	141652	652527	652527	735481	735481	73575	73575	110669	110669	1123	1123	16955	16955
IND0160	43444532	43444532	851049947	851049947	92593	92593	158343	158343	703721	703721	84735	84735	32530	32530	126948	126948	25357	25357	1615	1615
IND0161	796958534	796958534	590501784	590501784	58158	58158	226481	226481	56848	56848	67236	67236	90639	90639	15084	15084	6108	6108	5227	5227
IND0162	654828659	654828659	799145639	799145639	220056	220056	160376	160376	840844	840844	706056	706056	94581	94581	38746	38746	6459	6459	13059	13059
IND0163	448399456	448399456	939958076	939958076	62319	62319	143320	143320	789685	789685	172719	172719	97037	97037	114576	114576	30456	30456	24128	24128
IND0164	794949930	794949930	490518795	490518795	130980	130980	55492	55492	552077	552077	229327	229327	29682	29682	86705	86705	26971	26971	30971	30971
IND0165	70809834	70809834	923035387	923035387	22937	22937	56935	56935	530413	530413	245560	245560	29196	29196	32943	32943	26709	26709	31494	31494
IND0166	57033100	57033100	553392677	553392677	33784	33784	8566	8566	856433	856433	959669	959669	121860	121860	6007	6007	5624	5624	1903	1903
IND0167	418725578	418725578	592017810	592017810	20325	20325	33491	33491	21057	21057	53929	53929	3657	3657	79230	79230	21091	21091	26311	26311
IND0168	20629231	20629231	526819759	526819759	55734	55734	78848	78848	206138	206138	444372	444372	116724	116724	119183	119183	7701	7701	190	190
IND0169	751352088	751352088	989922159	989922159	249188	249188	169435	169435	226296	226296	472615	472615	84862	84862	49817	49817	8276	8276	29747	29747
IND0170	11152083	11152083	769038689	769038689	178299	178299	64189	64189	661020	661020	444847	444847	88638	88638	51675	51675	3498	3498	14713	14713
IND0171	649294244	649294244	516453955	516453955	45752	45752	16209	16209	82889	82889	779930	779930	51498	51498	17333	17333	11834	11834	17581	17581
IND0172	782687183	782687183	282763496	282763496	185269	185269	84326	84326	936262	936262	782047	782047	105053	105053	58625	58625	29302	29302	22400	22400
IND0173	709349687	709349687	1064103597	1064103597	247640	247640	91177	91177	75593	75593	3604	3604	83190	83190	41718	41718	26072	26072	17038	17038
IND0174	375692543	375692543	824675800	824675800	68662	68662	203731	203731	734269	734269	200820	200820	26649	26649	123373	123373	6054	6054	2490	2490
IND0175	903179270	903179270	103876140	103876140	18332	18332	123192	123192	337060	337060	339791	339791	103297	103297	18755	18755	8911	8911	26903	26903
IND0176	505881936	505881936	273675091	273675091	130018	130018	131873	131873	162892	162892	148551	148551	52149	52149	30449	30449	16109	16109	4574	4574
IND0177	464172849	464172849	518155134	518155134	261370	261370	247097	247097	762209	762209	853068	853068	59376	59376	78798	78798	14896	14896	26666	26666
IND0178	722950591	722950591	42217767	42217767	126140	126140	108455	108455	597570	597570	911632	911632	110153	110153	66156	66156	24859	24859	30210	30210
IND0179	749516820	749516820	34188844	34188844	129217	129217	195501	195501	349582	349582	277466	277466	79463	79463	79629	79629	23672	23672	13243	13243
IND0180	80723102	80723102	834440796	834440796	163793	163793	60859	60859	917587	917587	700836	700836	125848	125848	21829	21829	2219	2219	14479	14479
IND0181	97370677	97370677	526904651	526904651	84768	84768	48676	48676	299625	299625	510732	510732	87244	87244	120323	120323	2684	2684	27625	27625
IND0182	706023683	706023683	372796216	372796216	242893	242893	253680	253680	307328	307328	972675	972675	47342	47342	17904	17904	11403	11403	4395	4395
IND0183	561477942	561477942	402460659	402460659	20710	20710	238392	238392	558734	558734	665016	665016	107038	107038	120136	120136	11231	11231	8974	8974
IND0184	901245377	901245377	622608976	622608976	207824	207824	199241	199241	706217	706217	900114	900114	53939	53939	20707	20707	15393	15393	12148	12148
IND0185	836160468	836160468	654586904	654586904	95188	95188	151398	151398	200826	200826	504615	504615	17734	17734	8399	8399	16399	16399	22997	22997
IND0186	75357153	75357153	189036628	189036628	7816	7816	228060	228060	967686	967686	267729	267729	6682	6682	36412	36412	27072	27072	3828	3828
IND0187	456568183	456568183	740629763	740629763	238208	238208	9621	9621	648619	648619	825165	825165	3262	3262	93567	93567	31993	31993	7666	7666
IND0188	11408204	11408204	984546133	984546133	3382	3382	70405	70405	837556	837556	691559	691559	16919	16919	19653	19653	28985	28985	24878	24878
IND0189	677743684	677743684	759252952	759252952	48784	48784	93077	93077	53725	53725	424937	424937	12452	12452	1968	1968	17900	17900	2206	2206
IND0190	464355680	464355680	195121173	195121173	230900	230900	55406	55406	608817	608817	327624	327624	30885	30885	94725	94725	27010	27010	6267	6267
IND0191	43770741	43770741	509061852	509061852	102443	102443	40111	40111	420117	420117	324708	324708	104001	104001	40385	40385	12196	12196	31706	31706
IND0192	600005136	600005136	1049675942	1049675942	31035	31035	191698	191698	1026873	1026873	382546	382546	16465	16465	46290	46290	31483	31483	4494	4494
IND0193	424907419	424907419	530429344	530429344	261111	261111	107014	107014	182227	182227	307901	307901	104769	104769	57113	57113	600	600	7556	7556
IND0194	704850881	704850881	536772502	536772502	246039	246039	159485	159485	561496	561496	531729	531729	26397	26397	127012	127012	23104	23104	24115	24115
IND0195	964572399	964572399	359955092	359955092	205205	205205	92506	92506	324578	324578	106718	106718	93488	93488	106424	106424	8765	8765	17528	17528
IND0196	781192404	781192404	310573252	310573252	53675	53675	229404	229404	1005094	1005094	23169	23169	93210	93210	93020	93020	19045	19045	31439	31439
IND0197	676143444	676143444	691129932	691129932	36770	36770	188342	188342	629318	629318	559100	559100	102007	102007	123338	123338	7017	7017	13262	13262
IND0198	1055990815	1055990815	285095108	285095108	168843	168843	72968	72968	21225	21225	452123	452123	115610	115610	103126	103126	21070	21070	10511	10511
IND0199	705970067	705970067	434516379	434516379	104596	104596	2938	2938	707412	707412	868131	868131	73378	73378	30807	30807	24072	24072	19866	19866
IND0200	207598506	207598506	152498526	152498526	7106	7106	164579	164579	938738	938738	202721	202721	97021	97021	40538	40538	5818	5818	16763	16763
