ID	hap_1_1	hap_1_1	hap_1_2	hap_1_2	hap_2_1	hap_2_1	hap_2_2	hap_2_2	hap_3_1	hap_3_1	hap_3_2	hap_3_2	hap_4_1	hap_4_1	hap_4_2	hap_4_2	hap_5_1	hap_5_1	hap_5_2	hap_5_2
IND0001	66998247	66998247	35153488	35153488	11018007	11018007	29322898	29322898	56205	56205	129238	129238	43824	43824	21230	21230	9266	9266	16477	16477
IND0002	38898300	38898300	14831389	14831389	14236495	14236495	32921681	32921681	62375	62375	124764	124764	43016	43016	54738	54738	60762	60762	908	908
IND0003	53586452	53586452	525782	525782	7355392	7355392	733394	733394	125003	125003	57497	57497	12457	12457	2165	2165	2743	2743	38918	38918
IND0004	8210538	8210538	12228567	12228567	29338067	29338067	31585925	31585925	120872	120872	66967	66967	45351	45351	42664	42664	57625	57625	29349	29349
IND0005	18797318	18797318	34692564	34692564	32746130	32746130	22858764	22858764	5662	5662	93450	93450	48021	48021	12759	12759	30423	30423	15357	15357
IND0006	60364455	60364455	27749988	27749988	31523953	31523953	24743974	24743974	64086	64086	80757	80757	12773	12773	14999	14999	48496	48496	6234	6234
IND0007	49429498	49429498	13014763	13014763	12433388	12433388	33206990	33206990	24571	24571	1992	1992	18670	18670	6373	6373	42392	42392	40395	40395
IND0008	32494318	32494318	65681030	65681030	27839064	27839064	530806	530806	31293	31293	71984	71984	12710	12710	17628	17628	14021	14021	43242	43242
IND0009	25350319	25350319	41883568	41883568	25000529	25000529	30896602	30896602	84674	84674	55975	55975	26072	26072	30188	30188	9595	9595	41672	41672
IND0010	50593149	50593149	27572283	27572283	25615600	25615600	28219699	28219699	84695	84695	15066	15066	41321	41321	16916	16916	51015	51015	26899	26899
IND0011	23832161	23832161	55579236	55579236	6295595	6295595	28780491	28780491	36872	36872	93740	93740	11710	11710	27333	27333	523	523	59052	59052
IND0012	24377840	24377840	63425904	63425904	22677629	22677629	6033119	6033119	123746	123746	106035	106035	7821	7821	12416	12416	57147	57147	44324	44324
IND0013	51271734	51271734	52211704	52211704	12870746	12870746	4128069	4128069	23733	23733	52390	52390	36526	36526	62684	62684	46123	46123	54733	54733
IND0014	26279274	26279274	62512796	62512796	14798010	14798010	5343206	5343206	131013	131013	107805	107805	49790	49790	5061	5061	9525	9525	59387	59387
IND0015	38353315	38353315	48060255	48060255	4434378	4434378	10064674	10064674	19328	19328	33810	33810	51613	51613	3598	3598	51745	51745	64895	64895
IND0016	63311006	63311006	5501478	5501478	32635135	32635135	16734901	16734901	37467	37467	11248	11248	31537	31537	33758	33758	10742	10742	5979	5979
IND0017	11101578	11101578	45584764	45584764	20405134	20405134	15225806	15225806	57186	57186	23659	23659	10613	10613	15678	15678	35182	35182	2406	2406
IND0018	41517820	41517820	8828682	8828682	28961978	28961978	24097915	24097915	115654	115654	88503	88503	48975	48975	8632	8632	9128	9128	18366	18366
IND0019	62428187	62428187	9383246	9383246	32141126	32141126	14832658	14832658	50405	50405	125315	125315	14148	14148	570	570	15373	15373	63394	63394
IND0020	53484136	53484136	18227796	18227796	78975	78975	13399657	13399657	81139	81139	25991	25991	10790	10790	1668	1668	29150	29150	61933	61933
IND0021	50183688	50183688	52507090	52507090	9928219	9928219	21199576	21199576	1446	1446	98617	98617	58512	58512	56902	56902	13428	13428	52151	52151
IND0022	62975703	62975703	11145767	11145767	11562243	11562243	11069467	11069467	51092	51092	95119	95119	39927	39927	51367	51367	6479	6479	41396	41396
IND0023	56958037	56958037	33157066	33157066	32731534	32731534	27915450	27915450	128021	128021	121428	121428	27600	27600	48400	48400	11535	11535	4246	4246
IND0024	30070211	30070211	22526251	22526251	555543	555543	21171516	21171516	55364	55364	79146	79146	25461	25461	62495	62495	14274	14274	40287	40287
IND0025	2578635	2578635	10593065	10593065	12985260	12985260	16270987	16270987	7217	7217	56180	56180	43435	43435	23603	23603	48948	48948	47079	47079
IND0026	6648957	6648957	50568769	50568769	24647709	24647709	14241896	14241896	125119	125119	125135	125135	28906	28906	35771	35771	5857	5857	33302	33302
IND0027	22766542	22766542	29708542	29708542	17795010	17795010	11817586	11817586	13575	13575	81413	81413	34757	34757	48043	48043	35494	35494	64167	64167
IND0028	64670775	64670775	36346178	36346178	10753587	10753587	23267813	23267813	29190	29190	65594	65594	38191	38191	53958	53958	1016	1016	4791	4791
IND0029	54856249	54856249	42331773	42331773	32724002	32724002	19687419	19687419	26268	26268	36952	36952	16707	16707	39155	39155	16283	16283	4613	4613
IND0030	49200840	49200840	3279840	3279840	7481403	7481403	29154543	29154543	76898	76898	62473	62473	43206	43206	9570	9570	62125	62125	27867	27867
IND0031	54721550	54721550	29055382	29055382	15222539	15222539	15101386	15101386	62016	62016	129145	129145	43286	43286	14031	14031	13128	13128	13752	13752
IND0032	7952900	7952900	9648395	9648395	25315071	25315071	23012564	23012564	99766	99766	64169	64169	4091	4091	9564	9564	45774	45774	17192	17192
IND0033	13930618	13930618	34424846	34424846	5994773	5994773	16530813	16530813	26742	26742	28092	28092	14352	14352	7769	7769	59299	59299	29188	29188
IND0034	10803767	10803767	25546218	25546218	21640752	21640752	31280265	31280265	35185	35185	130474	130474	31970	31970	64993	64993	54182	54182	52656	52656
IND0035	67077755	67077755	31062078	31062078	24852515	24852515	30297905	30297905	24544	24544	122142	122142	12122	12122	8469	8469	13464	13464	39834	39834
IND0036	20872887	20872887	5800626	5800626	2776118	2776118	14795566	14795566	103331	103331	89508	89508	1393	1393	47830	47830	42419	42419	6544	6544
IND0037	58205514	58205514	7680614	7680614	11057844	11057844	990425	990425	98320	98320	62874	62874	38624	38624	60626	60626	33512	33512	12933	12933
IND0038	40193116	40193116	23592327	23592327	896103	896103	25568982	25568982	76484	76484	111624	111624	29669	29669	49313	49313	23787	23787	17623	17623
IND0039	38651027	38651027	30431150	30431150	6845633	6845633	21318331	21318331	35350	35350	65604	65604	42896	42896	16441	16441	56123	56123	27632	27632
IND0040	63782988	63782988	50574747	50574747	32636544	32636544	19903574	19903574	82095	82095	6031	6031	65005	65005	36341	36341	38532	38532	41535	41535
IND0041	11777241	11777241	26049314	26049314	6963099	6963099	13116167	13116167	79027	79027	2050	2050	58587	58587	63590	63590	2027	2027	34921	34921
IND0042	28831044	28831044	10133971	10133971	27922638	27922638	18469313	18469313	78541	78541	101689	101689	14756	14756	63739	63739	3214	3214	30257	30257
IND0043	38677244	38677244	15354061	15354061	9737261	9737261	962290	962290	85733	85733	111947	111947	64599	64599	12704	12704	35285	35285	61718	61718
IND0044	35234989	35234989	33669073	33669073	21288621	21288621	3379144	3379144	16751	16751	79033	79033	63687	63687	61155	61155	61204	61204	32768	32768
IND0045	24046205	24046205	57109714	57109714	5739426	5739426	26636763	26636763	123080	123080	18155	18155	49283	49283	22546	22546	28656	28656	45157	45157
IND0046	66909338	66909338	61965172	61965172	6560311	6560311	29090079	29090079	43653	43653	110808	110808	1167	1167	59661	59661	63976	63976	28914	28914
IND0047	7227587	7227587	26426726	26426726	23540138	23540138	21629677	21629677	109983	109983	65663	65663	5524	5524	9242	9242	10158	10158	53429	53429
IND0048	52905014	52905014	34008022	34008022	26185591	26185591	30203759	30203759	24931	24931	22130	22130	59645	59645	55982	55982	1815	1815	48794	48794
IND0049	12604640	12604640	6925039	6925039	21718862	21718862	14197003	14197003	121841	121841	33145	33145	53240	53240	56527	56527	38216	38216	14657	14657
IND0050	42041807	42041807	52989021	52989021	10806739	10806739	616757	616757	117327	117327	5618	5618	30450	30450	20527	20527	7338	7338	44546	44546
IND0051	62901190	62901190	49083784	49083784	17738386	17738386	31964707	31964707	96007	96007	75925	75925	26918	26918	16796	16796	16554	16554	54644	54644
IND0052	44389336	44389336	66816284	66816284	12981100	12981100	30434478	30434478	9166	9166	78949	78949	19063	19063	16706	16706	36963	36963	6363	6363
IND0053	53536542	53536542	17374665	17374665	17892423	17892423	11950210	11950210	57440	57440	40093	40093	14961	14961	50037	50037	52342	52342	36259	36259
IND0054	673073	673073	58140423	58140423	29698786	29698786	4421296	4421296	128431	128431	52029	52029	44570	44570	35706	35706	38989	38989	46523	46523
IND0055	39660312	39660312	39722111	39722111	19641599	19641599	1759387	1759387	79773	79773	30016	30016	46114	46114	41415	41415	22508	22508	12167	12167
IND0056	54090174	54090174	16939020	16939020	4047488	4047488	21191454	21191454	78756	78756	119947	119947	62702	62702	64883	64883	15691	15691	3975	3975
IND0057	12871886	12871886	65767713	65767713	32369237	32369237	32839629	32839629	95475	95475	17348	17348	49461	49461	4258	4258	28437	28437	56082	56082
IND0058	53873607	53873607	66727784	66727784	29013145	29013145	4271261	4271261	17403	17403	91942	91942	52604	52604	35455	35455	8640	8640	49170	49170
IND0059	33944366	33944366	11376191	11376191	19688617	19688617	855189	855189	87057	87057	9464	9464	55554	55554	6043	6043	55263	55263	62034	62034
IND0060	24153879	24153879	62114241	62114241	9912510	9912510	14754254	14754254	125598	125598	101411	101411	1081	1081	60805	60805	16427	16427	38251	38251
IND0061	15814713	15814713	34206164	34206164	20652176	20652176	18055840	18055840	109690	109690	84509	84509	40986	40986	47897	47897	33627	33627	37892	37892
IND0062	60127868	60127868	17357339	17357339	10879899	10879899	4560748	4560748	39358	39358	97599	97599	10260	10260	42486	42486	56432	56432	23750	23750
IND0063	62726251	62726251	54430348	54430348	16376251	16376251	21862360	21862360	103303	103303	23018	23018	43941	43941	6168	6168	55884	55884	32887	32887
IND0064	21463976	21463976	63431195	63431195	17391997	17391997	1492951	1492951	25896	25896	100201	100201	28289	28289	31772	31772	47415	47415	23965	23965
IND0065	24632485	24632485	30877883	30877883	7582666	7582666	13492190	13492190	89887	89887	9248	9248	15512	15512	48852	48852	3165	3165	38317	38317
IND0066	9236402	9236402	6226368	6226368	1361049	1361049	4266383	4266383	35961	35961	33868	33868	12729	12729	42809	42809	38489	38489	42220	42220
IND0067	58608286	58608286	46166280	46166280	32423613	32423613	24949354	24949354	6172	6172	45775	45775	22239	22239	53814	53814	20590	20590	12548	12548
IND0068	64858000	64858000	30742118	30742118	1999311	1999311	30388289	30388289	124883	124883	57377	57377	9878	9878	63263	63263	5911	5911	6538	6538
IND0069	63026961	63026961	66128059	66128059	15580853	15580853	24119972	24119972	17132	17132	89857	89857	45539	45539	52805	52805	52915	52915	56368	56368
IND0070	4828027	4828027	4290711	4290711	1160031	1160031	11007278	11007278	17631	17631	113266	113266	7177	7177	53946	53946	62767	62767	25486	25486
IND0071	8375484	8375484	2283605	2283605	8863673	8863673	13434608	13434608	35458	35458	124145	124145	13382	13382	36697	36697	16335	16335	47118	47118
IND0072	36097279	36097279	50225313	50225313	26388715	26388715	21270048	21270048	63395	63395	124444	124444	22745	22745	61049	61049	20721	20721	64665	64665
IND0073	62577193	62577193	31609810	31609810	575082	575082	6982710	6982710	42216	42216	33960	33960	9083	9083	24317	24317	3326	3326	5545	5545
IND0074	36660822	36660822	20943033	20943033	23180323	23180323	27957560	27957560	114058	114058	96268	96268	62770	62770	13970	13970	5742	5742	43433	43433
IND0075	15585667	15585667	1525826	1525826	32825365	32825365	13489016	13489016	59869	59869	85174	85174	23196	23196	47392	47392	64759	64759	22284	22284
IND0076	43267427	43267427	7734462	7734462	31702369	31702369	25014434	25014434	56298	56298	77100	77100	36749	36749	3316	3316	37035	37035	20939	20939
IND0077	1111927	1111927	14856987	14856987	18899854	18899854	6768294	6768294	16000	16000	94592	94592	45900	45900	30846	30846	31762	31762	12505	12505
IND0078	65533292	65533292	55604243	55604243	26921289	26921289	31032962	31032962	116030	116030	5985	5985	35635	35635	20162	20162	51598	51598	46371	46371
IND0079	65338829	65338829	59486801	59486801	12563035	12563035	10780580	10780580	80782	80782	108497	108497	26009	26009	36817	36817	2023	2023	56915	56915
IND0080	34205036	34205036	385349	385349	21096593	21096593	25846901	25846901	57561	57561	90925	90925	60972	60972	16354	16354	29032	29032	31427	31427
IND0081	6429462	6429462	28164201	28164201	10389086	10389086	21145827	21145827	45163	45163	20030	20030	41673	41673	10392	10392	14497	14497	57239	57239
IND0082	34495005	34495005	4967478	4967478	19134945	19134945	15491397	15491397	43476	43476	75698	75698	52664	52664	19004	19004	48064	48064	55632	55632
IND0083	26867192	26867192	41860811	41860811	31002800	31002800	30777921	30777921	9130	9130	77056	77056	45572	45572	38981	38981	46527	46527	65228	65228
IND0084	13941768	13941768	43862463	43862463	28116749	28116749	31207046	31207046	104738	104738	103899	103899	13655	13655	14090	14090	8928	8928	22220	22220
IND0085	63300310	63300310	28309179	28309179	22580688	22580688	14191281	14191281	41316	41316	97090	97090	5252	5252	10707	10707	65245	65245	56261	56261
IND0086	41698406	41698406	32092696	32092696	14047153	14047153	15128778	15128778	70107	70107	130488	130488	29247	29247	14855	14855	38635	38635	48314	48314
IND0087	46407004	46407004	59694796	59694796	32965586	32965586	7456601	7456601	104199	104199	123850	123850	45291	45291	37432	37432	29878	29878	61759	61759
IND0088	60800361	60800361	52284118	52284118	31414550	31414550	10254095	10254095	4444	4444	74699	74699	26402	26402	58248	58248	29921	29921	49243	49243
IND0089	36733268	36733268	16851375	16851375	23421062	23421062	26152718	26152718	34708	34708	113321	113321	45475	45475	64519	64519	48738	48738	8386	8386
IND0090	23762130	23762130	21235594	21235594	31451245	31451245	21264188	21264188	22363	22363	86938	86938	30420	30420	51901	51901	6123	6123	23261	23261
IND0091	30722963	30722963	10939106	10939106	1792153	1792153	21507131	21507131	93496	93496	62217	62217	18330	18330	13114	13114	37322	37322	41872	41872
IND0092	6553219	6553219	3197779	3197779	13486895	13486895	14603036	14603036	44971	44971	62040	62040	55727	55727	50406	50406	64534	64534	43901	43901
IND0093	8844811	8844811	64077794	64077794	994155	994155	10270575	10270575	35863	35863	117572	117572	50343	50343	23688	23688	64897	64897	41613	41613
IND0094	61899434	61899434	87215	87215	23860771	23860771	29612293	29612293	79870	79870	7198	7198	64286	64286	7579	7579	5815	5815	24526	24526
IND0095	11619211	11619211	31509879	31509879	32521022	32521022	27852075	27852075	22420	22420	8267	8267	64408	64408	41249	41249	52462	52462	32938	32938
IND0096	41086388	41086388	48605919	48605919	25232776	25232776	17218462	17218462	127700	127700	62167	62167	62171	62171	31252	31252	65456	65456	5872	5872
IND0097	19505936	19505936	52898277	52898277	9387892	9387892	3595247	3595247	11999	11999	56626	56626	14720	14720	15207	15207	29314	29314	30171	30171
IND0098	42920032	42920032	19172735	19172735	20587027	20587027	30318530	30318530	50141	50141	29264	29264	15470	15470	32944	32944	13952	13952	64580	64580
IND0099	7207434	7207434	15306993	15306993	19695876	19695876	16371330	16371330	57123	57123	78135	78135	29833	29833	38477	38477	44315	44315	57782	57782
IND0100	15197442	15197442	18557532	18557532	5109650	5109650	5707422	5707422	52988	52988	39869	39869	54990	54990	986	986	40901	40901	35534	35534
IND0101	32721039	32721039	51953227	51953227	30284871	30284871	8006419	8006419	98336	98336	73995	73995	21324	21324	60299	60299	33812	33812	13439	13439
IND0102	64974843	64974843	25594437	25594437	27397546	27397546	10731731	10731731	62733	62733	68983	68983	23536	23536	37871	37871	41283	41283	23755	23755
IND0103	16009331	16009331	24626166	24626166	19635120	19635120	2624555	2624555	89986	89986	129444	129444	53977	53977	8688	8688	13905	13905	19742	19742
IND0104	10276339	10276339	38261430	38261430	14781141	14781141	21978171	21978171	1844	1844	116548	116548	127	127	42882	42882	13745	13745	3621	3621
IND0105	3283646	3283646	6353013	6353013	17469102	17469102	13955363	13955363	53022	53022	69021	69021	65476	65476	22706	22706	22271	22271	43975	43975
IND0106	9061234	9061234	50147815	50147815	18492479	18492479	32405672	32405672	33090	33090	73305	73305	53339	53339	13018	13018	41811	41811	63958	63958
IND0107	11224599	11224599	28029123	28029123	15472537	15472537	8552136	8552136	20594	20594	109161	109161	5177	5177	62059	62059	62129	62129	19022	19022
IND0108	9850741	9850741	46995234	46995234	23282936	23282936	11981682	11981682	120697	120697	119710	119710	51001	51001	40116	40116	1440	1440	60181	60181
IND0109	22654452	22654452	2868112	2868112	22208861	22208861	21018733	21018733	108154	108154	5317	5317	1390	1390	25283	25283	63247	63247	32721	32721
IND0110	39099766	39099766	23905747	23905747	13430071	13430071	3593930	3593930	10060	10060	101216	101216	52576	52576	4334	4334	22355	22355	33998	33998
IND0111	15353272	15353272	38359056	38359056	27804044	27804044	21317002	21317002	129277	129277	35879	35879	25177	25177	31541	31541	15683	15683	26298	26298
IND0112	58619009	58619009	15083238	15083238	13599841	13599841	30125866	30125866	24058	24058	36049	36049	63959	63959	61357	61357	11619	11619	11082	11082
IND0113	56116769	56116769	64052138	64052138	1891089	1891089	31762858	31762858	127985	127985	52079	52079	46893	46893	42387	42387	28599	28599	43140	43140
IND0114	60029728	60029728	46503325	46503325	12525752	12525752	13040286	13040286	20066	20066	125700	125700	55691	55691	18690	18690	29431	29431	12130	12130
IND0115	61246421	61246421	31356440	31356440	16489909	16489909	7880503	7880503	39382	39382	20189	20189	58031	58031	48930	48930	2354	2354	50825	50825
IND0116	11298457	11298457	51871550	51871550	6187785	6187785	71935	71935	66581	66581	1168	1168	33096	33096	38582	38582	53746	53746	64928	64928
IND0117	26754570	26754570	58297582	58297582	7825449	7825449	14110915	14110915	10780	10780	125806	125806	27480	27480	36129	36129	58533	58533	49020	49020
IND0118	10192479	10192479	27541696	27541696	30767402	30767402	28071328	28071328	64645	64645	60216	60216	31364	31364	25292	25292	56287	56287	4527	4527
IND0119	6660573	6660573	26994621	26994621	6578401	6578401	22908913	22908913	38609	38609	81553	81553	40899	40899	53626	53626	53711	53711	11867	11867
IND0120	10889223	10889223	18062875	18062875	14879993	14879993	907386	907386	14116	14116	69326	69326	31780	31780	52116	52116	6303	6303	6227	6227
IND0121	22896051	22896051	37959953	37959953	14142582	14142582	23522649	23522649	3494	3494	86992	86992	2475	2475	44302	44302	39569	39569	46264	46264
IND0122	17104605	17104605	13131828	13131828	21399046	21399046	31318050	31318050	32416	32416	2974	2974	6675	6675	60441	60441	30824	30824	36781	36781
IND0123	24915784	24915784	48765481	48765481	18098926	18098926	32958339	32958339	105630	105630	7124	7124	847	847	46848	46848	32639	32639	7324	7324
IND0124	5885369	5885369	52168986	52168986	20945183	20945183	31422733	31422733	66064	66064	54975	54975	15963	15963	25482	25482	17020	17020	17156	17156
IND0125	1178939	1178939	25090525	25090525	7373862	7373862	11931415	11931415	81084	81084	44802	44802	1706	1706	22299	22299	39811	39811	8274	8274
IND0126	3174272	3174272	32674274	32674274	21952184	21952184	23077700	23077700	76062	76062	87535	87535	7027	7027	1402	1402	37397	37397	35938	35938
IND0127	56918041	56918041	14834751	14834751	26786638	26786638	22865229	22865229	94835	94835	97686	97686	55545	55545	35678	35678	26016	26016	7232	7232
IND0128	14465902	14465902	37474533	37474533	30314937	30314937	32296751	32296751	93585	93585	99474	99474	24959	24959	49824	49824	60361	60361	51611	51611
IND0129	44680296	44680296	33123484	33123484	4630657	4630657	16095235	16095235	127486	127486	26101	26101	49010	49010	46656	46656	47728	47728	21371	21371
IND0130	1851357	1851357	40003514	40003514	18478422	18478422	31511074	31511074	32081	32081	64735	64735	15135	15135	56674	56674	45061	45061	62786	62786
IND0131	13013250	13013250	25164078	25164078	20414542	20414542	25814544	25814544	69323	69323	58554	58554	3140	3140	58146	58146	21890	21890	21458	21458
IND0132	11306228	11306228	52288388	52288388	21683428	21683428	7462828	7462828	95824	95824	33938	33938	8701	8701	3488	3488	54474	54474	44339	44339
IND0133	12441583	12441583	38988362	38988362	23702607	23702607	22251219	22251219	85925	85925	53504	53504	24287	24287	4839	4839	51614	51614	34268	34268
IND0134	35357002	35357002	38220307	38220307	19949412	19949412	17583688	17583688	73724	73724	24510	24510	4065	4065	13606	13606	43856	43856	43132	43132
IND0135	37095402	37095402	25478444	25478444	13903961	13903961	13585380	13585380	124886	124886	73083	73083	28005	28005	30559	30559	31424	31424	5358	5358
IND0136	58816619	58816619	56417791	56417791	17585141	17585141	11933173	11933173	99441	99441	10082	10082	42518	42518	42533	42533	12597	12597	61204	61204
IND0137	22879135	22879135	61506095	61506095	11951369	11951369	19417154	19417154	74053	74053	115196	115196	16424	16424	34041	34041	35701	35701	50795	50795
IND0138	31735559	31735559	5565544	5565544	9489605	9489605	1113098	1113098	66743	66743	74247	74247	48140	48140	10871	10871	60547	60547	10462	10462
IND0139	13581788	13581788	41269993	41269993	13771588	13771588	1447748	1447748	96985	96985	46887	46887	8208	8208	11352	11352	48565	48565	45953	45953
IND0140	39668465	39668465	55743297	55743297	12671887	12671887	11751467	11751467	116301	116301	19086	19086	64998	64998	3581	3581	64063	64063	32884	32884
IND0141	63949593	63949593	56949746	56949746	1623377	1623377	24397122	24397122	724	724	124639	124639	14447	14447	28157	28157	18046	18046	41208	41208
IND0142	32928319	32928319	55563669	55563669	2007017	2007017	16570775	16570775	24550	24550	96369	96369	25692	25692	42945	42945	33474	33474	9498	9498
IND0143	28917383	28917383	4482969	4482969	1770155	1770155	11607268	11607268	74345	74345	126735	126735	37952	37952	50702	50702	24743	24743	14797	14797
IND0144	45131212	45131212	9709585	9709585	22882889	22882889	21506452	21506452	76452	76452	102779	102779	27873	27873	14700	14700	51937	51937	23629	23629
IND0145	13191085	13191085	28889021	28889021	11170373	11170373	29816596	29816596	119919	119919	103258	103258	56195	56195	19534	19534	36509	36509	44918	44918
IND0146	35606743	35606743	59659353	59659353	19381971	19381971	12799938	12799938	34507	34507	119795	119795	47671	47671	27396	27396	26251	26251	51617	51617
IND0147	34557919	34557919	6038210	6038210	24524195	24524195	22358560	22358560	2895	2895	123186	123186	60881	60881	25345	25345	7343	7343	62665	62665
IND0148	26121847	26121847	29288058	29288058	9137708	9137708	27373052	27373052	86304	86304	111896	111896	33466	33466	36651	36651	59839	59839	29696	29696
IND0149	15613248	15613248	31966361	31966361	23891671	23891671	1365116	1365116	118083	118083	10681	10681	39459	39459	33165	33165	39477	39477	26168	26168
IND0150	54203567	54203567	50614447	50614447	13504692	13504692	9431314	9431314	29360	29360	56911	56911	33446	33446	21160	21160	57936	57936	43831	43831
IND0151	14719826	14719826	62062435	62062435	1727572	1727572	11353527	11353527	51081	51081	97459	97459	27973	27973	9450	9450	43204	43204	11280	11280
IND0152	58646977	58646977	47452546	47452546	26261786	26261786	2530747	2530747	35888	35888	84676	84676	27811	27811	25317	25317	46960	46960	26087	26087
IND0153	6176092	6176092	9553445	9553445	6429043	6429043	1258292	1258292	26658	26658	42962	42962	38096	38096	20951	20951	19983	19983	63228	63228
IND0154	59271475	59271475	22996422	22996422	29464695	29464695	32558287	32558287	117512	117512	21147	21147	53723	53723	61054	61054	6855	6855	20174	20174
IND0155	5877415	5877415	32061402	32061402	31291179	31291179	25564363	25564363	129055	129055	1745	1745	61642	61642	1168	1168	54748	54748	35318	35318
IND0156	52857174	52857174	1039984	1039984	21586442	21586442	8383901	8383901	98955	98955	112009	112009	2148	2148	49223	49223	63435	63435	16183	16183
IND0157	14074567	14074567	51244604	51244604	10798444	10798444	25051793	25051793	53525	53525	29189	29189	26178	26178	2293	2293	63419	63419	44821	44821
IND0158	35521431	35521431	48667640	48667640	19134788	19134788	5812045	5812045	17815	17815	50990	50990	58960	58960	1813	1813	16956	16956	65215	65215
IND0159	3783464	3783464	60771173	60771173	24462765	24462765	8650500	8650500	84549	84549	124477	124477	59220	59220	55459	55459	36083	36083	35423	35423
IND0160	34446922	34446922	36472654	36472654	28433026	28433026	13438322	13438322	79302	79302	1616	1616	9212	9212	55547	55547	6097	6097	42407	42407
IND0161	23841590	23841590	48837758	48837758	16658577	16658577	1340599	1340599	106135	106135	14812	14812	49453	49453	44732	44732	33928	33928	36193	36193
IND0162	51717262	51717262	64078615	64078615	28748451	28748451	25959161	25959161	12025	12025	62811	62811	4512	4512	48399	48399	17301	17301	5709	5709
IND0163	65467245	65467245	1659714	1659714	2823333	2823333	13150623	13150623	57249	57249	42104	42104	57779	57779	49638	49638	29788	29788	33140	33140
IND0164	28354559	28354559	58857353	58857353	9725352	9725352	11794587	11794587	117011	117011	4523	4523	53284	53284	14411	14411	30969	30969	23875	23875
IND0165	4832338	4832338	22680899	22680899	21293060	21293060	12205598	12205598	68869	68869	1141	1141	42900	42900	32048	32048	1874	1874	51940	51940
IND0166	65405533	65405533	34369396	34369396	9794435	9794435	16757391	16757391	21526	21526	125588	125588	45029	45029	3600	3600	63217	63217	55054	55054
IND0167	64209266	64209266	46194725	46194725	31317455	31317455	3438314	3438314	120876	120876	28893	28893	54735	54735	30545	30545	12704	12704	9964	9964
IND0168	5618080	5618080	60372424	60372424	14356132	14356132	9460959	9460959	6711	6711	93446	93446	57647	57647	20696	20696	4412	4412	8395	8395
IND0169	22753279	22753279	57417616	57417616	6760698	6760698	6809720	6809720	99239	99239	53246	53246	54906	54906	62317	62317	23501	23501	32701	32701
IND0170	11239425	11239425	39502618	39502618	24395943	24395943	14864856	14864856	63558	63558	14063	14063	42320	42320	5017	5017	19702	19702	49505	49505
IND0171	18005649	18005649	43086831	43086831	13747920	13747920	6792362	6792362	95292	95292	49540	49540	18753	18753	15613	15613	34811	34811	64989	64989
IND0172	12014237	12014237	14140723	14140723	29199589	29199589	5998236	5998236	124702	124702	45921	45921	53757	53757	64973	64973	24193	24193	35695	35695
IND0173	38019428	38019428	17020146	17020146	23181691	23181691	29222703	29222703	96497	96497	91006	91006	32462	32462	19826	19826	15449	15449	44403	44403
IND0174	13967848	13967848	10762641	10762641	2925490	2925490	21248653	21248653	18444	18444	69489	69489	58328	58328	39582	39582	35677	35677	40305	40305
IND0175	51199839	51199839	48996660	48996660	19979568	19979568	22991748	22991748	58450	58450	58149	58149	16892	16892	60770	60770	31942	31942	54061	54061
IND0176	49150295	49150295	58910267	58910267	3843776	3843776	25880261	25880261	112907	112907	111676	111676	22160	22160	46148	46148	42105	42105	64135	64135
IND0177	57921326	57921326	7580839	7580839	17536343	17536343	21719983	21719983	28420	28420	64294	64294	12365	12365	31548	31548	30926	30926	39473	39473
IND0178	41168387	41168387	12100288	12100288	24623826	24623826	25023546	25023546	42431	42431	82135	82135	23653	23653	46143	46143	10635	10635	33768	33768
IND0179	54553921	54553921	10275830	10275830	19466771	19466771	22144942	22144942	23837	23837	117019	117019	21642	21642	43984	43984	49370	49370	10348	10348
IND0180	8860162	8860162	4470850	4470850	178264	178264	9071500	9071500	105529	105529	23591	23591	41435	41435	21247	21247	23178	23178	53902	53902
IND0181	43187117	43187117	39348768	39348768	18350105	18350105	1858992	1858992	30531	30531	6519	6519	50645	50645	34765	34765	7145	7145	26967	26967
IND0182	32291377	32291377	54652236	54652236	22825862	22825862	29003284	29003284	13459	13459	46393	46393	24848	24848	11162	11162	20716	20716	40246	40246
IND0183	29028545	29028545	639507	639507	15022040	15022040	22161187	22161187	26881	26881	35948	35948	28695	28695	14493	14493	7577	7577	55091	55091
IND0184	66752023	66752023	37272342	37272342	14183473	14183473	28646145	28646145	131038	131038	26315	26315	48131	48131	23209	23209	56231	56231	20176	20176
IND0185	40811405	40811405	18538797	18538797	27493196	27493196	6484036	6484036	17670	17670	72071	72071	61528	61528	12303	12303	8521	8521	11577	11577
IND0186	46686778	46686778	37147510	37147510	31150574	31150574	28850270	28850270	89522	89522	70009	70009	52645	52645	20660	20660	24729	24729	39647	39647
IND0187	49677076	49677076	63746333	63746333	5924606	5924606	15467327	15467327	115450	115450	111625	111625	19299	19299	47786	47786	53879	53879	22297	22297
IND0188	19292327	19292327	35190879	35190879	27065921	27065921	10839190	10839190	42748	42748	16741	16741	14559	14559	28332	28332	35074	35074	45541	45541
IND0189	13131616	13131616	9622552	9622552	3100979	3100979	1364341	1364341	97432	97432	60756	60756	23270	23270	20170	20170	59196	59196	17759	17759
IND0190	44930449	44930449	4898385	4898385	16018728	16018728	18900466	18900466	98814	98814	36534	36534	7016	7016	28482	28482	19181	19181	25508	25508
IND0191	21100359	21100359	42335627	42335627	30354228	30354228	10911369	10911369	127984	127984	83827	83827	5500	5500	55132	55132	20786	20786	53766	53766
IND0192	19750471	19750471	55297866	55297866	20098436	20098436	26002559	26002559	64150	64150	47687	47687	3204	3204	6903	6903	36567	36567	37243	37243
IND0193	54834044	54834044	54850060	54850060	20200091	20200091	2249766	2249766	13864	13864	122511	122511	25505	25505	30322	30322	11106	11106	6951	6951
IND0194	27242902	27242902	43227760	43227760	29325961	29325961	19530086	19530086	107457	107457	101873	101873	11167	11167	45726	45726	6300	6300	62149	62149
IND0195	60726877	60726877	35738902	35738902	94608	94608	25243132	25243132	82802	82802	125397	125397	26976	26976	24724	24724	34727	34727	32511	32511
IND0196	40526824	40526824	64391554	64391554	27613152	27613152	9669690	9669690	90674	90674	16093	16093	21226	21226	45865	45865	59374	59374	62834	62834
IND0197	63086931	63086931	18812012	18812012	4416048	4416048	10841383	10841383	20097	20097	58320	58320	56059	56059	41674	41674	63877	63877	21074	21074
IND0198	33271452	33271452	3061734	3061734	1313355	1313355	26388543	26388543	106280	106280	74744	74744	36482	36482	61620	61620	11681	11681	16052	16052
IND0199	10403601	10403601	29460038	29460038	10798851	10798851	30276479	30276479	50775	50775	106863	106863	2317	2317	10019	10019	33346	33346	55591	55591
IND0200	27046706	27046706	6710007	6710007	30908414	30908414	21894514	21894514	14647	14647	114490	114490	21368	21368	54936	54936	51066	51066	47108	47108
