ID	hap_1_1	hap_1_1	hap_1_2	hap_1_2	hap_2_1	hap_2_1	hap_2_2	hap_2_2	hap_3_1	hap_3_1	hap_3_2	hap_3_2	hap_4_1	hap_4_1	hap_4_2	hap_4_2	hap_5_1	hap_5_1	hap_5_2	hap_5_2
IND0001	127613366	127613366	66344951	66344951	477382	477382	80169	80169	19122150	19122150	6912257	6912257	34855	34855	18908	18908	4898	4898	7768	7768
IND0002	118801353	118801353	6120555	6120555	140429	140429	244957	244957	32270225	32270225	25103208	25103208	11755	11755	27510	27510	5477	5477	4576	4576
IND0003	94983848	94983848	78211995	78211995	328271	328271	330465	330465	6590239	6590239	8000882	8000882	27125	27125	9528	9528	2711	2711	768	768
IND0004	72008973	72008973	25673385	25673385	19272	19272	251556	251556	19048309	19048309	32531665	32531665	36212	36212	1562	1562	2851	2851	2615	2615
IND0005	127434176	127434176	102532316	102532316	93289	93289	292326	292326	21977187	21977187	20727330	20727330	10708	10708	24604	24604	8180	8180	7570	7570
IND0006	82459089	82459089	66481220	66481220	398359	398359	105359	105359	15058601	15058601	4151095	4151095	52232	52232	35489	35489	563	563	4255	4255
IND0007	101753641	101753641	17266491	17266491	215159	215159	249623	249623	9671145	9671145	16453362	16453362	52536	52536	13529	13529	5669	5669	6916	6916
IND0008	105161495	105161495	28859068	28859068	122641	122641	468977	468977	19754166	19754166	25313218	25313218	49231	49231	3677	3677	5434	5434	4519	4519
IND0009	8477427	8477427	99751916	99751916	141703	141703	329830	329830	4243606	4243606	5441419	5441419	58232	58232	35256	35256	8140	8140	5826	5826
IND0010	15501189	15501189	10256602	10256602	137254	137254	202189	202189	16194472	16194472	9938007	9938007	49263	49263	12666	12666	6555	6555	4851	4851
IND0011	86567618	86567618	11830035	11830035	266739	266739	498006	498006	24861739	24861739	11455007	11455007	40890	40890	29218	29218	7574	7574	2388	2388
IND0012	60184756	60184756	122441654	122441654	479169	479169	308793	308793	17491511	17491511	23004974	23004974	17066	17066	22578	22578	274	274	7738	7738
IND0013	58685588	58685588	24627732	24627732	231729	231729	365391	365391	17955938	17955938	22738971	22738971	55468	55468	24220	24220	2558	2558	6670	6670
IND0014	40778140	40778140	85653112	85653112	266041	266041	516394	516394	14185694	14185694	18267207	18267207	33070	33070	32743	32743	7925	7925	3980	3980
IND0015	133828671	133828671	6854571	6854571	18243	18243	144544	144544	10373553	10373553	33054222	33054222	46376	46376	38751	38751	1982	1982	4962	4962
IND0016	9931075	9931075	28955979	28955979	275239	275239	358164	358164	24649618	24649618	27699183	27699183	32794	32794	25831	25831	5280	5280	717	717
IND0017	36869521	36869521	57456445	57456445	470464	470464	337205	337205	15972932	15972932	14192674	14192674	20188	20188	33556	33556	6244	6244	290	290
IND0018	31676962	31676962	101118250	101118250	32072	32072	328201	328201	31426329	31426329	8332962	8332962	46687	46687	25366	25366	2463	2463	4011	4011
IND0019	87926570	87926570	128714535	128714535	150315	150315	367196	367196	9828273	9828273	30391168	30391168	10709	10709	44274	44274	3673	3673	3553	3553
IND0020	124898888	124898888	77593730	77593730	73313	73313	406058	406058	32916952	32916952	28178829	28178829	38725	38725	23198	23198	629	629	4606	4606
IND0021	33293078	33293078	46990428	46990428	131121	131121	113167	113167	20135498	20135498	9570371	9570371	39246	39246	36358	36358	5717	5717	339	339
IND0022	51492158	51492158	33232369	33232369	135083	135083	237570	237570	498108	498108	7831189	7831189	12474	12474	64814	64814	5718	5718	1550	1550
IND0023	15564800	15564800	72780473	72780473	13786	13786	27038	27038	23858660	23858660	2683559	2683559	39171	39171	42078	42078	5608	5608	6657	6657
IND0024	129358106	129358106	126833570	126833570	66110	66110	328924	328924	16466494	16466494	11847029	11847029	16941	16941	35893	35893	7428	7428	5105	5105
IND0025	61023902	61023902	45780294	45780294	378026	378026	6157	6157	24535846	24535846	3174253	3174253	62662	62662	38549	38549	513	513	6163	6163
IND0026	7987515	7987515	55605652	55605652	318569	318569	371089	371089	19172488	19172488	9548143	9548143	26788	26788	5086	5086	5521	5521	2216	2216
IND0027	28174851	28174851	121884908	121884908	459394	459394	11475	11475	31117922	31117922	13921544	13921544	13422	13422	61691	61691	2993	2993	725	725
IND0028	65576121	65576121	40677925	40677925	187116	187116	456092	456092	23092057	23092057	28862652	28862652	42486	42486	31038	31038	6965	6965	1945	1945
IND0029	6132950	6132950	57305764	57305764	493571	493571	522257	522257	31722990	31722990	26828959	26828959	48247	48247	5421	5421	4679	4679	5700	5700
IND0030	87075174	87075174	122038933	122038933	338016	338016	403976	403976	28529465	28529465	24201694	24201694	60002	60002	45946	45946	3923	3923	2860	2860
IND0031	20970055	20970055	117002316	117002316	360273	360273	190695	190695	10033107	10033107	7362949	7362949	37153	37153	44944	44944	1905	1905	4860	4860
IND0032	36067636	36067636	89350677	89350677	407316	407316	487058	487058	19594142	19594142	13433279	13433279	2688	2688	40829	40829	5228	5228	5521	5521
IND0033	14017211	14017211	82850194	82850194	236301	236301	498030	498030	3323707	3323707	11311853	11311853	10414	10414	50972	50972	5980	5980	4337	4337
IND0034	81961368	81961368	2568474	2568474	322765	322765	437270	437270	23647139	23647139	22656794	22656794	54118	54118	42145	42145	875	875	3507	3507
IND0035	103978407	103978407	48231965	48231965	205541	205541	246721	246721	3316815	3316815	9661223	9661223	18677	18677	54620	54620	3112	3112	4075	4075
IND0036	30188168	30188168	36611793	36611793	370685	370685	106107	106107	11441353	11441353	4407605	4407605	25690	25690	18869	18869	4379	4379	3937	3937
IND0037	130942336	130942336	52668563	52668563	274565	274565	287581	287581	6549172	6549172	16484158	16484158	43957	43957	5303	5303	6479	6479	2926	2926
IND0038	42301976	42301976	50164248	50164248	260605	260605	300218	300218	9858218	9858218	2618255	2618255	3032	3032	1300	1300	3043	3043	6449	6449
IND0039	72944246	72944246	70573922	70573922	438022	438022	323946	323946	22554917	22554917	13315419	13315419	47304	47304	39412	39412	2191	2191	2398	2398
IND0040	120326157	120326157	111298733	111298733	58660	58660	135264	135264	30549095	30549095	21287273	21287273	62316	62316	721	721	4265	4265	889	889
IND0041	98404615	98404615	34582229	34582229	46706	46706	502315	502315	30724092	30724092	30194465	30194465	63649	63649	37488	37488	7981	7981	7360	7360
IND0042	3233355	3233355	113566037	113566037	53716	53716	111357	111357	5481513	5481513	20211462	20211462	24411	24411	28420	28420	8177	8177	2928	2928
IND0043	129421435	129421435	47268626	47268626	353014	353014	240454	240454	246251	246251	7583031	7583031	36750	36750	44268	44268	3379	3379	356	356
IND0044	85312183	85312183	107313910	107313910	440670	440670	87411	87411	11334603	11334603	10108508	10108508	39503	39503	56314	56314	5622	5622	1620	1620
IND0045	18359583	18359583	26088205	26088205	249310	249310	322051	322051	29421756	29421756	12950668	12950668	2310	2310	19418	19418	4546	4546	7188	7188
IND0046	75261488	75261488	3939852	3939852	68987	68987	330786	330786	9057971	9057971	26987915	26987915	33894	33894	63126	63126	5879	5879	779	779
IND0047	35426205	35426205	108986724	108986724	151528	151528	506094	506094	13287005	13287005	10668042	10668042	21150	21150	30421	30421	6262	6262	4715	4715
IND0048	22457777	22457777	31151964	31151964	498346	498346	480768	480768	1700568	1700568	28184583	28184583	32770	32770	9158	9158	188	188	959	959
IND0049	129737798	129737798	128260518	128260518	381996	381996	423367	423367	25869879	25869879	13939992	13939992	21669	21669	54360	54360	1815	1815	1142	1142
IND0050	23732402	23732402	35896413	35896413	503090	503090	374644	374644	2359342	2359342	1904514	1904514	19542	19542	7239	7239	3390	3390	4298	4298
IND0051	94235518	94235518	33674135	33674135	428277	428277	496210	496210	27271604	27271604	2853984	2853984	33517	33517	28472	28472	995	995	4396	4396
IND0052	103267022	103267022	130911910	130911910	505312	505312	253018	253018	7063856	7063856	6340654	6340654	43325	43325	55256	55256	3709	3709	7784	7784
IND0053	38201967	38201967	43257962	43257962	11754	11754	13281	13281	8945703	8945703	12516314	12516314	59393	59393	732	732	2818	2818	3972	3972
IND0054	17120588	17120588	55610594	55610594	335709	335709	366364	366364	27926193	27926193	13225755	13225755	49869	49869	43589	43589	7242	7242	5649	5649
IND0055	15123671	15123671	20665188	20665188	483248	483248	116456	116456	22432460	22432460	21800454	21800454	12257	12257	29209	29209	3839	3839	1596	1596
IND0056	29020045	29020045	29321940	29321940	60950	60950	245724	245724	7530200	7530200	13209788	13209788	18411	18411	39010	39010	64	64	6661	6661
IND0057	96072265	96072265	37955191	37955191	219531	219531	133163	133163	23256981	23256981	5374790	5374790	25182	25182	20941	20941	5116	5116	163	163
IND0058	33257109	33257109	32642973	32642973	55851	55851	345332	345332	30769769	30769769	15635836	15635836	61875	61875	11619	11619	577	577	3184	3184
IND0059	75289327	75289327	131409558	131409558	288730	288730	132468	132468	13349164	13349164	6114944	6114944	43033	43033	32661	32661	889	889	5191	5191
IND0060	96745114	96745114	84152756	84152756	435224	435224	93347	93347	3240503	3240503	20576120	20576120	11868	11868	7199	7199	6854	6854	6768	6768
IND0061	43890960	43890960	33496184	33496184	6293	6293	488957	488957	21864036	21864036	20067622	20067622	7527	7527	2201	2201	954	954	3248	3248
IND0062	95279540	95279540	134039401	134039401	311108	311108	125218	125218	21944679	21944679	32867954	32867954	8286	8286	49238	49238	5477	5477	5373	5373
IND0063	69353945	69353945	8570491	8570491	349229	349229	178856	178856	14416519	14416519	32135937	32135937	18853	18853	38183	38183	197	197	6819	6819
IND0064	132768238	132768238	71215901	71215901	236184	236184	369086	369086	25087064	25087064	21288315	21288315	8865	8865	57724	57724	5291	5291	7977	7977
IND0065	125633462	125633462	108345544	108345544	224373	224373	106148	106148	2697983	2697983	15640673	15640673	47683	47683	11968	11968	8040	8040	3528	3528
IND0066	124123138	124123138	68386442	68386442	176582	176582	140919	140919	3632958	3632958	8655598	8655598	28606	28606	5960	5960	5133	5133	6876	6876
IND0067	53976309	53976309	84492539	84492539	331090	331090	108672	108672	22550937	22550937	25098539	25098539	9117	9117	8753	8753	1226	1226	4615	4615
IND0068	7970995	7970995	91732946	91732946	364874	364874	515349	515349	32609918	32609918	29608539	29608539	40148	40148	7375	7375	6571	6571	5530	5530
IND0069	86055007	86055007	47670918	47670918	284442	284442	6609	6609	9888030	9888030	17186355	17186355	31186	31186	53007	53007	3201	3201	2609	2609
IND0070	81215378	81215378	17653557	17653557	351202	351202	401931	401931	12345641	12345641	8240630	8240630	56621	56621	62202	62202	5559	5559	3580	3580
IND0071	51324069	51324069	6021610	6021610	147833	147833	410852	410852	19199687	19199687	14604428	14604428	21744	21744	3544	3544	6236	6236	7940	7940
IND0072	21022834	21022834	83415734	83415734	228410	228410	417609	417609	6165488	6165488	11260794	11260794	26819	26819	18203	18203	5399	5399	2201	2201
IND0073	87520011	87520011	110622886	110622886	504300	504300	50723	50723	9544979	9544979	3412632	3412632	30512	30512	55917	55917	6782	6782	1650	1650
IND0074	114043695	114043695	96183965	96183965	258646	258646	23784	23784	12818632	12818632	14558205	14558205	5449	5449	46070	46070	6520	6520	112	112
IND0075	4577220	4577220	125935794	125935794	322427	322427	79237	79237	22261210	22261210	21119265	21119265	31177	31177	37128	37128	3413	3413	7450	7450
IND0076	117709471	117709471	5870437	5870437	114568	114568	189541	189541	11560248	11560248	21829727	21829727	54241	54241	33666	33666	6984	6984	7670	7670
IND0077	76942569	76942569	50466268	50466268	208817	208817	260542	260542	22209411	22209411	18560789	18560789	10888	10888	30618	30618	6192	6192	4085	4085
IND0078	6630069	6630069	114627867	114627867	187505	187505	457994	457994	25152932	25152932	28803105	28803105	59679	59679	28432	28432	688	688	7753	7753
IND0079	110471521	110471521	74779075	74779075	428283	428283	36653	36653	3209810	3209810	2879125	2879125	3358	3358	24742	24742	3431	3431	7389	7389
IND0080	75649708	75649708	58957085	58957085	420359	420359	98677	98677	8080937	8080937	3617536	3617536	28896	28896	63297	63297	3944	3944	3399	3399
IND0081	6711083	6711083	1266011	1266011	159196	159196	390497	390497	13837546	13837546	23870461	23870461	59410	59410	19017	19017	5021	5021	2168	2168
IND0082	12874470	12874470	72557984	72557984	308550	308550	95809	95809	9092404	9092404	33030105	33030105	35835	35835	16146	16146	2926	2926	5130	5130
IND0083	69663433	69663433	49080201	49080201	37616	37616	103756	103756	8988712	8988712	32814284	32814284	6822	6822	25773	25773	6789	6789	1762	1762
IND0084	31692997	31692997	44891627	44891627	241430	241430	111668	111668	22429281	22429281	20745416	20745416	51390	51390	45129	45129	8157	8157	661	661
IND0085	56948827	56948827	101460335	101460335	332546	332546	129258	129258	26805682	26805682	5276869	5276869	16483	16483	62850	62850	2031	2031	2165	2165
IND0086	43606482	43606482	72080345	72080345	7899	7899	431788	431788	26701382	26701382	14092482	14092482	59032	59032	48438	48438	4509	4509	4452	4452
IND0087	121506798	121506798	109494159	109494159	281098	281098	80644	80644	33051304	33051304	20038291	20038291	27164	27164	55015	55015	48	48	4765	4765
IND0088	32358136	32358136	95705205	95705205	374823	374823	338062	338062	21366656	21366656	14969407	14969407	61069	61069	6543	6543	2826	2826	1108	1108
IND0089	72356984	72356984	121220493	121220493	323605	323605	133428	133428	32254508	32254508	4311570	4311570	32920	32920	57008	57008	6088	6088	1040	1040
IND0090	17140826	17140826	14934748	14934748	497546	497546	386159	386159	16803671	16803671	3583513	3583513	4388	4388	26494	26494	582	582	1013	1013
IND0091	60267254	60267254	5197115	5197115	14251	14251	442768	442768	22658735	22658735	24536091	24536091	58788	58788	7717	7717	3223	3223	8119	8119
IND0092	73906500	73906500	75877244	75877244	84158	84158	478510	478510	7751422	7751422	878028	878028	53410	53410	48777	48777	1214	1214	3590	3590
IND0093	97827556	97827556	65820575	65820575	350350	350350	456725	456725	19001355	19001355	33250557	33250557	42548	42548	59831	59831	2508	2508	4088	4088
IND0094	109205537	109205537	45535623	45535623	98549	98549	237334	237334	31288044	31288044	22881631	22881631	55658	55658	7681	7681	6217	6217	4619	4619
IND0095	7324000	7324000	95710719	95710719	39818	39818	54725	54725	33466269	33466269	6111884	6111884	19547	19547	20395	20395	3394	3394	3035	3035
IND0096	27737820	27737820	52519771	52519771	265612	265612	301071	301071	32090173	32090173	13972029	13972029	16724	16724	11288	11288	4093	4093	5796	5796
IND0097	108401992	108401992	121673479	121673479	63023	63023	327368	327368	31893863	31893863	11641460	11641460	44422	44422	36640	36640	4696	4696	7385	7385
IND0098	111683987	111683987	2342835	2342835	427478	427478	468585	468585	10062721	10062721	982215	982215	49696	49696	35232	35232	6139	6139	7961	7961
IND0099	113945270	113945270	120309813	120309813	202657	202657	8122	8122	7513118	7513118	23368569	23368569	1223	1223	33979	33979	340	340	5283	5283
IND0100	129601489	129601489	108970285	108970285	471167	471167	341578	341578	17814314	17814314	5227301	5227301	35438	35438	2816	2816	6610	6610	3139	3139
IND0101	87903054	87903054	99283582	99283582	485834	485834	405218	405218	14014242	14014242	3189156	3189156	23960	23960	65295	65295	2779	2779	6676	6676
IND0102	12415925	12415925	74941529	74941529	245651	245651	423947	423947	10271569	10271569	29075087	29075087	59931	59931	39934	39934	4322	4322	4684	4684
IND0103	78586375	78586375	86689928	86689928	227503	227503	393604	393604	12702244	12702244	9370248	9370248	22125	22125	59508	59508	7187	7187	1796	1796
IND0104	28825578	28825578	132310326	132310326	251861	251861	334417	334417	19219337	19219337	29969404	29969404	22386	22386	25178	25178	1695	1695	5871	5871
IND0105	36378466	36378466	51369266	51369266	134150	134150	237611	237611	4454570	4454570	33239322	33239322	34586	34586	476	476	1412	1412	2453	2453
IND0106	41457536	41457536	100776423	100776423	466246	466246	113201	113201	10523953	10523953	24725125	24725125	30233	30233	42186	42186	5385	5385	3023	3023
IND0107	14217152	14217152	16027436	16027436	71266	71266	34312	34312	13499239	13499239	28455007	28455007	45557	45557	12622	12622	6759	6759	6448	6448
IND0108	50105600	50105600	88400277	88400277	131685	131685	357668	357668	15745254	15745254	12079603	12079603	36771	36771	60274	60274	387	387	2193	2193
IND0109	47408073	47408073	11589577	11589577	460216	460216	184228	184228	14081467	14081467	10400216	10400216	21958	21958	40662	40662	6227	6227	302	302
IND0110	132932844	132932844	5270771	5270771	201586	201586	96011	96011	15697252	15697252	17888671	17888671	51932	51932	65323	65323	4775	4775	6109	6109
IND0111	91629650	91629650	123085578	123085578	460168	460168	467669	467669	5071164	5071164	11749753	11749753	30429	30429	26075	26075	681	681	5105	5105
IND0112	115652079	115652079	87205001	87205001	418939	418939	521645	521645	21682923	21682923	29290356	29290356	39759	39759	13358	13358	5793	5793	5350	5350
IND0113	86198445	86198445	15565425	15565425	435824	435824	523060	523060	26919723	26919723	30723965	30723965	15324	15324	11780	11780	4802	4802	4486	4486
IND0114	117960148	117960148	15664990	15664990	496574	496574	495550	495550	12882487	12882487	11049871	11049871	42602	42602	49175	49175	7799	7799	5883	5883
IND0115	61855107	61855107	38885172	38885172	77480	77480	282271	282271	3896521	3896521	13628888	13628888	32837	32837	58018	58018	6007	6007	2862	2862
IND0116	95151004	95151004	42340390	42340390	227804	227804	390362	390362	14910450	14910450	20089641	20089641	43803	43803	39937	39937	3381	3381	6534	6534
IND0117	75874555	75874555	42242560	42242560	209985	209985	19954	19954	24423084	24423084	14308196	14308196	19285	19285	21398	21398	958	958	6629	6629
IND0118	27254652	27254652	60130319	60130319	305946	305946	222720	222720	20415583	20415583	26510748	26510748	49561	49561	39062	39062	4398	4398	6160	6160
IND0119	60310727	60310727	71131355	71131355	466507	466507	107727	107727	15240534	15240534	11304975	11304975	64447	64447	52153	52153	7899	7899	3329	3329
IND0120	110297770	110297770	102536432	102536432	391277	391277	336508	336508	15524116	15524116	18847001	18847001	15464	15464	43104	43104	1192	1192	8029	8029
IND0121	27339416	27339416	91262241	91262241	150307	150307	452378	452378	28901535	28901535	23852255	23852255	52876	52876	58213	58213	8169	8169	2010	2010
IND0122	62457082	62457082	89215498	89215498	400596	400596	154004	154004	12761530	12761530	22996241	22996241	32134	32134	40837	40837	3851	3851	5901	5901
IND0123	56642305	56642305	87159723	87159723	114227	114227	479606	479606	6040841	6040841	17010068	17010068	46984	46984	50832	50832	7227	7227	4453	4453
IND0124	39647840	39647840	37707174	37707174	264160	264160	179353	179353	13304291	13304291	3830646	3830646	59032	59032	7430	7430	4794	4794	3174	3174
IND0125	3526591	3526591	19968909	19968909	222858	222858	339324	339324	21130044	21130044	17209468	17209468	42515	42515	4136	4136	6500	6500	957	957
IND0126	104764644	104764644	129171131	129171131	42021	42021	297681	297681	12499559	12499559	4823755	4823755	48844	48844	8033	8033	6471	6471	3942	3942
IND0127	38944070	38944070	51158942	51158942	148460	148460	348146	348146	7935723	7935723	14166570	14166570	63601	63601	13696	13696	2292	2292	8144	8144
IND0128	103002613	103002613	10024936	10024936	490	490	310862	310862	30960677	30960677	16494751	16494751	12966	12966	33835	33835	1655	1655	5523	5523
IND0129	10742524	10742524	31436774	31436774	85361	85361	163933	163933	11347062	11347062	6004771	6004771	47131	47131	39006	39006	1554	1554	1537	1537
IND0130	37070309	37070309	70345979	70345979	40634	40634	346571	346571	21158480	21158480	20088734	20088734	5115	5115	54357	54357	5799	5799	8101	8101
IND0131	23841097	23841097	91772085	91772085	498555	498555	291248	291248	13151556	13151556	18693188	18693188	31622	31622	52023	52023	3977	3977	2168	2168
IND0132	118196173	118196173	108574288	108574288	150003	150003	399263	399263	3719914	3719914	2687768	2687768	57286	57286	62099	62099	5825	5825	3861	3861
IND0133	117238393	117238393	17989672	17989672	367731	367731	137826	137826	13370509	13370509	25040355	25040355	21246	21246	63622	63622	6366	6366	535	535
IND0134	2903315	2903315	115737089	115737089	162201	162201	132819	132819	32279897	32279897	7336483	7336483	13095	13095	32841	32841	4306	4306	4404	4404
IND0135	123106298	123106298	38651142	38651142	288186	288186	434178	434178	260862	260862	21550278	21550278	64570	64570	42693	42693	5776	5776	6092	6092
IND0136	33643442	33643442	13041791	13041791	22909	22909	346550	346550	9151932	9151932	25252854	25252854	8381	8381	8393	8393	6448	6448	612	612
IND0137	64126269	64126269	36276643	36276643	341765	341765	446971	446971	29461594	29461594	15006427	15006427	50134	50134	15743	15743	521	521	26	26
IND0138	69967009	69967009	109523561	109523561	20052	20052	275236	275236	28458086	28458086	16608643	16608643	38960	38960	59088	59088	1990	1990	2917	2917
IND0139	49618426	49618426	20872772	20872772	8657	8657	67082	67082	15826720	15826720	17304084	17304084	12404	12404	60539	60539	8161	8161	2985	2985
IND0140	92720704	92720704	60577611	60577611	479115	479115	452166	452166	12252263	12252263	19299659	19299659	19157	19157	44622	44622	5835	5835	5428	5428
IND0141	94947689	94947689	72116890	72116890	68365	68365	4492	4492	25683527	25683527	10844388	10844388	14586	14586	18716	18716	5530	5530	8064	8064
IND0142	35886629	35886629	51101887	51101887	289750	289750	372948	372948	30907246	30907246	21841483	21841483	55090	55090	57985	57985	6030	6030	1501	1501
IND0143	46683368	46683368	117934446	117934446	249301	249301	88239	88239	6925367	6925367	28963798	28963798	14602	14602	36371	36371	3246	3246	3207	3207
IND0144	35474082	35474082	7886349	7886349	400076	400076	439240	439240	11740111	11740111	29950848	29950848	26343	26343	29406	29406	7494	7494	5061	5061
IND0145	97223404	97223404	53832611	53832611	178016	178016	69103	69103	29571994	29571994	23851317	23851317	43519	43519	4048	4048	8092	8092	469	469
IND0146	21917973	21917973	22595803	22595803	294279	294279	209786	209786	30089048	30089048	23076955	23076955	55965	55965	50935	50935	6662	6662	5167	5167
IND0147	56100655	56100655	124349302	124349302	59770	59770	477881	477881	29920688	29920688	28499891	28499891	62391	62391	57150	57150	3666	3666	1983	1983
IND0148	35652427	35652427	11572006	11572006	338889	338889	449290	449290	3741644	3741644	33307888	33307888	46125	46125	44257	44257	1070	1070	4364	4364
IND0149	125263810	125263810	58719829	58719829	226054	226054	92471	92471	943595	943595	6993309	6993309	44301	44301	17349	17349	4949	4949	3202	3202
IND0150	90419605	90419605	47661047	47661047	185155	185155	415886	415886	17294515	17294515	7498129	7498129	60573	60573	55782	55782	4333	4333	6631	6631
IND0151	6433773	6433773	95601987	95601987	78057	78057	455472	455472	17356551	17356551	11722508	11722508	24557	24557	29600	29600	5006	5006	5775	5775
IND0152	117360438	117360438	57197694	57197694	437240	437240	55788	55788	15434988	15434988	27983711	27983711	44159	44159	58285	58285	902	902	3217	3217
IND0153	29301320	29301320	86623323	86623323	320479	320479	195531	195531	31812303	31812303	17562142	17562142	63862	63862	38881	38881	5228	5228	7438	7438
IND0154	101080320	101080320	113125640	113125640	145346	145346	237742	237742	576427	576427	6318945	6318945	32956	32956	34214	34214	5744	5744	7008	7008
IND0155	22778350	22778350	77530602	77530602	104108	104108	464123	464123	23862582	23862582	31113892	31113892	28533	28533	18817	18817	7703	7703	7703	7703
IND0156	78370947	78370947	83814586	83814586	161406	161406	490406	490406	30350491	30350491	31740269	31740269	55649	55649	46825	46825	3627	3627	3837	3837
IND0157	63673624	63673624	128081476	128081476	317604	317604	399629	399629	3983046	3983046	10011042	10011042	60397	60397	13531	13531	4727	4727	743	743
IND0158	109385435	109385435	54741737	54741737	520398	520398	53546	53546	8837633	8837633	3869495	3869495	28889	28889	57903	57903	5370	5370	5980	5980
IND0159	15877060	15877060	121793398	121793398	394920	394920	279752	279752	15207749	15207749	1493354	1493354	9084	9084	42870	42870	2097	2097	7112	7112
IND0160	89961128	89961128	10746963	10746963	27336	27336	42722	42722	14955953	14955953	1953047	1953047	54984	54984	50298	50298	7690	7690	2544	2544
IND0161	89691366	89691366	34606282	34606282	146523	146523	275371	275371	7481990	7481990	4596002	4596002	28583	28583	22506	22506	1147	1147	6965	6965
IND0162	89947549	89947549	24615852	24615852	463062	463062	391283	391283	13151869	13151869	30655354	30655354	16048	16048	53864	53864	8065	8065	7997	7997
IND0163	20181557	20181557	76043026	76043026	138449	138449	123593	123593	25157549	25157549	9496689	9496689	7873	7873	11904	11904	7739	7739	3734	3734
IND0164	49137468	49137468	94144772	94144772	404298	404298	494338	494338	15715484	15715484	23185267	23185267	24905	24905	9064	9064	6393	6393	3374	3374
IND0165	3963875	3963875	88414748	88414748	243919	243919	492925	492925	16522669	16522669	32172085	32172085	15532	15532	21685	21685	2466	2466	7811	7811
IND0166	80827576	80827576	87788996	87788996	98487	98487	251388	251388	20175707	20175707	10528056	10528056	22458	22458	34104	34104	6462	6462	5856	5856
IND0167	42813103	42813103	30227046	30227046	4795	4795	397287	397287	2191077	2191077	25919182	25919182	13141	13141	64897	64897	581	581	5381	5381
IND0168	84888759	84888759	124067798	124067798	51997	51997	337300	337300	22169751	22169751	15445915	15445915	15316	15316	33852	33852	5400	5400	1208	1208
IND0169	3290263	3290263	64220297	64220297	156037	156037	427187	427187	9557542	9557542	15551679	15551679	35246	35246	60121	60121	4017	4017	4440	4440
IND0170	24364493	24364493	4154465	4154465	140603	140603	33118	33118	6182677	6182677	10445929	10445929	46699	46699	35542	35542	5878	5878	2400	2400
IND0171	14737702	14737702	70913961	70913961	109590	109590	144140	144140	13013462	13013462	14024526	14024526	55316	55316	59969	59969	8019	8019	1053	1053
IND0172	23271350	23271350	122154608	122154608	458370	458370	158822	158822	22775568	22775568	6263218	6263218	37591	37591	49907	49907	5658	5658	2113	2113
IND0173	70344665	70344665	87611838	87611838	90182	90182	267361	267361	3263625	3263625	23959727	23959727	44844	44844	12422	12422	3398	3398	4234	4234
IND0174	57788982	57788982	82896206	82896206	361349	361349	91630	91630	33028511	33028511	1542566	1542566	32759	32759	14297	14297	7517	7517	3880	3880
IND0175	129992067	129992067	68484003	68484003	264858	264858	75995	75995	6261572	6261572	15671708	15671708	31099	31099	46561	46561	3855	3855	5443	5443
IND0176	52316393	52316393	21483645	21483645	391275	391275	80394	80394	26943590	26943590	18664981	18664981	49419	49419	35331	35331	1974	1974	7824	7824
IND0177	25656136	25656136	111755229	111755229	77087	77087	154299	154299	30609010	30609010	3804822	3804822	18046	18046	8786	8786	5225	5225	5670	5670
IND0178	32568233	32568233	74469460	74469460	296137	296137	251369	251369	29664090	29664090	17566976	17566976	17357	17357	31552	31552	5917	5917	4669	4669
IND0179	1657353	1657353	57254412	57254412	198927	198927	110016	110016	27808017	27808017	8431377	8431377	14270	14270	31564	31564	2268	2268	6534	6534
IND0180	33163255	33163255	63269378	63269378	499218	499218	16922	16922	25990325	25990325	21542883	21542883	26238	26238	46856	46856	4935	4935	7623	7623
IND0181	120874480	120874480	97947532	97947532	17405	17405	220427	220427	5666562	5666562	15819719	15819719	34431	34431	57581	57581	7248	7248	4052	4052
IND0182	82569104	82569104	109835526	109835526	444779	444779	88750	88750	26685266	26685266	24821439	24821439	53057	53057	31631	31631	4393	4393	4987	4987
IND0183	57704982	57704982	62741692	62741692	340990	340990	395386	395386	1437415	1437415	10826274	10826274	51144	51144	43790	43790	1233	1233	3898	3898
IND0184	33811647	33811647	75603349	75603349	229382	229382	267279	267279	14850311	14850311	30069580	30069580	42577	42577	24548	24548	3391	3391	2658	2658
IND0185	49430066	49430066	35786907	35786907	192284	192284	403479	403479	30233549	30233549	14156724	14156724	33831	33831	14331	14331	1004	1004	8168	8168
IND0186	90313791	90313791	114937792	114937792	105861	105861	170794	170794	17492954	17492954	8746146	8746146	32820	32820	16241	16241	4654	4654	2078	2078
IND0187	97160348	97160348	28190452	28190452	57973	57973	335275	335275	6603703	6603703	17683947	17683947	19465	19465	64310	64310	6143	6143	986	986
IND0188	97849541	97849541	105270875	105270875	194032	194032	194129	194129	14290317	14290317	29101572	29101572	17203	17203	20588	20588	7699	7699	1184	1184
IND0189	70715508	70715508	23939065	23939065	493207	493207	275126	275126	30738900	30738900	18828515	18828515	27408	27408	14330	14330	4650	4650	4492	4492
IND0190	10866279	10866279	28012040	28012040	436180	436180	491991	491991	23321600	23321600	10171297	10171297	8683	8683	9672	9672	926	926	2743	2743
IND0191	947486	947486	109331294	109331294	375072	375072	488694	488694	23091942	23091942	13952693	13952693	36368	36368	27862	27862	1358	1358	7360	7360
IND0192	102575200	102575200	51271857	51271857	269375	269375	73458	73458	13156768	13156768	31729425	31729425	9639	9639	36580	36580	8145	8145	90	90
IND0193	74368753	74368753	73490801	73490801	136256	136256	275083	275083	30983391	30983391	22327075	22327075	62389	62389	47482	47482	6774	6774	7513	7513
IND0194	58878187	58878187	29909361	29909361	487349	487349	193479	193479	2602199	2602199	31647026	31647026	43042	43042	59908	59908	3662	3662	2523	2523
IND0195	102813983	102813983	128808049	128808049	226664	226664	189743	189743	9119433	9119433	7636890	7636890	11323	11323	47266	47266	5259	5259	4120	4120
IND0196	75518751	75518751	60468420	60468420	505707	505707	419277	419277	13335098	13335098	27694251	27694251	300	300	39863	39863	4442	4442	2574	2574
IND0197	57478069	57478069	41525009	41525009	419326	419326	46128	46128	11388177	11388177	19676765	19676765	64346	64346	11889	11889	5872	5872	1490	1490
IND0198	52993535	52993535	53933064	53933064	142763	142763	57273	57273	28236202	28236202	16415391	16415391	33898	33898	21937	21937	7896	7896	6090	6090
IND0199	91101445	91101445	112194664	112194664	332341	332341	470299	470299	12864100	12864100	9267688	9267688	42459	42459	37900	37900	4589	4589	3805	3805
IND0200	55737695	55737695	78120986	78120986	71019	71019	172059	172059	17350466	17350466	19748353	19748353	7792	7792	46153	46153	1771	1771	7700	7700
