ID	hap_1_1	hap_1_1	hap_1_2	hap_1_2	hap_2_1	hap_2_1	hap_2_2	hap_2_2	hap_3_1	hap_3_1	hap_3_2	hap_3_2	hap_4_1	hap_4_1	hap_4_2	hap_4_2	hap_5_1	hap_5_1	hap_5_2	hap_5_2
IND0001	36645591	36645591	24605415	24605415	249722	249722	193589	193589	52145	52145	24335	24335	6212256	6212256	6913444	6913444	10630	10630	55808	55808
IND0002	48650022	48650022	32504973	32504973	121147	121147	163235	163235	56472	56472	29990	29990	2628404	2628404	4761233	4761233	105459	105459	66993	66993
IND0003	53625054	53625054	60738752	60738752	112234	112234	249061	249061	37939	37939	13157	13157	8310964	8310964	3085305	3085305	118483	118483	24376	24376
IND0004	14997337	14997337	29205644	29205644	49269	49269	122824	122824	33942	33942	4337	4337	1525872	1525872	4082819	4082819	78230	78230	72418	72418
IND0005	33753312	33753312	65342779	65342779	165826	165826	115305	115305	25759	25759	49865	49865	5531524	5531524	6025455	6025455	54929	54929	72362	72362
IND0006	27966864	27966864	63849569	63849569	58730	58730	59912	59912	2710	2710	40987	40987	833604	833604	5055470	5055470	21433	21433	41114	41114
IND0007	1292051	1292051	30276677	30276677	8938	8938	2936	2936	16878	16878	23050	23050	1271450	1271450	1444061	1444061	89636	89636	13727	13727
IND0008	8365663	8365663	62204897	62204897	28440	28440	100558	100558	2299	2299	48418	48418	438944	438944	5246176	5246176	73681	73681	37119	37119
IND0009	34334895	34334895	29532315	29532315	134908	134908	68465	68465	14247	14247	30569	30569	5380608	5380608	1516434	1516434	41889	41889	47273	47273
IND0010	38668627	38668627	56638971	56638971	64344	64344	215917	215917	18777	18777	9923	9923	4454046	4454046	3566082	3566082	93884	93884	114702	114702
IND0011	17270058	17270058	30405485	30405485	44811	44811	126123	126123	54738	54738	28789	28789	3105361	3105361	254453	254453	97220	97220	122209	122209
IND0012	47040788	47040788	39568695	39568695	115320	115320	16596	16596	10736	10736	27316	27316	3848042	3848042	734690	734690	34696	34696	4136	4136
IND0013	51831299	51831299	37519556	37519556	105665	105665	88710	88710	57959	57959	60655	60655	1894373	1894373	117769	117769	95681	95681	107154	107154
IND0014	23694330	23694330	4613	4613	78551	78551	98823	98823	51649	51649	14505	14505	5707397	5707397	6493009	6493009	102263	102263	115355	115355
IND0015	54427795	54427795	11666517	11666517	113653	113653	213661	213661	59861	59861	23319	23319	5636733	5636733	6446741	6446741	81705	81705	21248	21248
IND0016	8151942	8151942	34219996	34219996	202479	202479	149429	149429	24603	24603	32883	32883	5664871	5664871	2499833	2499833	31360	31360	49394	49394
IND0017	12206814	12206814	43514592	43514592	10078	10078	67836	67836	6950	6950	22875	22875	8016334	8016334	2543162	2543162	121926	121926	44042	44042
IND0018	27083657	27083657	16982905	16982905	161688	161688	261454	261454	35659	35659	506	506	3982197	3982197	4931444	4931444	34293	34293	125551	125551
IND0019	1127187	1127187	49431526	49431526	51880	51880	117471	117471	17225	17225	56081	56081	327271	327271	1970677	1970677	88630	88630	12404	12404
IND0020	7385006	7385006	17084751	17084751	260501	260501	36922	36922	13916	13916	10461	10461	5210863	5210863	287606	287606	20808	20808	130316	130316
IND0021	42015945	42015945	31322445	31322445	29221	29221	148629	148629	19159	19159	36134	36134	5682640	5682640	6053957	6053957	110102	110102	83946	83946
IND0022	12243887	12243887	50254158	50254158	225661	225661	15854	15854	37074	37074	1492	1492	2552126	2552126	4287475	4287475	63104	63104	113078	113078
IND0023	12142305	12142305	10986110	10986110	192188	192188	246822	246822	33840	33840	19758	19758	3743503	3743503	4562801	4562801	16779	16779	93998	93998
IND0024	13964586	13964586	15976860	15976860	140938	140938	120049	120049	52571	52571	7002	7002	6004298	6004298	5289623	5289623	101003	101003	114528	114528
IND0025	48454287	48454287	36245190	36245190	82700	82700	100553	100553	57078	57078	11420	11420	2027969	2027969	6106640	6106640	60533	60533	30576	30576
IND0026	23195729	23195729	3937182	3937182	109729	109729	198675	198675	54346	54346	19589	19589	6748882	6748882	7768247	7768247	60676	60676	12758	12758
IND0027	30355341	30355341	65227185	65227185	55013	55013	21196	21196	25314	25314	31887	31887	3930926	3930926	1343753	1343753	28834	28834	99151	99151
IND0028	21786389	21786389	55856607	55856607	149958	149958	239358	239358	4134	4134	44918	44918	3798141	3798141	5417267	5417267	59467	59467	105373	105373
IND0029	59331499	59331499	63356421	63356421	187597	187597	228236	228236	19518	19518	33003	33003	4988516	4988516	6547263	6547263	67984	67984	69509	69509
IND0030	26986311	26986311	14589277	14589277	92735	92735	11540	11540	6281	6281	52036	52036	3022235	3022235	4248993	4248993	31701	31701	11853	11853
IND0031	52426456	52426456	51356275	51356275	27609	27609	154055	154055	41907	41907	48531	48531	7487725	7487725	2450058	2450058	53611	53611	81588	81588
IND0032	21516801	21516801	31103513	31103513	173277	173277	140912	140912	9750	9750	42503	42503	7568744	7568744	3543130	3543130	6929	6929	123776	123776
IND0033	51602351	51602351	17016654	17016654	200210	200210	68031	68031	28832	28832	26943	26943	824455	824455	1220765	1220765	79660	79660	104630	104630
IND0034	26195962	26195962	48708172	48708172	69048	69048	216234	216234	40760	40760	47889	47889	5734124	5734124	1171854	1171854	35561	35561	113165	113165
IND0035	58670430	58670430	19873304	19873304	188105	188105	210497	210497	816	816	16486	16486	4979145	4979145	3716962	3716962	46040	46040	6024	6024
IND0036	50137535	50137535	31749102	31749102	173228	173228	201009	201009	17054	17054	46117	46117	1415977	1415977	531487	531487	78087	78087	114565	114565
IND0037	18879453	18879453	33201357	33201357	54818	54818	120289	120289	20010	20010	44938	44938	2793533	2793533	1850855	1850855	7353	7353	117096	117096
IND0038	41218619	41218619	51983639	51983639	197442	197442	9559	9559	45056	45056	12020	12020	6330227	6330227	7272674	7272674	61959	61959	52397	52397
IND0039	54405921	54405921	58528223	58528223	259330	259330	124702	124702	36232	36232	51683	51683	7948468	7948468	4069247	4069247	49205	49205	58170	58170
IND0040	32166720	32166720	39018614	39018614	200790	200790	12198	12198	7154	7154	39328	39328	5358268	5358268	6075674	6075674	1821	1821	12809	12809
IND0041	48061143	48061143	37758291	37758291	259948	259948	109685	109685	227	227	45207	45207	7060749	7060749	432622	432622	81698	81698	35774	35774
IND0042	21170917	21170917	57526955	57526955	130301	130301	143077	143077	11418	11418	60692	60692	1750106	1750106	1627234	1627234	65546	65546	2324	2324
IND0043	8282776	8282776	65260286	65260286	53336	53336	3560	3560	10582	10582	56484	56484	714582	714582	6417420	6417420	8101	8101	92079	92079
IND0044	16899424	16899424	11745464	11745464	173683	173683	147456	147456	51782	51782	7335	7335	3910733	3910733	4010187	4010187	98780	98780	122923	122923
IND0045	1681235	1681235	13082223	13082223	35985	35985	193925	193925	16085	16085	28813	28813	282233	282233	3277669	3277669	2450	2450	34792	34792
IND0046	57497858	57497858	34232245	34232245	32866	32866	160625	160625	1485	1485	55078	55078	3916822	3916822	2195320	2195320	101629	101629	106435	106435
IND0047	54391639	54391639	41388768	41388768	67143	67143	56817	56817	35188	35188	57810	57810	5879347	5879347	1019878	1019878	69296	69296	19267	19267
IND0048	54760413	54760413	29328410	29328410	250203	250203	193512	193512	4606	4606	53810	53810	5014511	5014511	394065	394065	11679	11679	3292	3292
IND0049	64652679	64652679	26655314	26655314	39790	39790	53547	53547	26762	26762	33377	33377	7195591	7195591	6647636	6647636	59411	59411	62707	62707
IND0050	7175741	7175741	7043203	7043203	139396	139396	2776	2776	51823	51823	48091	48091	1651527	1651527	8133576	8133576	14915	14915	78043	78043
IND0051	29154938	29154938	58056235	58056235	211482	211482	3485	3485	24316	24316	7275	7275	4751635	4751635	6891736	6891736	85294	85294	39239	39239
IND0052	64716207	64716207	59375828	59375828	52382	52382	178379	178379	19694	19694	54495	54495	3312950	3312950	4255571	4255571	90795	90795	15452	15452
IND0053	5579483	5579483	15855543	15855543	90941	90941	228063	228063	52909	52909	9062	9062	1483442	1483442	140386	140386	99101	99101	42840	42840
IND0054	22347179	22347179	17504962	17504962	165170	165170	80029	80029	7527	7527	52628	52628	4498000	4498000	43140	43140	122873	122873	58067	58067
IND0055	25886298	25886298	38015676	38015676	141107	141107	197569	197569	50273	50273	10216	10216	4434853	4434853	2768847	2768847	12023	12023	123001	123001
IND0056	18741060	18741060	50846362	50846362	169286	169286	17441	17441	50021	50021	36423	36423	2662700	2662700	3381143	3381143	42259	42259	116457	116457
IND0057	18603746	18603746	38142081	38142081	179190	179190	96678	96678	20563	20563	12328	12328	3906367	3906367	3240920	3240920	96555	96555	78712	78712
IND0058	2381918	2381918	22234594	22234594	166622	166622	218996	218996	44454	44454	45172	45172	6302475	6302475	3075716	3075716	51082	51082	77444	77444
IND0059	43236876	43236876	48187051	48187051	42930	42930	53880	53880	4124	4124	13704	13704	5839427	5839427	5472001	5472001	60751	60751	41312	41312
IND0060	4384510	4384510	19027380	19027380	82569	82569	168834	168834	35780	35780	58154	58154	6118574	6118574	409749	409749	70478	70478	18048	18048
IND0061	57429645	57429645	4451973	4451973	143943	143943	131588	131588	31364	31364	8499	8499	6939402	6939402	6512947	6512947	78171	78171	65304	65304
IND0062	2232757	2232757	41174242	41174242	176539	176539	226993	226993	6527	6527	54647	54647	5521144	5521144	1097352	1097352	5732	5732	9588	9588
IND0063	35159355	35159355	34608050	34608050	102071	102071	120757	120757	50731	50731	35146	35146	1535890	1535890	4472941	4472941	22214	22214	13965	13965
IND0064	61005635	61005635	25659927	25659927	24770	24770	31355	31355	65034	65034	62816	62816	6984667	6984667	6571809	6571809	48852	48852	1650	1650
IND0065	58278223	58278223	37561362	37561362	102843	102843	244479	244479	4307	4307	59828	59828	6723773	6723773	872632	872632	93822	93822	105618	105618
IND0066	49798797	49798797	5945672	5945672	204979	204979	137711	137711	18146	18146	15224	15224	386705	386705	1799803	1799803	122063	122063	63259	63259
IND0067	18579489	18579489	56675201	56675201	202618	202618	164119	164119	15786	15786	53670	53670	2892819	2892819	3208414	3208414	103800	103800	36589	36589
IND0068	4960073	4960073	8577510	8577510	83975	83975	95417	95417	55267	55267	55817	55817	2277572	2277572	2733333	2733333	9946	9946	113785	113785
IND0069	11794714	11794714	53952048	53952048	192865	192865	8723	8723	50264	50264	51596	51596	3261394	3261394	266119	266119	114222	114222	73813	73813
IND0070	7457323	7457323	53839245	53839245	249321	249321	224217	224217	39934	39934	43688	43688	558685	558685	2598533	2598533	49246	49246	66209	66209
IND0071	9506932	9506932	38928406	38928406	154667	154667	142347	142347	41866	41866	61482	61482	3265033	3265033	66005	66005	51463	51463	40252	40252
IND0072	65414769	65414769	20090820	20090820	236173	236173	251403	251403	25494	25494	31183	31183	7184645	7184645	4546391	4546391	38797	38797	57585	57585
IND0073	20276133	20276133	53386929	53386929	88657	88657	146468	146468	10343	10343	10146	10146	1017930	1017930	4389081	4389081	28711	28711	79053	79053
IND0074	21089557	21089557	67024671	67024671	12164	12164	252177	252177	32988	32988	15820	15820	6681431	6681431	5897436	5897436	27704	27704	28322	28322
IND0075	22530153	22530153	8649624	8649624	109927	109927	195876	195876	18382	18382	50359	50359	6206908	6206908	4416008	4416008	21025	21025	39711	39711
IND0076	35967158	35967158	54215167	54215167	26201	26201	250620	250620	18598	18598	64166	64166	1557362	1557362	6852315	6852315	33489	33489	111417	111417
IND0077	56289308	56289308	40745442	40745442	150798	150798	200932	200932	6285	6285	50262	50262	5293220	5293220	4324776	4324776	70911	70911	36464	36464
IND0078	28671693	28671693	54480326	54480326	226563	226563	85331	85331	47086	47086	54893	54893	3335399	3335399	5421081	5421081	8854	8854	68465	68465
IND0079	13687263	13687263	51187059	51187059	44752	44752	107393	107393	5788	5788	14919	14919	6972877	6972877	5094950	5094950	69901	69901	65776	65776
IND0080	1006114	1006114	13831997	13831997	44922	44922	205640	205640	4070	4070	41647	41647	2504266	2504266	4966824	4966824	114252	114252	91262	91262
IND0081	40698966	40698966	58935371	58935371	157194	157194	207127	207127	34869	34869	39904	39904	6312445	6312445	7525906	7525906	47866	47866	110741	110741
IND0082	53204856	53204856	56203214	56203214	165710	165710	170890	170890	57904	57904	36877	36877	4383563	4383563	6388057	6388057	116874	116874	8346	8346
IND0083	50225356	50225356	25776876	25776876	135616	135616	219671	219671	41757	41757	27006	27006	4149124	4149124	695411	695411	361	361	112612	112612
IND0084	64260685	64260685	25108009	25108009	12591	12591	222177	222177	52687	52687	23034	23034	306747	306747	2367399	2367399	78736	78736	42361	42361
IND0085	19646174	19646174	12507301	12507301	222032	222032	183932	183932	40458	40458	30389	30389	1190688	1190688	2498537	2498537	10138	10138	22584	22584
IND0086	52879193	52879193	54549873	54549873	249347	249347	148117	148117	39686	39686	63506	63506	3796775	3796775	2153	2153	79704	79704	93605	93605
IND0087	53383729	53383729	63671547	63671547	31291	31291	19613	19613	35037	35037	23234	23234	8190504	8190504	4288368	4288368	110881	110881	40353	40353
IND0088	48345989	48345989	16345026	16345026	252137	252137	262126	262126	3911	3911	29697	29697	504989	504989	2555429	2555429	62818	62818	97108	97108
IND0089	38416944	38416944	49634583	49634583	60266	60266	66231	66231	54165	54165	36235	36235	2311320	2311320	5362481	5362481	108689	108689	15062	15062
IND0090	19886161	19886161	58414589	58414589	125394	125394	203532	203532	35891	35891	7445	7445	6377025	6377025	2676031	2676031	83852	83852	37312	37312
IND0091	65367052	65367052	5813786	5813786	198409	198409	245371	245371	35986	35986	56529	56529	6385619	6385619	1600020	1600020	54431	54431	4011	4011
IND0092	14479124	14479124	53316123	53316123	253832	253832	136690	136690	27642	27642	65250	65250	7731133	7731133	309393	309393	83165	83165	117993	117993
IND0093	19303231	19303231	6416264	6416264	213244	213244	162219	162219	318	318	17483	17483	4503848	4503848	6662747	6662747	11772	11772	59344	59344
IND0094	51224429	51224429	46377636	46377636	166351	166351	257875	257875	7857	7857	40122	40122	1432085	1432085	1163382	1163382	62272	62272	128333	128333
IND0095	36798356	36798356	14788263	14788263	260387	260387	190014	190014	9981	9981	47703	47703	8082520	8082520	3639786	3639786	11826	11826	123462	123462
IND0096	5493674	5493674	42406132	42406132	166615	166615	230289	230289	15670	15670	8412	8412	269215	269215	2749380	2749380	70899	70899	47187	47187
IND0097	4185423	4185423	47472501	47472501	14227	14227	133513	133513	18673	18673	24698	24698	6871598	6871598	5332713	5332713	20472	20472	57018	57018
IND0098	59193833	59193833	16618588	16618588	25739	25739	187152	187152	8452	8452	47591	47591	4808660	4808660	5475503	5475503	4964	4964	32840	32840
IND0099	44000843	44000843	54860728	54860728	96432	96432	117874	117874	64776	64776	51441	51441	1810084	1810084	5133517	5133517	75472	75472	122786	122786
IND0100	36497596	36497596	33658039	33658039	228940	228940	206055	206055	37980	37980	27298	27298	898879	898879	2755962	2755962	25720	25720	67240	67240
IND0101	17206857	17206857	47165119	47165119	229908	229908	57534	57534	10969	10969	61465	61465	6271173	6271173	1741090	1741090	37115	37115	126404	126404
IND0102	49255708	49255708	33364994	33364994	60287	60287	232933	232933	26639	26639	23228	23228	4803587	4803587	948790	948790	64102	64102	106992	106992
IND0103	51811306	51811306	23192373	23192373	18394	18394	62336	62336	29449	29449	44997	44997	1175321	1175321	2462859	2462859	119253	119253	16540	16540
IND0104	7755583	7755583	34806833	34806833	190408	190408	7735	7735	33650	33650	16319	16319	3381626	3381626	3941778	3941778	73452	73452	4099	4099
IND0105	59536999	59536999	19046866	19046866	254178	254178	42318	42318	13579	13579	37841	37841	5675090	5675090	5903856	5903856	34680	34680	49604	49604
IND0106	50456662	50456662	45335719	45335719	219293	219293	85728	85728	43719	43719	38171	38171	5384007	5384007	523469	523469	93777	93777	78913	78913
IND0107	9390320	9390320	42583015	42583015	66209	66209	42292	42292	53807	53807	19241	19241	7865425	7865425	5296999	5296999	7808	7808	88178	88178
IND0108	28064255	28064255	30572076	30572076	72316	72316	212215	212215	27901	27901	58745	58745	3503918	3503918	394987	394987	118808	118808	98697	98697
IND0109	32012141	32012141	32968296	32968296	200647	200647	170498	170498	56835	56835	56235	56235	4969531	4969531	589393	589393	27320	27320	97466	97466
IND0110	48181817	48181817	25821225	25821225	256754	256754	201327	201327	65286	65286	63277	63277	6357936	6357936	709654	709654	43827	43827	115	115
IND0111	52071928	52071928	63873688	63873688	50016	50016	41758	41758	14112	14112	28962	28962	1013033	1013033	5116383	5116383	111386	111386	29808	29808
IND0112	28315012	28315012	54297203	54297203	258085	258085	183310	183310	3323	3323	5581	5581	6297177	6297177	7128701	7128701	75814	75814	127558	127558
IND0113	56336777	56336777	12419958	12419958	29018	29018	76234	76234	36478	36478	1246	1246	7985641	7985641	2994020	2994020	9914	9914	9547	9547
IND0114	45916465	45916465	7108549	7108549	9325	9325	18289	18289	37606	37606	60930	60930	3260333	3260333	6094414	6094414	266	266	86947	86947
IND0115	55375651	55375651	15028707	15028707	15949	15949	78041	78041	20325	20325	24401	24401	8244816	8244816	1610393	1610393	8859	8859	40052	40052
IND0116	44225882	44225882	1135358	1135358	221157	221157	17074	17074	34877	34877	49478	49478	5103797	5103797	7204580	7204580	18800	18800	125381	125381
IND0117	57113285	57113285	11424658	11424658	186590	186590	148696	148696	54381	54381	19924	19924	6009585	6009585	2737953	2737953	66889	66889	130484	130484
IND0118	24906889	24906889	13098	13098	35159	35159	40807	40807	13013	13013	45616	45616	4417667	4417667	3699379	3699379	74645	74645	50710	50710
IND0119	35378861	35378861	49537362	49537362	118650	118650	35797	35797	58090	58090	26038	26038	6629595	6629595	4863660	4863660	85446	85446	64337	64337
IND0120	46918344	46918344	3968623	3968623	107392	107392	156450	156450	7445	7445	28120	28120	4194447	4194447	592489	592489	126824	126824	39787	39787
IND0121	59169281	59169281	5323188	5323188	157930	157930	41751	41751	48548	48548	30873	30873	6590064	6590064	6454616	6454616	63888	63888	35712	35712
IND0122	37168824	37168824	39541386	39541386	26426	26426	214792	214792	905	905	14375	14375	3156795	3156795	159478	159478	102663	102663	110808	110808
IND0123	432609	432609	17259965	17259965	163024	163024	219745	219745	44457	44457	7753	7753	6220719	6220719	5599540	5599540	64588	64588	678	678
IND0124	29012319	29012319	27600015	27600015	187949	187949	109429	109429	17597	17597	43472	43472	5909670	5909670	6331474	6331474	53556	53556	122445	122445
IND0125	7548989	7548989	11643057	11643057	119901	119901	101560	101560	11409	11409	3744	3744	911323	911323	2600914	2600914	17161	17161	7560	7560
IND0126	8792072	8792072	49843732	49843732	202793	202793	191627	191627	32052	32052	57691	57691	2173730	2173730	3013461	3013461	49075	49075	77313	77313
IND0127	62279372	62279372	10952519	10952519	227686	227686	64517	64517	32766	32766	49770	49770	7512653	7512653	5357186	5357186	13919	13919	84652	84652
IND0128	51904580	51904580	42464318	42464318	229545	229545	138410	138410	65421	65421	8571	8571	36812	36812	805377	805377	11973	11973	127551	127551
IND0129	297843	297843	43482118	43482118	91552	91552	261664	261664	63325	63325	51017	51017	3613204	3613204	1581527	1581527	94690	94690	74545	74545
IND0130	62758898	62758898	45611289	45611289	148469	148469	188711	188711	25128	25128	27395	27395	6217351	6217351	5686459	5686459	99520	99520	110105	110105
IND0131	13993766	13993766	5772807	5772807	170487	170487	36312	36312	37284	37284	28541	28541	944120	944120	1565458	1565458	34768	34768	129958	129958
IND0132	25244093	25244093	41108820	41108820	153306	153306	112224	112224	7719	7719	49092	49092	5765024	5765024	7062561	7062561	114571	114571	37126	37126
IND0133	56657256	56657256	50670800	50670800	6327	6327	73716	73716	10938	10938	57462	57462	7393684	7393684	7640547	7640547	10554	10554	28693	28693
IND0134	17304262	17304262	50152560	50152560	87062	87062	6403	6403	22348	22348	55527	55527	5441479	5441479	4080673	4080673	65107	65107	34525	34525
IND0135	52657708	52657708	18985001	18985001	75026	75026	193955	193955	52632	52632	23985	23985	4189253	4189253	2320545	2320545	11082	11082	2567	2567
IND0136	5273589	5273589	63036102	63036102	239750	239750	111054	111054	43194	43194	22780	22780	7580824	7580824	7471261	7471261	5419	5419	115592	115592
IND0137	34770092	34770092	21696279	21696279	161663	161663	250415	250415	35572	35572	43097	43097	6898207	6898207	5593547	5593547	66943	66943	89651	89651
IND0138	18677001	18677001	66722648	66722648	71803	71803	230854	230854	30803	30803	58380	58380	2668788	2668788	3586606	3586606	6165	6165	73380	73380
IND0139	19776805	19776805	11362516	11362516	67654	67654	187953	187953	51486	51486	22990	22990	4197672	4197672	1798810	1798810	88334	88334	23843	23843
IND0140	65422446	65422446	9746440	9746440	149151	149151	137172	137172	278	278	12570	12570	1321899	1321899	1741451	1741451	92074	92074	68804	68804
IND0141	41831348	41831348	25555610	25555610	239779	239779	146524	146524	65280	65280	14807	14807	7321650	7321650	2535434	2535434	92455	92455	76525	76525
IND0142	227400	227400	51718198	51718198	168344	168344	117906	117906	54948	54948	25791	25791	6449881	6449881	2937471	2937471	31776	31776	58832	58832
IND0143	28717974	28717974	65260480	65260480	156756	156756	91735	91735	49277	49277	27499	27499	3962929	3962929	1445003	1445003	54042	54042	128981	128981
IND0144	40136709	40136709	31306782	31306782	64187	64187	84822	84822	12444	12444	34727	34727	4844795	4844795	2270556	2270556	81102	81102	77448	77448
IND0145	15825310	15825310	34105477	34105477	215748	215748	178694	178694	55422	55422	63855	63855	4392611	4392611	3504668	3504668	34880	34880	98867	98867
IND0146	61818434	61818434	10583086	10583086	128449	128449	35503	35503	26604	26604	39180	39180	4978259	4978259	6000426	6000426	55420	55420	65911	65911
IND0147	26611130	26611130	52602336	52602336	92087	92087	255020	255020	16517	16517	31868	31868	7685769	7685769	246257	246257	32668	32668	99468	99468
IND0148	9156566	9156566	18419169	18419169	236912	236912	88168	88168	50800	50800	51639	51639	451606	451606	2291743	2291743	84939	84939	99117	99117
IND0149	9103802	9103802	15583704	15583704	82417	82417	25564	25564	33513	33513	28234	28234	960385	960385	553311	553311	102190	102190	81999	81999
IND0150	45886648	45886648	34949024	34949024	159765	159765	106852	106852	29229	29229	4399	4399	296099	296099	4483999	4483999	128969	128969	77610	77610
IND0151	35177533	35177533	43081533	43081533	73185	73185	114298	114298	29138	29138	31242	31242	8148314	8148314	6177420	6177420	33891	33891	123013	123013
IND0152	54304570	54304570	42847274	42847274	155850	155850	175485	175485	53225	53225	56171	56171	6504476	6504476	7053615	7053615	127355	127355	89749	89749
IND0153	6693293	6693293	8306006	8306006	16116	16116	260729	260729	54123	54123	47617	47617	4810993	4810993	4909648	4909648	114554	114554	105386	105386
IND0154	17134323	17134323	45707285	45707285	136204	136204	146485	146485	552	552	17794	17794	1264276	1264276	3130362	3130362	13818	13818	60992	60992
IND0155	36756565	36756565	2147837	2147837	159293	159293	64869	64869	40704	40704	47349	47349	3934506	3934506	1832513	1832513	111422	111422	12007	12007
IND0156	54703708	54703708	65512648	65512648	212534	212534	136811	136811	58053	58053	24636	24636	5397599	5397599	3410715	3410715	65901	65901	13678	13678
IND0157	10096788	10096788	16375140	16375140	211681	211681	227695	227695	43721	43721	973	973	3245065	3245065	3879261	3879261	117360	117360	50326	50326
IND0158	38246052	38246052	19230481	19230481	97365	97365	150603	150603	57010	57010	34799	34799	6580375	6580375	271017	271017	56366	56366	42081	42081
IND0159	59433640	59433640	37379960	37379960	7042	7042	89507	89507	25341	25341	24310	24310	1174634	1174634	3091094	3091094	48445	48445	908	908
IND0160	36778215	36778215	18327729	18327729	137539	137539	203326	203326	11883	11883	20012	20012	6497192	6497192	8300540	8300540	33291	33291	10696	10696
IND0161	4892201	4892201	8687737	8687737	230306	230306	70278	70278	3850	3850	52428	52428	3582102	3582102	7699470	7699470	23743	23743	88394	88394
IND0162	950385	950385	27578273	27578273	59115	59115	247217	247217	8561	8561	18118	18118	2716493	2716493	5122969	5122969	49661	49661	46901	46901
IND0163	43897686	43897686	56458519	56458519	186889	186889	78428	78428	19847	19847	45924	45924	3220257	3220257	560557	560557	20910	20910	80158	80158
IND0164	12841479	12841479	26901864	26901864	251815	251815	31780	31780	25170	25170	40343	40343	4168147	4168147	5830514	5830514	16580	16580	8077	8077
IND0165	596538	596538	58446963	58446963	9355	9355	78043	78043	58584	58584	32854	32854	5931127	5931127	7220012	7220012	29046	29046	61461	61461
IND0166	45924884	45924884	11832145	11832145	27529	27529	107649	107649	42264	42264	57660	57660	509352	509352	3415257	3415257	24240	24240	52578	52578
IND0167	21243429	21243429	36790978	36790978	183132	183132	32229	32229	33760	33760	34955	34955	1262297	1262297	533951	533951	109158	109158	82003	82003
IND0168	39134254	39134254	36391564	36391564	107936	107936	216806	216806	27800	27800	30386	30386	1847973	1847973	490047	490047	17162	17162	106547	106547
IND0169	2107704	2107704	18611869	18611869	106120	106120	230777	230777	42406	42406	24225	24225	6444928	6444928	4198150	4198150	89317	89317	43768	43768
IND0170	31219346	31219346	9115475	9115475	207905	207905	68566	68566	57931	57931	9805	9805	3273204	3273204	4076195	4076195	9654	9654	107588	107588
IND0171	63695358	63695358	27720826	27720826	194113	194113	34329	34329	16902	16902	40543	40543	6889348	6889348	6175867	6175867	80722	80722	99606	99606
IND0172	9692028	9692028	37687469	37687469	178962	178962	252434	252434	27985	27985	62669	62669	4995266	4995266	7105828	7105828	88020	88020	30318	30318
IND0173	52561890	52561890	566568	566568	243128	243128	5008	5008	18559	18559	30877	30877	2885441	2885441	8380644	8380644	1231	1231	48907	48907
IND0174	13549963	13549963	32705194	32705194	189208	189208	79317	79317	51614	51614	59262	59262	1993229	1993229	8251223	8251223	39719	39719	26176	26176
IND0175	51156105	51156105	25026177	25026177	136496	136496	189130	189130	50062	50062	62591	62591	5152517	5152517	1467322	1467322	45994	45994	61576	61576
IND0176	61795105	61795105	56365313	56365313	132373	132373	128462	128462	11361	11361	43750	43750	8213381	8213381	2552429	2552429	77864	77864	26617	26617
IND0177	22109421	22109421	54936733	54936733	214455	214455	19682	19682	5250	5250	22981	22981	6886294	6886294	7410959	7410959	111986	111986	125522	125522
IND0178	13948192	13948192	54973526	54973526	33190	33190	22180	22180	36995	36995	60382	60382	4169671	4169671	1545263	1545263	96238	96238	5287	5287
IND0179	60315320	60315320	13241359	13241359	210113	210113	240428	240428	56174	56174	46589	46589	1061408	1061408	6301903	6301903	47430	47430	60445	60445
IND0180	6745927	6745927	28927725	28927725	182162	182162	255543	255543	21554	21554	38797	38797	14427	14427	655018	655018	677	677	74620	74620
IND0181	2952563	2952563	931053	931053	250510	250510	171372	171372	39940	39940	35204	35204	4676436	4676436	1117537	1117537	52507	52507	96872	96872
IND0182	14761797	14761797	31059735	31059735	15130	15130	61631	61631	15821	15821	718	718	7355429	7355429	4932304	4932304	46375	46375	7389	7389
IND0183	9280734	9280734	61688622	61688622	259540	259540	6710	6710	10871	10871	38199	38199	6485000	6485000	633212	633212	74862	74862	15638	15638
IND0184	31094175	31094175	19363773	19363773	103056	103056	5900	5900	10563	10563	63503	63503	3424720	3424720	1806021	1806021	24347	24347	86958	86958
IND0185	47524341	47524341	35988553	35988553	218432	218432	183392	183392	42833	42833	47381	47381	7323331	7323331	3435623	3435623	47190	47190	104872	104872
IND0186	22731755	22731755	49730235	49730235	203208	203208	205411	205411	26440	26440	35134	35134	7492972	7492972	92232	92232	59914	59914	86760	86760
IND0187	197134	197134	30491034	30491034	223229	223229	85920	85920	10498	10498	49408	49408	5893480	5893480	7130966	7130966	43292	43292	12610	12610
IND0188	17792190	17792190	22029199	22029199	201985	201985	161278	161278	20463	20463	14036	14036	782017	782017	4454435	4454435	67074	67074	117029	117029
IND0189	48247916	48247916	36263453	36263453	211252	211252	56485	56485	24246	24246	34394	34394	1249865	1249865	6684861	6684861	80862	80862	124068	124068
IND0190	13753743	13753743	2754006	2754006	30200	30200	161324	161324	39412	39412	63533	63533	4068113	4068113	1259948	1259948	4599	4599	123212	123212
IND0191	54535144	54535144	32477582	32477582	203402	203402	110325	110325	34794	34794	47259	47259	4105103	4105103	2948191	2948191	9569	9569	109966	109966
IND0192	51752581	51752581	4668400	4668400	27950	27950	157152	157152	46828	46828	33144	33144	4114543	4114543	1135874	1135874	359	359	116955	116955
IND0193	1318307	1318307	15641963	15641963	179340	179340	219707	219707	44391	44391	53255	53255	8245875	8245875	522884	522884	87566	87566	52115	52115
IND0194	61339039	61339039	15427954	15427954	120326	120326	20621	20621	27057	27057	47820	47820	4493835	4493835	2379484	2379484	49901	49901	42827	42827
IND0195	31721228	31721228	43556042	43556042	67645	67645	145797	145797	11825	11825	21912	21912	7616301	7616301	6094551	6094551	33792	33792	62866	62866
IND0196	64367425	64367425	49887908	49887908	211954	211954	56757	56757	49668	49668	24873	24873	4430652	4430652	15194	15194	45112	45112	102518	102518
IND0197	29338786	29338786	4933615	4933615	51380	51380	244164	244164	22596	22596	4316	4316	5831708	5831708	620098	620098	10956	10956	124009	124009
IND0198	42593556	42593556	8475188	8475188	77646	77646	75325	75325	55479	55479	50754	50754	2531000	2531000	6696912	6696912	105100	105100	33160	33160
IND0199	11741039	11741039	47821375	47821375	124025	124025	208915	208915	55865	55865	14441	14441	5220890	5220890	4323032	4323032	89835	89835	74733	74733
IND0200	6898965	6898965	4472160	4472160	182944	182944	21218	21218	54709	54709	25428	25428	7177692	7177692	1533178	1533178	59775	59775	51725	51725
