ID	hap_1_1	hap_1_1	hap_1_2	hap_1_2	hap_2_1	hap_2_1	hap_2_2	hap_2_2	hap_3_1	hap_3_1	hap_3_2	hap_3_2	hap_4_1	hap_4_1	hap_4_2	hap_4_2	hap_5_1	hap_5_1	hap_5_2	hap_5_2
IND001	1	1	2	1	1	1	1	2	1	2	2	1	2	1	1	2	1	1	1	2
IND002	1	1	2	1	1	1	1	2	1	2	2	1	2	1	1	2	1	2	1	2
IND003	1	1	2	1	1	1	1	2	2	1	2	1	1	1	1	1	1	1	1	2
IND004	1	1	2	1	1	1	1	2	1	2	2	1	2	1	1	1	1	2	1	2
IND005	2	1	2	1	1	1	1	2	1	2	2	1	1	1	1	1	1	1	1	2
IND006	1	1	2	1	1	1	1	2	1	2	2	1	1	1	1	1	1	2	1	2
IND007	1	1	2	1	1	1	1	2	1	1	2	1	1	1	1	1	1	1	1	2
IND008	1	1	2	1	1	1	1	2	1	1	2	1	2	1	1	2	1	1	1	2
IND009	2	1	2	1	1	1	1	2	2	2	2	1	1	1	1	1	1	2	1	2
IND010	2	1	2	1	1	1	1	2	1	2	2	1	1	1	1	1	1	1	1	2
IND011	2	1	2	1	2	1	1	1	1	2	1	1	1	2	2	1	1	2	1	1
IND012	2	1	2	1	2	1	2	1	1	1	1	1	1	2	2	1	1	2	1	1
IND013	2	1	2	1	2	1	2	1	1	1	1	2	1	2	2	1	1	2	1	1
IND014	2	1	2	1	2	1	1	1	1	1	1	1	1	2	1	1	1	2	1	1
IND015	2	1	2	1	2	1	1	1	1	2	1	1	1	2	2	1	1	2	1	1
IND016	2	1	2	1	2	1	2	1	1	1	1	2	1	2	2	1	1	2	1	1
IND017	2	1	2	2	2	1	2	1	1	2	1	2	1	2	1	1	1	2	1	1
IND018	2	1	2	2	2	1	1	1	1	1	1	2	1	2	2	1	1	2	1	1
IND019	2	1	2	2	2	1	2	1	1	2	1	1	1	2	1	1	1	2	1	1
IND020	2	1	2	2	2	1	2	1	1	2	1	1	1	2	1	1	1	2	1	1
IND021	1	1	1	2	2	2	1	2	1	1	1	1	1	1	1	1	1	2	1	1
IND022	1	1	2	2	2	1	1	2	1	1	1	1	1	2	2	2	1	2	1	2
IND023	1	1	2	2	2	1	1	2	1	1	1	1	1	2	1	1	1	2	1	2
IND024	1	1	2	2	1	1	1	2	1	1	1	1	2	1	1	2	1	2	1	1
IND025	1	1	1	2	2	2	1	2	1	1	1	1	1	2	2	2	2	2	1	1
IND026	1	1	2	2	2	1	1	2	1	1	1	1	2	2	2	1	1	1	1	2
IND027	1	1	1	2	1	1	1	2	1	1	1	1	1	2	2	2	1	2	1	1
IND028	1	1	1	2	1	1	1	2	1	1	1	1	2	1	1	2	1	1	1	2
IND029	1	1	1	2	1	2	1	2	1	1	1	1	1	2	2	1	1	1	1	1
IND030	1	1	1	2	1	1	1	2	1	1	1	1	1	1	2	1	1	2	1	1
IND031	1	1	2	1	1	2	2	2	1	1	1	2	1	1	2	1	2	1	1	2
IND032	1	1	2	1	2	2	2	2	1	1	1	2	1	1	1	2	1	1	1	2
IND033	1	1	2	2	2	2	2	2	1	1	1	2	1	2	1	1	2	1	1	2
IND034	1	1	2	1	1	2	2	2	1	1	1	2	1	2	1	1	1	1	1	2
IND035	1	1	2	1	2	2	2	2	1	1	1	2	1	2	1	2	1	1	1	2
IND036	1	1	2	2	1	2	2	2	1	1	1	2	1	1	2	1	1	1	1	2
IND037	1	1	2	2	1	2	2	2	1	1	1	2	1	1	2	1	2	1	1	2
IND038	1	1	2	2	1	2	2	2	1	1	1	2	1	2	2	2	1	1	1	2
IND039	1	1	2	2	2	2	2	2	1	1	1	2	1	1	2	2	2	1	1	2
IND040	1	1	2	1	1	2	2	2	1	1	1	2	1	1	1	2	2	1	1	2
IND041	2	1	2	1	2	1	1	1	1	1	1	1	1	1	2	1	2	2	2	1
IND042	1	1	2	1	2	1	1	1	1	1	1	2	1	1	1	1	1	2	2	2
IND043	2	1	1	1	2	1	1	1	1	1	1	2	1	1	1	1	1	2	2	2
IND044	1	1	1	1	2	1	1	1	1	1	1	1	1	1	2	1	2	2	2	1
IND045	2	1	2	1	2	1	1	1	1	1	1	2	1	1	1	1	1	2	2	1
IND046	2	1	2	1	2	1	1	1	1	1	1	1	1	1	1	1	1	2	2	1
IND047	2	1	1	1	2	1	1	1	1	1	1	1	1	1	2	1	1	2	2	1
IND048	2	1	2	1	2	1	1	1	1	1	1	2	1	1	2	1	2	2	2	1
IND049	1	1	2	1	2	1	1	1	1	1	1	2	1	1	1	1	2	2	2	1
IND050	1	1	1	1	2	1	1	1	1	1	1	2	1	1	2	1	1	2	2	1
IND051	2	2	2	2	1	1	2	1	1	2	1	1	1	1	2	2	1	1	2	1
IND052	1	2	1	1	1	1	2	1	1	2	1	1	1	1	1	2	2	1	2	2
IND053	2	2	2	1	1	1	2	1	1	2	1	1	1	1	1	2	1	2	2	2
IND054	1	2	1	1	1	1	2	1	1	2	1	1	1	2	1	1	1	2	2	1
IND055	1	2	1	1	1	1	2	1	1	2	1	1	1	2	2	2	2	2	2	2
IND056	2	2	1	2	1	1	2	1	1	2	1	1	1	1	2	1	2	1	2	2
IND057	1	2	1	1	1	1	2	1	1	2	1	1	1	2	2	2	1	2	2	2
IND058	2	2	1	2	1	1	2	1	1	2	1	1	1	2	2	1	1	1	1	2
IND059	2	2	2	1	1	1	2	1	1	2	1	1	1	2	1	2	1	2	1	1
IND060	1	2	2	1	1	1	2	1	1	2	1	1	1	2	1	1	1	1	2	1
IND061	2	1	1	2	1	2	2	2	1	1	2	2	1	1	2	1	1	2	1	2
IND062	1	1	1	1	1	2	1	2	1	2	1	2	2	1	1	1	1	1	1	2
IND063	1	1	1	2	1	1	2	2	1	1	2	2	1	1	2	1	1	2	2	2
IND064	1	1	1	2	1	2	2	2	1	2	1	2	2	1	1	1	1	1	1	2
IND065	1	1	1	2	1	1	1	2	1	2	2	2	1	1	2	1	1	2	1	2
IND066	1	1	1	1	1	1	2	2	1	1	1	2	2	1	1	1	1	2	1	2
IND067	2	1	1	1	1	1	1	2	1	1	1	2	1	1	2	1	1	1	1	2
IND068	1	1	1	1	1	2	1	2	1	1	2	2	1	1	2	1	1	1	2	2
IND069	1	1	1	1	1	1	2	2	1	2	1	2	1	1	2	1	1	2	2	2
IND070	2	1	1	1	1	1	1	2	1	2	2	2	2	1	1	1	1	1	1	2
IND071	2	1	1	1	2	1	2	2	1	1	1	1	1	1	2	1	2	1	1	2
IND072	2	1	1	1	1	1	1	2	1	1	1	1	1	1	2	1	2	1	1	2
IND073	2	1	1	1	2	1	2	1	1	1	1	1	1	1	2	1	2	1	1	1
IND074	1	1	1	1	1	1	2	1	1	1	1	1	1	1	2	1	2	1	1	2
IND075	1	1	1	1	1	1	2	2	1	1	1	1	1	1	2	1	2	1	1	1
IND076	2	1	1	1	2	1	2	1	1	1	1	1	1	1	2	1	1	1	1	2
IND077	2	1	1	1	2	1	2	2	1	1	1	1	1	1	2	1	1	1	1	2
IND078	2	1	1	1	2	1	1	1	1	1	1	1	1	1	2	1	1	1	1	1
IND079	2	1	1	1	2	1	1	2	1	1	1	1	1	1	2	1	1	1	1	2
IND080	2	1	1	1	2	1	1	2	1	1	1	1	1	1	2	1	1	1	1	1
IND081	1	1	2	1	2	1	2	1	2	1	2	1	2	1	1	2	1	2	2	2
IND082	1	1	2	1	1	2	2	1	1	1	1	2	2	1	1	2	1	1	2	2
IND083	1	1	2	1	2	1	2	1	2	1	1	2	2	1	1	2	1	1	1	1
IND084	1	1	2	1	2	2	2	1	1	1	1	2	2	1	1	2	1	2	2	1
IND085	1	1	2	1	2	1	2	1	2	1	1	2	2	1	1	2	1	1	2	2
IND086	1	1	2	1	1	2	2	1	1	1	1	2	2	1	1	2	1	1	1	2
IND087	1	1	2	1	1	2	2	1	2	1	2	2	2	1	1	2	1	1	2	2
IND088	1	1	2	1	1	2	2	1	1	1	1	1	2	1	1	2	1	1	2	1
IND089	1	1	2	1	1	1	2	1	2	1	1	2	2	1	1	2	1	1	1	2
IND090	1	1	2	1	2	1	2	1	2	1	2	1	2	1	1	2	1	1	2	1
IND091	2	1	2	1	1	1	2	1	1	1	1	1	1	1	2	1	2	2	1	2
IND092	2	1	2	1	2	2	1	1	1	1	1	1	2	1	2	1	2	2	1	2
IND093	2	1	2	1	1	1	2	2	2	1	1	1	1	1	2	1	2	2	1	2
IND094	1	1	2	1	1	2	1	2	1	1	1	1	2	1	2	1	2	2	1	1
IND095	2	1	2	1	1	2	1	1	2	1	1	1	2	1	1	1	2	2	1	2
IND096	2	1	2	1	2	2	1	1	2	1	1	1	1	1	2	1	2	2	1	2
IND097	1	1	2	1	1	2	1	1	1	1	1	1	1	1	1	1	2	2	1	2
IND098	2	1	2	1	1	2	2	1	1	1	1	1	1	1	2	1	2	2	1	2
IND099	2	1	2	1	1	2	1	1	1	1	1	1	1	1	1	1	2	2	1	2
IND100	2	1	2	1	2	2	1	1	2	1	1	1	1	1	2	1	2	2	1	1
