ID	hap_1_1	hap_1_1	hap_1_2	hap_1_2	hap_2_1	hap_2_1	hap_2_2	hap_2_2	hap_3_1	hap_3_1	hap_3_2	hap_3_2	hap_4_1	hap_4_1	hap_4_2	hap_4_2	hap_5_1	hap_5_1	hap_5_2	hap_5_2
IND001	1	2	1	2	2	1	2	1	1	2	1	1	2	1	2	1	1	1	2	1
IND002	1	1	1	1	2	1	2	1	1	1	1	1	2	2	1	1	1	1	2	2
IND003	1	1	1	2	2	1	2	1	1	2	1	1	2	1	2	1	1	1	2	2
IND004	1	2	1	2	2	1	2	1	1	1	1	1	2	1	1	2	1	1	2	1
IND005	1	1	1	2	2	1	2	1	1	1	1	1	2	1	2	2	1	1	2	1
IND006	1	2	1	1	2	1	2	1	1	2	1	1	2	2	1	1	1	1	2	1
IND007	1	2	1	1	2	1	2	1	1	1	1	1	2	1	2	1	1	1	2	1
IND008	1	1	1	2	2	1	2	1	1	1	1	1	2	2	1	2	1	1	2	2
IND009	1	1	1	2	2	1	2	1	1	2	1	1	2	1	2	2	1	1	2	1
IND010	1	1	1	2	2	1	2	1	1	2	1	1	2	1	1	1	1	1	2	1
IND011	1	1	1	2	1	1	1	1	1	2	1	2	1	2	2	1	1	2	2	1
IND012	1	1	1	2	1	1	1	2	1	2	1	2	1	2	2	1	1	2	2	2
IND013	1	1	1	2	1	2	1	2	1	2	1	2	1	2	2	1	1	1	1	2
IND014	1	1	1	2	1	1	1	2	1	2	1	2	1	1	2	1	1	2	1	2
IND015	1	1	1	2	1	1	1	1	1	2	1	2	1	1	2	1	1	1	1	2
IND016	1	1	1	2	2	1	1	1	1	2	1	2	1	1	2	1	1	1	2	2
IND017	1	1	1	2	2	2	1	1	1	2	1	2	1	2	2	1	1	1	1	2
IND018	1	1	1	2	2	2	1	2	1	2	1	2	1	2	2	1	1	1	2	1
IND019	1	1	1	2	1	2	1	2	1	2	1	2	1	1	2	1	1	2	1	1
IND020	1	1	1	2	2	2	1	2	1	2	1	2	1	1	2	1	1	2	2	2
IND021	1	1	2	2	2	2	1	1	1	2	1	1	2	2	1	1	1	1	1	1
IND022	1	1	2	2	1	2	1	1	1	1	1	1	2	2	1	1	1	1	1	1
IND023	1	1	2	2	1	2	1	1	1	1	1	1	1	1	1	1	1	1	1	1
IND024	1	1	2	1	1	1	1	1	1	1	1	2	1	2	1	1	1	1	1	1
IND025	1	1	2	1	2	1	2	1	1	2	1	1	2	1	1	1	1	1	1	1
IND026	1	1	2	1	1	1	2	1	1	1	1	2	2	1	1	1	1	1	1	1
IND027	1	1	2	1	1	1	2	1	1	2	1	2	1	1	1	1	1	1	1	1
IND028	1	2	2	2	1	2	2	1	1	2	1	1	2	1	1	1	1	1	1	1
IND029	2	1	2	1	1	2	1	1	1	1	1	2	2	1	1	1	1	1	1	1
IND030	1	2	2	1	2	1	1	1	1	1	1	1	1	2	1	1	1	1	1	1
IND031	1	1	2	1	2	1	1	2	2	2	1	2	2	2	1	1	1	1	1	1
IND032	1	1	2	1	1	1	1	2	2	2	2	1	2	2	2	1	1	1	1	1
IND033	1	1	1	1	2	1	1	2	1	2	1	1	2	2	2	1	1	1	1	1
IND034	1	2	1	1	2	1	1	1	1	2	2	2	2	2	1	1	1	1	1	1
IND035	1	2	2	1	2	1	1	1	2	2	1	1	2	2	1	1	1	1	1	1
IND036	1	2	1	1	2	1	1	1	2	2	1	1	2	2	1	1	1	1	1	1
IND037	1	1	2	1	2	1	1	1	1	2	2	2	2	2	2	1	1	1	1	1
IND038	1	2	2	1	2	1	1	2	2	2	2	1	2	2	2	1	1	1	1	1
IND039	1	2	1	1	1	1	1	2	1	2	1	2	2	2	1	1	1	1	1	1
IND040	1	2	2	1	2	1	1	1	2	2	1	1	2	2	1	1	1	1	1	1
IND041	1	1	2	1	1	1	1	2	2	1	1	1	2	1	1	1	1	2	1	1
IND042	1	1	1	1	1	1	1	1	1	1	1	1	1	1	2	1	2	2	1	1
IND043	1	1	1	2	1	1	1	2	2	1	1	1	1	1	1	1	1	1	1	1
IND044	1	1	2	1	2	1	1	2	2	1	1	1	1	1	1	1	2	1	1	1
IND045	1	1	1	1	2	1	1	1	2	1	1	1	1	2	2	1	1	2	1	1
IND046	1	1	2	1	2	1	1	1	1	1	1	1	1	2	1	1	2	2	1	1
IND047	1	1	1	1	1	1	1	2	2	1	1	1	2	1	1	1	1	2	1	1
IND048	1	1	2	1	1	1	1	1	1	1	1	1	1	2	1	1	2	2	1	1
IND049	1	1	1	1	1	1	1	2	2	1	1	1	2	2	1	1	2	2	1	1
IND050	1	1	1	1	1	1	1	1	2	1	1	1	1	2	2	1	1	1	1	1
IND051	1	2	1	2	2	1	1	1	2	2	1	2	2	1	2	1	1	1	1	1
IND052	1	1	1	2	1	1	1	1	2	1	1	1	2	1	2	1	1	1	1	1
IND053	1	2	1	1	2	1	1	1	2	1	1	1	2	1	2	1	1	1	1	1
IND054	1	1	1	2	1	1	1	1	2	1	1	1	2	1	2	1	1	2	1	1
IND055	1	2	1	1	1	1	1	1	2	1	1	2	2	1	2	1	1	1	1	1
IND056	1	1	1	1	1	1	1	1	1	1	1	2	2	1	2	1	1	1	1	1
IND057	1	1	1	2	1	1	1	1	2	1	1	1	2	1	2	1	1	1	1	1
IND058	1	1	1	2	1	1	1	1	2	1	1	1	2	1	2	1	1	2	1	1
IND059	1	2	1	2	2	1	1	1	2	2	1	1	2	1	2	1	1	2	1	1
IND060	1	2	1	2	1	1	1	1	1	1	1	2	2	1	2	1	1	2	1	1
IND061	1	2	2	1	2	1	2	1	1	2	1	1	1	1	1	1	2	2	1	1
IND062	1	1	1	1	1	2	2	1	1	1	1	1	2	1	1	2	2	1	1	1
IND063	1	1	2	1	2	1	2	1	1	1	1	1	1	1	1	2	1	2	1	1
IND064	1	2	2	1	1	1	2	1	1	2	1	1	1	1	1	2	1	2	1	1
IND065	1	1	1	1	1	2	2	1	1	1	1	1	2	1	1	2	2	2	1	1
IND066	1	2	1	1	2	2	2	1	1	2	1	1	2	1	1	2	1	1	1	1
IND067	1	2	1	1	2	1	2	1	1	2	1	1	1	1	1	1	1	2	1	1
IND068	1	1	1	1	2	1	2	1	1	2	1	1	2	1	1	1	1	2	1	1
IND069	1	1	2	1	2	2	2	1	1	2	1	1	2	1	1	2	1	1	1	1
IND070	1	2	2	1	2	1	2	1	1	1	1	1	1	1	1	2	2	2	1	1
IND071	1	1	1	2	1	1	1	1	1	1	1	1	1	1	1	1	2	1	1	1
IND072	1	1	1	2	2	1	1	1	1	1	1	1	2	1	1	1	1	1	1	1
IND073	1	1	1	1	1	2	1	1	1	1	1	1	1	1	1	1	1	1	1	1
IND074	1	1	1	1	1	2	1	1	1	1	1	1	1	1	1	1	1	1	1	1
IND075	1	1	2	2	1	1	1	1	1	1	1	1	2	1	1	1	1	1	1	1
IND076	1	1	2	1	2	1	1	1	1	1	1	1	2	1	1	1	1	1	1	1
IND077	1	1	2	2	1	1	1	1	1	1	1	1	2	1	1	1	2	1	1	1
IND078	1	1	2	2	1	1	1	1	1	1	1	1	2	1	1	1	1	1	1	1
IND079	1	1	1	2	2	1	1	1	1	1	1	1	1	1	1	1	2	1	1	1
IND080	1	1	2	2	2	2	1	1	1	1	1	1	2	1	1	1	1	1	1	1
IND081	1	2	1	1	1	1	2	1	1	2	2	1	2	1	1	1	1	1	1	2
IND082	1	2	1	1	1	1	2	1	1	1	2	1	1	1	1	1	2	1	1	2
IND083	2	1	1	1	1	1	1	1	1	1	2	2	1	1	1	1	2	1	1	2
IND084	2	2	1	1	1	1	2	1	2	1	2	1	2	2	1	2	1	1	1	2
IND085	1	1	1	1	1	1	1	1	2	1	2	1	2	2	1	2	2	1	1	2
IND086	2	1	1	1	1	1	1	1	2	1	2	2	1	2	1	1	1	1	1	2
IND087	1	1	1	1	1	1	2	1	2	2	2	2	2	1	1	1	1	1	1	2
IND088	1	2	1	1	1	1	2	1	1	1	2	2	1	1	1	2	1	1	2	2
IND089	2	1	1	1	1	1	1	1	1	1	2	2	2	1	1	1	2	1	1	2
IND090	2	1	1	1	1	1	1	1	2	2	2	1	1	2	1	1	2	1	1	2
IND091	2	1	2	1	1	1	2	1	1	1	2	1	2	1	2	1	2	1	1	1
IND092	2	1	2	1	1	1	2	1	1	1	2	2	1	1	2	2	2	1	1	1
IND093	2	1	1	1	1	1	2	1	1	1	2	2	1	1	2	2	1	1	1	1
IND094	2	1	1	1	1	1	2	1	1	1	2	1	1	1	2	1	1	1	1	1
IND095	2	1	1	1	1	1	2	1	1	1	1	2	2	1	2	1	2	1	1	1
IND096	2	1	1	1	1	1	2	1	1	1	2	2	1	1	2	1	2	1	1	1
IND097	2	1	2	1	1	1	2	1	1	1	1	1	1	1	2	2	1	1	1	1
IND098	2	1	1	1	1	1	2	1	1	1	1	2	2	2	2	2	1	1	1	1
IND099	2	1	1	1	1	1	2	1	1	1	2	2	1	1	2	2	2	1	1	1
IND100	2	1	2	1	1	1	2	1	1	1	1	2	2	1	2	2	1	1	1	1
