IND0001	1 0 0 0 1 0 1 1 1 1 0 0 1 0 1 0 1 0 1 1 0 1 0 1 1 0 1 1 1 1 0 0 1 1 1 1 0 1 1 1 1 0 0 1 1 1 0 0 1 0 1 1 1 0 1 1 0 0 0 0 1 0 1 1 1 1 0 1 1 0 0 1 0 1 0 1 0 0 1 1 1 1 1 0 0 0 1 0 1 0 0 1 1 0 0 0 0 1 0 1	0 1 0 1 1 1 0 1 1 1 0 1 1 1 0 0 1 0 1 1 1 0 0 1 1 0 1 0 1 1 1 1 0 1 0 0 0 0 1 1 0 1 0 0 0 1 0 1 1 1 1 1 0 0 0 0 1 1 1 0 1 1 0 1 0 0 1 0 1 1 1 1 1 0 1 1 0 1 0 0 0 1 1 0 1 1 0 1 1 0 0 1 1 1 1 1 1 1 1 1
IND0002	1 0 1 1 1 0 0 1 1 0 0 1 0 1 0 1 1 1 0 0 1 0 0 1 0 1 0 1 1 1 0 1 1 0 0 1 0 0 1 1 1 0 1 0 1 1 0 1 1 1 0 0 1 0 0 1 0 1 1 1 0 1 0 1 0 0 0 0 0 0 1 1 0 1 1 0 0 1 1 0 0 1 1 1 1 0 0 1 1 0 1 1 1 1 1 1 0 0 1 0	0 1 1 1 1 0 1 1 1 1 1 1 1 1 1 1 0 0 1 0 0 0 1 1 0 0 1 0 0 1 1 1 1 1 0 1 1 0 1 0 0 0 1 0 0 1 1 1 0 1 0 1 0 0 1 0 0 1 0 1 1 0 0 1 0 0 0 1 0 1 0 0 1 1 0 1 0 0 1 0 0 0 0 1 0 0 0 0 0 1 0 1 1 0 1 1 0 0 0 0
IND0003	1 1 0 0 1 1 0 0 1 0 0 1 0 0 0 0 0 0 1 1 0 1 1 1 0 1 0 1 1 0 1 1 0 1 1 0 0 1 1 0 1 0 0 1 1 0 0 1 0 1 0 0 0 0 1 1 0 0 1 0 1 1 1 1 1 1 0 1 1 0 1 0 0 0 0 1 0 1 1 0 0 1 1 1 1 1 0 0 1 1 1 0 1 1 0 1 0 0 1 0	1 1 1 0 0 1 1 1 1 0 1 1 0 0 1 1 0 0 1 0 1 1 1 1 1 1 1 1 1 1 0 0 1 1 0 0 1 1 1 0 0 1 0 0 0 0 1 1 0 0 1 1 0 1 1 0 0 1 0 0 0 1 0 1 1 1 1 0 0 0 1 0 0 1 1 1 1 1 1 1 0 0 0 0 0 1 0 1 1 1 1 1 0 0 1 1 0 1 1 1
IND0004	0 0 1 1 1 0 0 1 0 0 1 1 0 1 0 1 1 1 0 1 0 1 1 0 0 0 0 0 1 1 0 0 0 0 0 0 0 1 1 1 0 1 0 0 1 0 0 0 0 1 0 0 1 0 0 1 0 1 0 1 0 0 1 0 1 1 1 0 1 0 0 1 0 0 0 0 1 1 0 1 1 1 1 1 0 0 1 1 0 0 0 1 1 0 0 1 0 1 0 1	0 1 1 0 1 1 1 1 0 1 1 0 1 0 0 1 0 0 1 0 0 0 1 0 1 1 0 1 1 1 0 1 1 1 1 1 1 1 0 0 0 1 1 1 0 0 0 1 0 0 0 0 1 1 1 1 0 0 0 0 0 1 1 1 1 1 0 0 1 0 0 1 1 0 0 1 0 0 0 0 0 1 0 1 0 0 0 1 1 0 1 0 1 1 1 0 0 0 0 1
IND0005	1 0 0 0 0 0 0 0 1 1 0 0 0 0 1 0 0 0 1 1 0 1 1 1 1 1 1 0 1 0 0 0 0 1 1 1 1 1 0 0 0 0 0 1 0 1 1 0 0 1 0 0 1 0 0 1 1 1 1 0 1 0 1 0 1 0 0 0 1 1 0 0 1 1 1 1 0 0 0 0 0 1 1 0 1 1 0 1 0 1 1 0 1 0 0 1 0 0 0 0	1 1 1 1 1 0 0 1 0 1 0 0 0 0 1 1 0 1 0 0 1 1 1 0 1 0 0 1 1 1 0 0 0 0 1 0 0 1 1 0 1 0 0 0 1 1 0 0 0 0 1 0 1 1 0 0 1 0 0 0 1 0 1 1 0 1 1 1 1 1 1 0 0 0 0 1 1 1 0 1 1 1 0 1 0 0 0 1 1 0 1 0 1 0 1 0 1 0 0 1
IND0006	0 1 1 0 1 0 1 0 1 0 1 0 1 1 1 1 0 1 1 0 0 0 1 1 1 1 0 0 1 1 1 0 0 1 0 1 0 1 1 0 1 0 0 1 0 0 0 0 1 0 1 0 1 0 0 1 0 1 0 1 0 0 0 1 1 0 0 1 0 1 1 1 0 0 0 0 1 0 0 0 0 1 1 0 0 1 0 1 0 0 1 1 1 0 1 1 1 0 0 0	1 1 1 1 0 0 1 1 1 0 0 1 0 0 0 1 0 0 0 1 1 0 0 0 0 0 0 0 1 1 1 0 1 0 1 0 0 0 0 0 0 1 1 1 1 0 1 0 0 0 0 0 0 0 0 1 1 0 1 0 1 0 0 1 1 0 1 0 0 1 0 0 0 1 1 1 1 1 0 1 1 0 1 0 1 0 1 0 0 0 0 0 1 0 0 1 1 0 0 1
IND0007	0 0 0 0 0 1 0 0 1 1 1 0 1 1 0 1 1 1 0 0 0 1 0 0 1 0 0 0 0 0 1 0 0 0 1 0 1 1 1 0 1 0 0 1 0 1 0 0 0 0 0 1 1 1 1 0 1 1 0 1 0 0 1 0 0 1 1 0 1 1 0 0 1 1 0 1 0 0 1 1 0 0 1 1 0 1 0 1 1 1 1 0 0 0 1 0 0 0 1 1	0 1 1 1 0 0 1 1 0 1 1 1 1 1 1 1 0 0 0 1 0 0 0 1 0 0 0 0 0 0 0 0 1 0 1 1 0 1 1 1 0 1 1 1 0 1 0 1 1 0 1 0 0 0 0 0 1 0 0 1 0 0 1 0 1 1 0 0 0 0 0 1 0 0 0 1 1 0 1 1 1 0 0 0 0 0 1 1 0 1 0 1 1 0 0 1 1 1 1 0
IND0008	0 0 0 1 1 1 1 1 1 1 1 0 1 0 0 1 1 0 0 1 0 1 1 1 1 0 0 0 0 1 1 0 1 1 1 1 0 0 0 1 0 1 1 1 0 0 0 0 1 0 0 0 1 1 1 1 1 0 1 0 0 0 0 0 1 1 0 1 0 1 1 0 0 1 0 1 0 0 1 1 1 1 1 1 0 0 0 1 1 1 1 1 1 1 0 1 0 0 0 0	1 1 1 0 1 1 0 1 0 1 0 0 1 0 1 0 1 1 1 1 1 0 0 0 0 0 0 1 1 0 0 0 1 0 0 0 1 1 0 0 1 1 0 1 1 0 1 1 1 1 0 1 0 0 1 0 0 0 0 1 1 0 1 0 0 0 0 0 0 0 0 1 1 0 0 1 1 0 1 1 1 1 1 0 1 0 0 1 0 0 0 0 1 1 1 1 1 1 1 0
IND0009	1 0 0 0 0 0 1 0 1 1 1 1 1 0 1 0 0 0 1 0 1 0 1 1 1 0 1 0 0 0 0 0 1 1 1 0 1 1 1 1 1 0 1 1 0 0 1 1 0 1 1 1 1 0 1 0 0 1 1 0 1 0 1 0 0 1 0 0 0 0 1 1 0 0 1 1 1 1 1 1 1 1 1 0 1 0 1 0 0 0 1 1 1 0 1 0 0 0 0 0	0 1 1 1 0 0 0 0 1 0 1 0 1 0 0 0 0 0 1 0 0 1 1 0 1 0 0 1 0 0 0 0 1 0 1 1 0 1 1 1 0 0 0 0 0 1 1 1 0 1 1 1 0 1 1 0 1 0 0 0 0 0 1 0 1 1 1 0 0 1 0 0 0 1 1 1 0 0 1 0 0 0 1 0 1 0 1 1 1 0 0 0 1 0 1 0 1 0 0 0
IND0010	1 0 0 1 0 0 1 1 1 0 0 0 0 0 1 0 0 1 0 1 0 1 0 0 1 0 0 0 1 1 1 1 1 0 1 1 0 1 0 1 0 1 1 1 0 1 0 0 1 0 0 1 0 1 0 1 1 0 0 0 1 0 0 0 0 1 1 1 1 1 1 0 1 1 0 1 0 0 1 1 1 0 1 1 0 1 1 0 1 1 1 0 1 0 1 1 1 0 1 1	1 1 0 1 1 0 0 0 0 0 0 0 1 1 1 1 0 1 1 1 1 1 1 0 1 0 1 1 0 1 0 0 1 0 1 1 0 1 1 0 1 1 0 0 0 0 1 0 0 1 1 0 1 1 0 0 0 0 1 0 0 1 1 0 1 1 0 0 1 1 0 1 0 1 0 0 0 0 0 0 0 0 1 1 1 1 0 0 0 0 0 0 0 0 0 0 1 1 0 1
IND0011	0 1 0 0 0 0 0 1 1 1 1 0 0 0 0 1 0 1 0 0 1 0 1 0 0 1 0 0 1 0 1 0 1 1 1 1 0 0 0 0 1 0 1 0 1 1 0 1 0 1 0 1 1 1 0 1 0 0 0 1 0 1 0 1 1 1 1 0 1 1 0 0 0 1 0 0 1 0 1 0 0 0 0 1 0 1 1 1 1 0 1 1 1 1 0 0 0 0 1 1	0 1 1 1 0 0 1 1 1 1 1 1 1 1 0 0 1 1 0 1 1 0 1 1 0 0 0 1 1 1 1 0 1 1 0 0 1 0 1 0 1 0 1 0 0 1 1 1 0 0 0 0 0 1 1 1 0 1 0 0 0 0 0 0 0 1 1 1 1 1 0 0 0 0 1 1 1 1 1 0 1 0 0 1 1 1 0 1 1 1 0 1 0 1 1 0 0 0 0 0
IND0012	1 0 1 1 0 0 1 1 0 1 1 1 0 0 1 0 0 1 0 0 0 1 0 0 1 1 0 1 1 1 0 0 0 0 1 0 0 1 1 1 0 1 1 1 0 0 1 0 1 0 0 1 1 1 1 0 1 1 1 1 0 1 1 1 0 1 0 1 0 1 1 0 1 1 1 0 1 1 0 1 0 0 1 0 1 0 0 0 0 1 1 1 1 0 0 0 0 1 1 1	1 0 0 1 0 1 1 0 1 1 1 1 0 0 0 1 0 1 0 0 1 1 0 1 1 0 0 0 0 1 0 0 0 0 0 0 1 1 0 1 0 0 1 1 0 1 1 0 1 0 1 0 1 0 1 1 0 0 1 1 0 0 0 1 0 1 1 0 0 1 1 0 1 0 1 1 1 1 0 0 0 0 1 0 0 0 0 1 0 0 0 0 0 0 1 0 0 1 1 1
IND0013	1 1 0 0 0 1 0 1 1 0 1 1 1 0 0 0 1 0 0 0 0 0 0 0 1 0 0 1 1 0 0 1 1 1 0 0 1 1 0 0 0 0 0 0 1 1 1 0 0 0 1 0 0 1 1 0 0 1 1 0 0 0 1 1 1 0 0 1 1 1 0 0 1 1 1 1 1 1 0 0 1 0 0 1 0 1 1 1 0 1 0 1 1 1 0 0 0 0 0 0	1 0 0 0 1 1 1 1 0 0 1 0 0 0 0 0 0 0 1 1 0 0 0 0 1 1 0 1 0 1 0 1 1 0 1 0 1 0 0 0 0 1 0 1 1 1 1 0 1 1 0 0 1 1 1 0 1 1 1 0 0 0 0 0 0 0 1 1 1 0 0 1 1 0 0 0 0 0 0 1 0 0 0 1 1 0 1 0 0 0 1 0 1 0 0 1 0 0 0 1
IND0014	0 1 0 1 1 0 1 0 0 1 1 0 0 0 1 0 1 1 1 1 1 1 1 0 0 1 0 1 0 0 1 1 0 0 1 0 1 1 0 1 0 1 1 0 1 1 0 0 1 0 0 1 1 1 0 0 0 0 0 0 1 0 1 0 1 1 1 0 0 0 1 0 1 1 0 1 0 0 0 0 1 0 0 1 1 0 0 0 1 1 1 1 0 1 1 1 0 1 1 0	0 0 0 0 0 0 0 0 0 0 0 0 0 1 0 0 1 0 0 0 0 0 0 1 0 0 0 1 1 0 0 0 0 0 1 0 0 0 0 0 0 1 1 0 0 0 1 1 1 0 0 0 1 0 1 0 1 0 0 0 1 1 0 0 0 1 1 0 0 0 1 0 0 1 1 0 1 0 1 0 0 0 0 1 1 1 0 0 0 0 1 0 1 0 0 1 1 0 1 0
IND0015	1 1 0 0 1 1 1 1 1 0 1 0 0 0 0 0 0 0 1 0 0 1 0 0 1 0 0 1 1 0 1 1 1 0 1 1 1 1 1 1 0 1 0 0 1 1 1 0 1 0 0 1 1 1 0 1 0 1 0 0 1 0 1 0 1 1 0 0 0 0 0 0 0 1 0 0 1 1 1 1 1 0 0 1 0 0 1 1 1 1 1 1 0 0 1 0 1 0 0 0	0 0 1 0 1 1 0 0 1 0 0 0 0 0 0 1 0 0 0 1 0 1 0 1 0 0 1 1 0 1 0 0 0 0 1 0 1 0 0 1 1 1 0 0 0 1 0 1 1 0 1 1 0 0 0 1 0 1 1 0 1 1 0 0 0 1 0 0 1 0 1 1 1 1 0 1 0 0 1 0 1 0 0 0 0 1 0 1 0 0 1 0 1 1 1 1 1 1 1 1
IND0016	0 0 0 1 1 1 1 1 0 0 0 1 1 0 0 0 1 1 1 0 0 0 0 1 0 1 1 1 0 0 0 1 0 1 1 0 1 1 1 0 1 1 1 0 0 1 1 0 0 0 0 0 0 0 0 1 1 0 1 0 1 0 1 0 1 1 0 0 1 1 1 0 0 0 0 0 1 1 0 0 1 1 0 0 0 1 1 1 1 0 1 0 0 1 1 1 1 1 1 1	1 0 0 0 0 0 1 0 1 0 0 0 1 0 0 1 1 1 1 1 0 1 1 0 1 1 1 0 0 1 0 0 0 1 1 1 1 0 1 1 0 1 0 0 1 0 0 0 0 0 0 0 0 1 1 1 0 0 1 0 0 1 0 0 1 1 0 0 0 1 0 0 1 0 0 1 1 1 1 1 0 0 0 0 1 1 0 0 0 0 0 0 1 1 1 1 0 0 0 1
IND0017	0 0 1 0 1 1 1 0 1 0 0 1 0 0 0 0 1 0 1 1 0 1 1 1 0 1 0 0 0 0 1 0 0 1 1 1 0 1 0 1 1 1 0 1 0 0 0 1 1 0 1 1 0 0 1 0 0 1 0 1 1 1 1 1 0 1 0 0 1 0 1 0 0 0 1 1 1 0 0 1 1 0 1 1 1 1 0 1 1 1 0 0 0 1 0 0 0 1 0 1	1 0 1 0 0 1 0 1 1 1 1 1 1 1 1 0 1 0 1 1 0 1 1 1 1 1 0 1 0 0 0 0 1 0 0 0 1 1 1 1 1 0 1 1 0 1 0 1 1 0 0 1 0 1 0 1 1 0 1 0 0 1 0 0 1 1 0 1 1 0 0 1 1 1 0 0 0 1 1 1 0 0 1 0 1 0 1 0 1 1 0 0 0 0 0 0 1 0 0 1
IND0018	0 1 1 0 0 1 1 1 0 1 0 1 0 0 0 0 1 1 1 0 0 0 1 0 0 0 1 0 0 1 1 1 0 1 1 1 1 0 0 1 0 1 1 1 1 0 0 0 1 0 1 1 0 1 0 0 1 0 1 0 0 1 1 1 1 0 0 1 1 0 0 0 0 1 1 0 1 1 1 0 1 0 0 0 1 0 0 0 0 1 0 1 1 1 1 1 0 1 0 0	0 1 0 0 0 0 0 0 1 1 0 0 1 0 0 0 1 1 0 1 1 1 1 0 0 0 1 1 1 1 1 1 1 1 0 1 0 1 0 0 1 1 0 1 0 0 0 0 0 0 0 1 1 1 1 1 1 0 0 1 1 0 0 1 0 1 1 0 0 1 1 1 1 1 1 0 1 1 1 0 0 1 1 1 1 1 1 0 1 0 1 0 0 1 1 0 1 1 1 0
IND0019	0 0 0 0 0 1 0 0 0 1 0 0 1 1 0 0 1 1 0 0 0 1 0 0 1 0 0 0 1 1 0 0 1 0 1 0 1 0 1 0 0 1 1 1 0 1 0 0 0 0 1 1 0 1 0 0 1 0 0 0 0 0 0 0 1 0 0 1 1 1 1 1 1 1 0 0 1 1 0 0 1 1 0 1 0 1 0 1 1 0 1 0 0 0 1 1 0 1 0 1	1 0 1 1 1 1 0 0 1 0 0 1 0 0 0 0 1 1 1 1 1 0 0 1 0 1 0 1 1 1 0 0 1 0 1 0 1 1 0 1 1 1 1 0 1 1 0 1 1 0 1 1 0 0 0 1 0 0 0 0 0 0 1 1 1 1 0 0 0 0 1 0 0 0 1 1 1 1 1 0 1 0 0 0 0 0 1 1 0 0 0 0 0 1 1 1 0 0 1 1
IND0020	0 0 0 1 1 1 0 0 0 0 1 0 1 0 1 1 1 1 1 0 1 0 1 1 0 1 1 1 1 1 1 1 1 0 0 1 1 0 0 1 0 1 0 0 0 0 1 1 0 1 1 0 0 1 0 1 1 0 1 1 1 0 0 1 1 1 1 1 0 0 0 0 0 1 0 1 1 1 0 1 1 1 0 0 0 1 0 1 0 0 0 1 0 1 0 0 0 1 1 1	0 1 0 0 0 0 0 1 0 0 1 0 1 1 0 0 0 1 0 1 0 0 1 1 1 0 0 0 1 0 0 1 0 0 0 0 0 0 1 1 1 0 0 1 0 0 1 0 1 0 0 0 1 1 0 1 1 1 0 0 0 0 0 0 1 0 0 0 1 1 0 0 0 1 1 0 1 1 1 0 1 0 1 1 1 1 1 1 1 1 0 1 0 0 0 0 1 0 1 1
IND0021	1 0 1 0 0 0 0 0 0 1 0 0 0 1 1 1 0 0 1 1 0 0 1 0 0 0 0 0 0 1 1 1 0 0 1 0 0 0 1 0 0 1 0 0 0 1 0 0 1 0 1 0 1 1 0 1 0 1 1 0 1 0 1 0 1 1 0 1 0 1 1 0 1 0 1 1 1 0 0 1 1 1 1 1 1 0 1 0 1 1 1 0 0 0 0 1 0 1 0 1	0 1 1 1 0 1 1 1 0 1 1 1 1 1 0 0 0 1 0 1 0 0 1 1 0 0 1 0 0 1 0 0 0 1 0 0 1 0 0 1 0 1 0 0 1 0 0 0 1 1 0 1 0 0 1 0 0 1 0 1 1 0 1 1 1 0 0 0 1 1 0 0 0 0 0 0 1 0 0 0 1 0 0 1 0 1 0 0 0 1 1 1 1 1 1 0 1 0 0 1
IND0022	0 0 1 0 1 1 1 0 1 0 1 1 0 1 0 0 1 1 1 0 1 0 1 1 1 0 1 1 0 1 1 1 0 0 0 1 0 1 1 1 1 1 0 0 1 0 0 1 0 0 0 0 1 1 0 1 0 0 0 1 0 1 0 0 1 1 0 1 1 1 1 0 0 0 1 0 0 1 1 1 1 0 1 0 1 1 1 1 0 1 1 0 0 1 1 1 1 1 1 1	1 0 1 1 1 1 1 1 1 0 1 1 0 1 0 0 0 1 0 1 0 0 1 1 0 1 0 0 0 0 1 1 1 1 0 1 1 1 1 0 1 1 0 1 0 0 0 0 0 1 0 1 1 1 0 1 0 0 1 1 1 0 0 0 0 0 1 0 1 1 0 1 0 1 1 1 1 1 1 0 0 1 0 1 1 0 1 1 1 0 0 1 1 0 1 1 0 1 0 1
IND0023	0 0 1 0 1 1 1 0 0 1 0 1 0 0 0 1 1 0 1 1 1 0 0 0 0 0 1 0 1 1 1 0 1 1 1 0 1 0 1 1 1 0 1 1 1 0 0 0 0 1 0 0 0 0 1 0 1 1 1 1 0 1 1 1 0 0 1 0 0 0 1 1 1 1 1 0 0 0 0 1 1 1 0 0 0 1 0 0 0 0 0 1 1 0 0 0 1 0 1 0	0 0 1 0 1 0 0 1 1 1 1 0 1 0 0 0 1 0 0 1 1 1 1 1 0 1 1 1 1 1 0 0 0 1 0 0 0 0 1 0 0 1 0 1 0 1 0 0 1 1 0 1 0 0 1 0 1 1 0 1 1 0 0 0 1 0 1 1 0 0 1 1 1 1 1 0 1 1 1 0 0 0 0 1 0 1 1 0 1 1 1 1 0 0 1 0 1 1 0 1
IND0024	0 0 1 1 0 1 0 1 0 1 0 0 0 1 0 1 0 1 0 0 1 0 1 0 0 1 1 0 0 0 1 0 0 1 1 0 1 0 0 0 1 0 0 1 1 1 0 0 1 1 0 1 0 1 0 1 1 0 1 0 1 0 1 1 0 1 1 1 0 0 1 1 1 1 0 0 1 0 0 1 0 0 1 1 1 0 0 0 1 0 1 0 1 0 0 0 1 0 1 0	0 0 1 1 1 1 0 0 1 1 1 1 0 0 1 0 0 1 1 0 0 1 1 0 1 1 0 1 1 1 0 1 0 1 0 0 1 1 1 1 0 0 0 0 0 0 0 1 1 0 1 1 0 1 0 1 1 0 0 1 1 0 1 0 0 0 0 1 0 1 1 0 1 1 0 1 0 0 1 0 1 1 0 1 1 0 1 1 1 1 1 1 0 1 0 1 1 1 1 1
IND0025	1 0 1 1 1 0 0 0 1 1 0 1 0 1 1 0 1 0 1 0 0 0 1 1 1 0 0 1 0 1 0 0 0 0 1 1 0 0 0 0 1 0 1 1 1 1 0 1 1 1 1 0 1 1 1 1 0 1 0 1 0 0 1 1 1 1 0 1 1 1 1 0 0 0 1 1 1 0 0 0 0 0 0 0 1 1 1 0 1 1 0 0 0 1 1 1 0 1 0 0	1 0 0 0 1 0 1 0 0 1 0 0 0 0 1 1 1 0 1 1 0 0 0 1 0 1 0 1 1 0 0 0 1 0 0 0 1 1 0 0 1 0 0 0 0 0 1 0 1 1 0 0 1 0 0 1 1 0 1 1 1 0 1 1 1 0 1 0 0 1 0 1 1 1 0 0 0 0 0 1 1 1 1 0 0 1 1 1 0 1 1 1 0 1 1 0 1 1 1 1
IND0026	0 1 0 1 1 0 0 0 0 1 1 1 1 1 0 0 0 0 0 1 0 1 0 0 0 0 0 1 1 0 1 0 1 1 0 0 1 0 1 0 0 0 0 0 1 1 0 1 0 1 0 0 0 1 0 0 1 0 0 1 1 1 0 0 1 1 0 1 1 1 1 1 0 1 0 1 1 0 1 0 0 0 1 0 1 1 1 0 1 1 0 1 0 0 0 0 0 0 1 1	0 0 0 0 1 1 1 1 0 0 0 0 0 1 0 0 1 1 1 0 0 1 1 1 0 1 1 1 0 0 0 0 1 0 0 0 0 0 0 1 0 0 1 0 0 1 0 0 1 1 0 0 1 0 0 0 0 1 0 0 1 1 1 0 1 1 0 1 0 0 0 1 0 0 0 1 0 1 1 0 1 1 0 0 0 0 1 1 0 0 0 1 1 1 0 1 0 1 0 1
IND0027	0 1 1 1 0 0 1 1 1 1 0 0 1 0 1 1 1 1 1 0 0 0 1 1 0 0 0 0 1 1 0 1 0 1 1 0 1 1 1 0 0 1 0 0 0 1 1 0 0 0 1 0 1 1 1 0 0 0 0 1 0 1 1 1 0 1 1 1 1 1 1 1 0 1 1 0 0 1 0 1 1 0 1 0 0 1 1 1 0 0 0 0 1 0 1 0 0 0 0 1	1 1 1 1 1 0 0 0 1 1 0 1 0 0 1 0 0 1 1 0 1 1 0 0 0 0 0 0 0 1 0 1 0 0 1 0 1 1 0 0 1 0 1 1 0 1 1 1 1 1 0 0 1 0 0 0 1 1 1 0 0 0 1 0 1 0 0 1 0 0 0 0 0 0 1 0 0 0 0 1 0 0 0 1 1 0 0 0 0 0 1 1 0 1 0 0 1 1 1 0
IND0028	0 1 0 1 0 0 1 1 0 0 0 1 1 0 1 1 1 1 0 0 0 1 0 1 0 0 1 0 0 1 0 0 1 0 0 1 1 1 0 0 0 1 0 1 0 0 0 1 0 0 0 0 0 0 1 0 0 1 0 1 0 1 1 1 0 0 1 1 1 1 1 0 1 0 0 0 1 1 1 1 1 0 0 0 1 1 1 0 1 0 0 0 0 1 0 0 1 0 1 0	1 1 0 1 0 1 0 1 0 0 0 1 0 0 1 1 0 1 1 1 0 1 1 1 1 0 1 1 1 0 1 0 0 1 1 0 1 1 1 1 1 1 0 1 1 0 1 0 1 1 1 1 0 1 1 1 0 1 0 1 1 0 1 0 0 1 0 1 0 1 0 1 0 0 1 0 0 1 1 0 0 1 0 1 1 0 0 1 1 0 1 1 1 0 0 1 1 1 0 0
IND0029	1 1 1 0 0 0 1 0 0 1 0 1 0 1 0 0 1 1 1 0 1 0 1 0 1 0 1 0 1 1 0 1 1 1 0 0 1 1 0 0 1 1 0 0 0 1 0 0 1 1 0 0 0 0 1 1 1 1 0 1 1 0 0 1 1 0 0 0 0 0 1 1 1 1 0 0 1 1 0 0 0 1 1 1 0 0 0 0 1 0 0 1 1 0 0 0 1 1 1 1	1 1 1 1 0 0 0 1 1 0 1 0 1 1 1 1 1 0 0 0 0 0 0 1 0 0 1 1 0 1 1 1 1 0 1 1 1 0 0 0 1 0 1 1 1 0 0 0 0 0 0 0 1 1 1 0 1 0 1 0 1 1 0 0 0 1 1 1 1 1 0 0 1 1 1 0 0 1 1 1 1 1 0 1 0 0 0 0 1 1 1 1 1 0 0 0 0 1 0 0
IND0030	0 1 1 0 0 1 1 0 1 1 1 1 0 0 0 1 1 1 0 1 0 0 0 1 1 0 0 1 0 1 1 0 1 0 1 0 0 0 1 1 1 1 1 0 0 0 0 1 1 0 0 0 1 0 0 0 1 0 0 0 0 1 0 1 1 1 0 0 0 0 1 1 1 0 1 1 0 0 1 1 0 1 0 0 0 1 1 1 1 0 1 1 1 1 0 1 0 1 0 0	0 0 1 1 0 1 1 1 1 0 1 0 0 1 1 1 0 1 0 1 0 1 1 1 0 0 0 0 0 0 1 0 1 1 0 1 0 0 0 1 0 0 1 1 1 1 0 0 1 0 1 1 0 1 0 0 0 0 1 1 1 0 0 0 0 0 0 1 1 0 1 0 1 0 1 1 0 1 0 0 0 0 0 0 0 0 1 0 1 1 1 0 0 1 0 0 1 1 0 0
IND0031	1 1 0 0 0 1 1 1 1 1 1 1 1 1 0 1 1 0 1 1 0 1 0 1 1 1 0 0 0 1 1 0 1 0 1 1 1 1 0 1 1 0 0 0 1 0 1 0 0 0 1 1 1 0 1 1 0 0 1 0 1 1 1 0 0 1 0 0 1 0 0 0 0 0 0 1 1 1 0 1 1 0 0 0 1 1 0 1 0 0 0 1 0 1 1 0 1 0 1 0	1 1 0 0 0 0 1 1 1 1 1 0 1 0 0 0 1 0 0 1 1 1 0 0 1 0 1 0 0 1 0 1 1 0 0 1 1 1 0 0 0 1 1 0 1 0 1 1 1 1 0 1 1 0 0 1 0 0 1 0 0 1 0 0 1 0 1 0 1 1 0 0 0 1 0 1 0 0 0 1 0 0 1 1 0 0 1 1 1 1 1 0 1 0 1 1 0 0 1 1
IND0032	0 1 0 1 0 0 1 0 0 0 0 1 0 1 0 0 1 0 0 0 0 0 0 0 0 0 1 0 1 0 1 0 0 1 0 0 1 1 0 1 1 1 0 0 0 0 1 0 0 1 1 0 0 0 0 1 0 1 0 1 1 1 1 0 0 1 1 0 1 1 1 1 1 0 1 0 1 1 0 0 1 1 1 0 0 0 0 1 1 0 1 1 0 0 0 1 0 0 0 0	0 1 1 1 0 1 1 0 1 0 1 0 0 1 1 0 1 0 0 0 0 1 1 0 0 0 1 0 0 0 1 0 0 1 1 0 0 1 1 0 1 1 1 1 1 0 1 0 0 1 1 0 0 0 0 0 0 1 1 0 0 1 1 0 1 1 0 0 0 0 1 0 0 0 0 0 1 0 1 1 0 0 1 1 1 1 1 0 0 0 1 1 0 1 1 1 1 1 1 1
IND0033	1 1 0 0 0 1 0 0 1 1 0 1 1 0 0 0 1 1 1 0 1 0 1 1 1 0 1 1 0 0 0 0 1 1 1 0 0 0 0 1 0 0 0 1 0 1 1 1 0 0 0 0 1 0 0 1 1 1 1 1 0 0 0 1 1 0 0 1 0 0 1 0 1 0 0 1 0 0 0 0 1 1 0 1 0 0 1 1 0 1 1 1 0 0 1 0 1 0 1 1	0 1 0 0 0 0 0 0 1 1 1 0 1 0 0 1 1 1 0 1 0 0 1 1 0 1 0 1 0 0 0 0 1 0 0 1 1 0 1 1 1 1 1 0 0 1 1 0 1 0 0 1 0 0 1 1 1 1 1 0 0 0 1 0 0 1 0 1 0 1 0 0 0 0 0 1 0 0 1 1 1 0 0 1 1 0 0 1 1 0 0 0 1 0 1 1 0 1 0 1
IND0034	0 1 1 0 0 0 1 1 1 1 1 0 1 1 0 1 1 1 1 1 1 1 1 0 0 1 0 1 0 0 0 0 1 1 0 1 1 0 1 1 0 1 1 1 1 0 0 1 1 1 1 1 0 0 1 1 0 1 1 1 1 0 1 0 1 1 1 0 1 1 1 1 1 1 0 1 1 1 0 1 0 1 1 0 1 0 0 0 1 0 1 0 1 1 1 0 1 0 0 0	1 0 1 1 1 0 0 1 1 1 0 0 1 1 1 0 1 0 0 1 0 0 1 0 1 1 1 1 0 1 0 0 1 1 0 0 1 0 1 0 1 0 0 1 1 0 1 1 1 0 1 1 0 0 0 1 0 0 0 0 0 0 1 0 0 0 1 1 1 1 0 0 0 0 1 1 0 0 0 1 1 0 1 1 1 0 1 1 1 0 1 0 0 0 0 0 1 1 0 0
IND0035	1 1 0 1 1 1 1 1 1 1 0 0 1 1 1 1 0 1 0 1 0 1 1 1 0 1 1 0 1 1 0 1 1 1 1 0 1 1 0 0 1 0 0 0 0 0 0 0 0 0 1 1 0 0 1 0 1 1 1 1 1 0 0 1 0 1 1 1 1 1 1 1 0 0 1 1 1 0 0 1 0 0 0 0 1 0 1 1 0 0 1 1 1 1 0 1 0 1 1 1	0 1 0 0 1 0 1 1 1 1 0 0 1 1 1 1 1 0 0 0 0 1 0 1 1 1 1 1 0 0 1 1 0 1 1 0 0 1 0 0 0 0 0 0 0 1 0 0 0 0 0 0 0 1 1 0 0 1 0 1 0 1 1 1 0 0 0 1 0 1 1 0 1 1 1 0 1 1 0 0 0 0 1 0 0 0 0 1 0 1 1 1 1 0 0 0 0 1 1 1
IND0036	1 0 1 1 1 1 1 1 0 1 0 0 0 0 1 0 0 1 1 0 1 1 1 1 1 0 1 0 1 0 1 0 0 1 0 0 1 0 1 0 1 0 1 1 0 1 0 0 0 0 1 0 1 0 0 1 1 1 0 1 0 0 1 0 1 0 1 1 0 0 1 1 0 1 1 0 0 1 0 1 0 0 0 1 0 0 1 1 0 0 0 1 0 0 0 0 0 1 1 0	0 1 1 1 1 0 0 1 0 0 0 1 1 1 0 0 1 1 1 1 1 0 1 1 0 1 1 1 0 0 0 1 0 0 0 1 0 0 1 1 0 0 0 0 1 0 1 1 0 1 0 0 0 0 1 0 0 1 0 0 0 0 0 1 0 0 0 0 0 0 1 1 1 0 0 0 0 0 1 1 1 1 0 1 1 0 1 1 1 1 1 1 1 0 0 0 0 1 0 0
IND0037	0 1 0 0 1 0 0 0 0 0 0 0 0 1 0 0 1 1 1 1 0 1 1 1 0 0 0 0 1 1 0 1 0 1 1 0 0 0 1 0 0 0 0 1 0 1 0 0 1 1 1 0 0 0 1 0 1 0 0 1 0 1 0 1 0 1 0 1 0 1 0 0 0 0 0 0 0 1 1 1 1 0 0 0 0 0 0 1 1 1 0 0 1 0 1 1 1 0 0 0	0 1 1 1 1 1 1 0 1 0 1 0 0 1 1 1 0 0 1 1 0 0 1 1 0 0 0 1 1 1 0 1 0 1 0 1 1 1 1 0 0 0 0 0 1 0 1 0 1 1 1 1 1 0 0 0 1 0 0 1 0 0 1 1 1 0 0 0 0 1 1 1 1 0 1 1 1 1 0 0 1 1 0 1 1 1 0 0 1 0 0 1 0 1 1 0 0 1 1 1
IND0038	1 0 0 1 1 1 0 1 0 0 1 1 1 1 0 0 1 0 0 0 1 1 1 0 1 0 1 1 0 0 0 0 0 0 1 1 0 1 0 0 0 0 0 1 1 0 1 0 1 1 1 1 1 1 1 1 1 1 1 1 1 1 0 0 0 0 0 1 0 0 1 0 1 1 1 0 1 1 1 0 0 1 0 0 1 1 1 1 0 0 1 0 0 0 0 0 0 1 1 0	1 1 0 0 0 1 1 0 0 1 0 0 1 1 0 1 0 1 0 0 0 1 0 1 1 0 0 0 0 0 1 0 0 1 0 1 0 1 0 1 0 1 1 0 0 0 1 0 1 1 1 0 1 1 1 1 0 0 1 1 1 1 0 1 1 1 0 1 1 1 1 1 0 0 0 1 1 1 0 0 0 0 1 0 1 1 0 0 1 1 0 0 1 0 1 0 1 1 0 0
IND0039	1 1 0 0 1 1 1 1 1 0 0 0 1 0 1 0 1 1 0 0 1 0 0 0 0 0 1 1 1 1 1 1 0 1 0 1 0 0 0 0 0 0 0 1 1 0 0 0 1 1 0 1 1 0 0 0 0 1 1 1 1 1 1 1 0 0 1 0 1 0 0 1 0 0 0 1 0 1 1 0 0 1 1 0 1 1 0 0 0 0 0 0 0 0 1 1 0 1 0 0	1 1 0 1 1 1 1 1 0 1 0 0 0 1 0 0 0 1 1 1 0 1 1 1 1 0 0 1 1 1 1 0 0 1 1 1 0 0 0 1 1 1 0 1 1 1 0 0 1 0 0 1 1 1 1 0 0 0 1 0 0 1 1 1 1 1 0 0 0 0 1 0 1 1 1 0 1 1 1 1 1 1 0 0 1 1 1 0 0 0 1 1 0 0 1 1 1 0 0 1
IND0040	0 1 1 1 1 0 1 0 1 0 1 1 0 1 0 0 1 1 0 0 1 1 1 1 1 1 1 1 0 0 0 1 0 0 0 0 0 1 0 1 0 1 0 1 0 0 0 1 1 0 1 1 1 1 1 1 0 0 0 1 1 0 1 0 0 0 1 1 1 0 0 0 0 1 0 1 0 1 1 1 0 1 1 0 0 0 0 0 0 1 1 1 0 0 0 1 1 1 0 0	1 0 0 1 0 1 0 0 1 1 0 1 1 0 0 0 0 0 0 1 1 1 0 1 0 1 0 0 0 0 1 0 1 1 1 1 1 0 1 0 0 1 0 1 1 0 0 1 1 0 0 1 1 0 0 1 1 1 1 1 1 0 1 1 1 0 0 1 0 1 1 0 1 0 1 0 0 0 1 1 0 0 1 0 0 0 1 1 0 0 1 0 0 0 0 0 1 0 0 0
IND0041	1 0 1 1 0 1 1 1 0 1 0 1 0 1 1 0 1 0 1 1 0 1 0 1 1 0 1 1 1 1 1 1 0 1 1 1 0 1 1 0 1 0 1 1 0 0 0 0 0 0 0 0 1 1 1 0 0 0 1 0 1 1 0 1 0 1 1 1 0 1 1 1 1 0 1 0 0 0 0 1 1 0 0 1 0 0 1 1 1 1 1 1 0 0 1 0 0 0 0 1	1 0 0 1 0 0 0 0 0 0 0 0 1 0 0 1 0 1 0 1 0 1 0 0 1 0 0 1 1 0 1 0 1 1 0 0 0 1 1 1 0 1 0 0 1 0 1 1 0 0 0 0 1 0 0 1 0 1 1 0 0 0 0 0 1 1 0 1 0 0 1 1 0 0 1 1 1 1 0 1 1 0 1 0 1 0 0 0 1 0 1 1 1 0 1 1 1 1 0 1
IND0042	0 1 0 1 0 0 0 0 1 1 0 0 0 0 1 0 1 0 1 1 1 0 0 1 0 0 0 1 1 1 1 1 1 1 0 0 1 1 1 1 1 1 0 0 0 0 1 0 1 1 0 0 1 0 0 1 1 0 0 1 0 0 1 1 0 1 0 1 0 1 1 0 1 0 0 0 1 0 1 1 0 0 1 1 0 0 0 0 0 0 0 0 0 0 0 0 1 0 0 1	1 1 0 1 1 0 1 1 0 1 1 1 0 0 1 0 1 0 1 0 1 0 1 0 1 0 1 0 0 0 1 0 1 1 1 0 1 1 1 0 0 1 0 0 1 1 1 0 1 1 0 1 0 0 0 1 0 0 1 1 0 0 1 1 0 0 0 1 1 0 1 0 1 0 0 0 1 1 0 0 0 0 1 0 0 0 0 0 1 0 0 1 0 0 0 1 0 0 1 1
IND0043	0 0 0 1 1 1 1 1 1 0 0 1 1 0 0 0 1 0 1 0 0 1 0 1 1 1 0 0 1 1 0 1 0 0 0 0 0 1 0 1 0 1 1 1 0 0 1 0 1 0 0 1 0 1 0 1 0 1 0 1 0 0 0 1 0 1 0 1 1 1 0 0 1 1 1 0 1 0 1 0 1 0 1 0 0 0 0 1 1 1 1 1 1 0 1 0 0 1 0 0	1 1 1 1 1 0 0 0 1 1 1 1 0 0 1 0 1 0 1 1 1 1 1 1 0 1 0 0 0 0 0 0 1 1 0 1 1 1 1 0 0 1 1 1 1 1 0 1 1 1 0 0 1 0 1 0 0 0 1 1 1 1 0 0 0 0 1 1 1 1 0 1 1 0 0 0 0 0 0 1 0 1 1 1 0 1 1 0 0 1 1 1 1 0 1 0 1 1 1 0
IND0044	0 1 0 0 0 0 0 0 0 1 1 1 0 1 1 1 0 1 0 1 0 1 1 1 1 1 1 0 1 0 1 0 0 1 1 0 0 1 1 1 0 0 1 0 1 1 0 0 1 0 1 0 0 1 0 0 0 1 0 1 0 1 1 1 0 1 1 1 0 1 0 1 1 0 0 0 1 0 0 1 1 0 0 1 1 0 0 0 0 0 0 1 1 1 0 1 1 0 1 1	0 0 1 0 1 1 0 0 1 1 0 0 1 1 1 0 0 0 1 0 1 1 0 1 1 1 1 0 0 0 1 1 1 1 1 1 1 1 1 1 1 1 1 1 0 0 0 1 1 1 0 0 1 0 1 0 0 1 1 0 0 1 1 1 1 0 1 0 0 1 1 0 0 0 0 1 1 0 0 1 0 1 0 1 1 1 1 0 0 0 0 0 0 0 1 0 1 0 1 0
IND0045	0 0 0 0 0 1 1 0 0 1 1 0 1 0 0 1 1 1 0 1 0 1 0 0 1 0 0 0 1 0 0 0 1 1 0 0 1 0 0 1 0 0 0 0 0 0 1 1 1 1 1 0 1 1 0 1 0 1 0 0 0 0 0 0 1 0 0 0 1 0 0 1 1 1 0 0 1 1 1 1 0 0 0 0 0 0 0 0 1 0 0 1 1 0 0 1 0 0 0 1	0 0 1 1 0 0 0 1 1 1 1 0 0 1 1 1 1 0 0 1 1 0 1 1 1 0 1 0 1 1 1 1 0 1 0 1 1 0 0 0 0 1 0 0 0 1 1 1 0 0 0 0 1 0 0 0 1 1 0 0 0 1 1 0 0 1 0 0 0 0 0 0 0 1 1 0 1 1 0 0 1 0 0 0 1 0 0 0 0 1 1 1 1 1 1 0 0 1 1 1
IND0046	1 1 0 1 1 0 1 1 0 1 0 1 0 1 1 0 0 1 0 0 0 0 0 0 0 1 0 0 1 0 0 0 0 0 0 0 0 1 1 0 0 0 0 1 0 0 0 0 0 1 0 1 1 1 0 0 1 1 0 0 0 1 1 1 0 1 1 1 1 0 0 0 1 0 0 0 0 0 1 0 1 0 1 1 1 0 0 0 1 1 0 0 1 1 1 1 1 1 0 0	1 0 0 0 0 0 1 0 1 0 0 1 0 1 0 1 1 1 1 0 1 1 0 1 0 0 1 0 0 1 1 1 0 0 1 1 0 1 1 1 0 0 0 0 1 1 0 1 0 1 1 1 0 0 1 0 0 1 0 1 0 1 0 0 0 0 1 0 1 1 1 1 1 1 1 0 1 1 1 0 1 1 1 1 1 0 0 1 1 1 1 1 1 1 0 0 0 0 1 0
IND0047	1 1 0 0 1 1 1 1 0 1 1 1 1 1 0 0 1 1 0 1 0 1 0 1 1 0 0 1 0 0 0 0 0 1 1 0 0 1 0 0 0 1 1 0 1 0 0 0 1 0 0 1 0 1 1 1 0 0 1 1 1 0 1 1 0 0 1 1 0 1 1 0 1 1 0 0 0 1 1 0 0 1 0 1 0 0 0 0 1 1 1 0 1 0 1 0 1 1 1 1	1 0 0 1 1 1 0 1 1 1 1 0 0 0 1 0 1 0 1 1 0 1 1 1 1 1 0 0 1 1 0 1 1 1 0 1 1 1 1 1 0 0 0 0 1 1 1 0 0 0 0 1 1 1 0 1 0 0 0 1 0 0 0 1 1 1 1 1 0 0 0 1 1 1 1 1 1 1 0 0 1 0 1 0 0 1 0 0 1 0 1 1 0 1 0 0 0 0 1 0
IND0048	1 1 0 1 0 0 0 0 1 1 1 0 0 1 0 0 1 1 1 1 0 1 1 1 0 0 1 1 1 1 0 1 0 0 0 1 0 1 0 1 1 0 1 0 0 0 0 1 0 0 0 1 1 1 1 1 1 1 0 1 1 0 0 1 1 0 0 1 0 0 0 0 0 1 1 1 1 1 0 1 1 1 0 0 0 0 1 0 1 1 0 1 1 0 0 1 1 1 1 0	0 1 1 0 1 1 1 1 1 1 1 0 0 0 0 1 0 0 0 0 0 1 1 0 0 1 1 0 1 1 1 1 0 0 1 1 1 1 1 0 0 1 1 1 1 1 0 1 0 0 1 0 0 0 1 1 0 0 0 1 0 0 0 0 1 1 0 0 0 0 0 0 0 1 1 0 1 0 1 0 0 0 0 0 0 0 0 0 1 1 0 0 1 1 0 1 1 0 1 1
IND0049	1 1 1 1 0 1 1 0 1 0 1 0 0 0 0 1 0 1 1 0 0 0 0 1 1 0 0 0 1 0 0 1 1 0 1 1 0 1 1 0 1 1 0 1 0 1 1 0 1 0 0 0 1 0 0 0 1 0 0 1 1 1 0 1 1 0 1 1 1 0 0 1 0 1 1 1 1 0 0 0 1 1 0 0 1 1 1 0 1 0 0 0 0 0 0 1 0 0 1 0	0 1 1 0 0 1 0 1 1 0 1 0 1 1 1 0 1 0 0 1 0 1 0 0 0 1 0 0 1 1 0 1 0 0 0 1 0 0 1 0 1 0 1 0 1 0 0 0 0 0 1 0 0 1 1 0 0 0 0 0 1 1 0 0 1 0 1 0 1 1 0 1 1 1 1 0 1 0 1 0 0 1 1 0 1 1 1 1 0 1 0 0 1 1 1 1 0 0 1 0
IND0050	0 0 0 1 1 0 1 1 0 1 0 1 1 1 1 1 1 0 0 0 1 1 1 1 0 0 1 0 0 0 1 0 0 0 0 0 1 0 0 0 0 0 1 1 1 1 0 0 1 0 1 0 0 1 1 0 1 1 1 0 0 0 1 1 0 0 1 0 0 1 1 0 0 1 1 0 1 0 0 0 1 1 0 0 0 0 1 1 1 0 1 0 0 1 0 0 0 0 1 0	0 0 0 1 1 0 1 0 1 1 0 1 1 1 1 0 0 0 1 0 0 0 0 0 1 0 0 0 0 0 0 0 1 0 1 0 1 1 0 1 0 1 1 1 1 0 1 1 1 0 1 1 1 1 0 1 1 0 1 0 1 1 1 1 1 0 0 0 0 0 1 1 0 1 1 1 1 0 0 0 1 1 1 1 0 0 1 1 0 0 0 0 1 1 0 1 1 0 1 0
IND0051	0 1 1 0 1 1 1 1 0 0 1 1 0 1 1 1 1 0 0 1 1 1 1 0 0 1 1 1 0 0 1 1 1 0 1 0 0 0 0 1 1 0 0 1 0 1 0 1 1 1 1 0 1 1 1 1 1 0 1 1 1 0 0 1 0 0 0 1 0 0 0 0 0 0 1 0 0 0 1 0 0 1 0 1 0 1 0 0 1 1 0 1 0 0 1 0 1 1 0 1	1 1 0 1 1 1 0 1 0 1 1 1 0 1 1 1 1 0 0 0 1 0 1 0 1 0 0 0 0 0 0 0 1 1 0 1 1 0 0 1 1 1 0 0 0 0 0 1 1 1 0 0 0 1 1 0 1 0 1 0 1 1 0 1 0 0 1 0 0 1 0 1 0 0 0 1 1 0 1 0 1 1 1 0 1 0 0 1 1 0 0 1 0 1 0 0 0 1 1 0
IND0052	1 1 1 1 0 1 1 0 1 1 0 1 1 1 1 1 0 1 1 0 1 0 1 1 1 0 0 0 1 1 0 0 1 1 0 0 1 0 0 1 1 1 0 1 0 1 0 0 1 1 0 0 1 1 1 0 1 1 0 1 0 1 1 0 0 1 0 1 0 0 0 1 1 0 1 0 0 1 1 0 1 0 1 1 0 1 1 0 0 0 1 0 1 0 1 0 1 0 1 0	1 1 1 0 0 0 1 0 1 0 0 0 0 0 0 0 0 0 1 1 0 1 0 0 1 1 1 0 1 0 1 1 1 0 0 0 1 1 0 0 1 0 1 0 1 1 0 1 0 1 0 0 1 1 0 1 1 1 1 0 1 0 0 0 0 0 0 1 1 1 0 1 1 1 1 0 1 0 1 0 0 1 0 0 0 0 1 1 1 1 0 0 0 1 0 1 1 0 1 1
IND0053	0 0 0 1 0 1 0 1 0 1 0 0 1 0 0 0 1 0 1 1 0 1 1 0 1 0 0 1 0 1 1 0 0 0 1 1 0 0 1 1 1 1 0 0 1 1 0 0 1 1 1 0 1 0 1 0 1 1 0 0 0 0 1 0 1 1 0 1 0 1 0 0 0 1 0 1 0 1 1 0 0 0 1 1 1 0 0 0 0 0 1 1 0 0 0 1 1 1 0 0	0 0 1 1 1 1 0 0 0 1 1 1 1 0 1 1 1 1 1 0 1 1 0 1 1 0 1 1 0 1 1 1 1 0 1 0 1 1 0 1 1 1 1 0 0 0 1 0 0 0 1 1 0 1 1 0 0 1 0 1 0 0 0 0 0 1 0 0 0 1 0 0 1 0 0 0 1 1 0 0 0 0 1 0 1 0 1 0 0 1 1 1 0 1 0 1 0 1 1 1
IND0054	0 1 0 1 0 1 0 1 0 0 1 1 1 1 1 1 0 1 1 0 1 0 1 0 1 0 1 0 1 0 0 0 0 1 0 1 0 0 1 1 0 0 0 1 0 0 0 1 1 1 0 1 0 1 1 0 0 1 1 0 1 0 0 0 1 0 0 1 0 1 0 0 0 1 0 0 1 0 0 1 1 1 1 1 1 1 0 1 1 1 1 1 1 1 1 1 1 0 0 0	0 1 0 0 0 0 1 0 1 1 0 0 0 1 1 0 1 0 1 1 0 0 0 0 0 1 0 1 0 0 1 1 1 0 0 0 1 0 0 1 1 1 0 0 1 1 0 0 1 1 0 1 1 0 0 1 0 0 1 1 0 0 0 0 0 0 0 1 0 1 0 1 0 0 0 1 0 0 0 0 0 1 1 0 1 1 1 0 0 0 1 0 1 1 0 1 0 0 1 0
IND0055	0 1 1 0 0 0 1 0 1 0 1 1 1 1 1 1 1 0 0 1 0 1 1 0 0 1 1 0 0 0 1 0 0 1 1 1 0 0 1 1 0 0 1 0 1 1 0 0 0 1 0 0 0 1 1 0 0 0 0 0 1 0 0 0 0 1 1 1 0 1 0 1 0 1 1 1 0 1 0 0 1 0 0 0 0 0 1 0 1 1 1 0 1 1 1 1 0 1 1 0	1 0 0 1 0 0 0 1 0 0 0 0 0 1 0 0 1 0 1 0 1 1 1 0 1 1 1 1 0 0 0 0 0 0 1 1 1 1 0 0 0 0 0 0 0 0 1 0 0 1 1 1 1 1 1 0 0 1 1 1 0 1 0 1 0 1 0 0 0 1 1 1 1 1 1 1 1 0 0 1 1 1 0 1 1 1 1 0 0 0 0 0 0 1 1 1 1 0 0 0
IND0056	0 1 0 0 0 1 1 1 0 1 1 1 1 1 0 1 1 1 0 1 0 0 0 0 1 1 1 0 1 0 0 1 0 1 0 1 0 1 0 0 0 1 0 1 1 1 0 0 0 0 1 1 0 1 1 0 0 1 0 0 0 1 0 1 0 0 0 1 0 1 0 0 0 0 1 0 0 1 0 1 0 1 1 0 1 0 1 0 0 1 0 1 0 0 0 1 0 0 1 0	1 1 0 0 0 0 0 1 1 1 1 1 0 1 1 0 1 0 1 0 0 1 1 0 0 1 0 0 0 1 0 0 0 1 0 0 0 0 1 0 0 0 0 0 1 0 0 0 1 1 1 0 0 1 0 0 0 1 1 0 0 1 1 0 0 1 1 1 0 0 1 0 1 1 1 1 0 0 1 0 1 1 0 1 1 1 0 0 0 1 1 0 1 1 1 0 1 0 0 0
IND0057	0 1 0 0 0 1 1 0 1 1 1 1 0 1 1 1 1 0 1 1 1 0 0 0 0 1 1 0 1 0 1 1 1 0 1 1 1 1 1 1 0 1 0 1 0 1 0 1 0 0 0 0 0 1 0 1 0 0 1 0 0 1 1 1 0 1 1 1 0 0 1 1 0 1 1 0 0 1 1 1 1 1 0 1 0 1 1 1 1 0 0 1 0 0 1 0 1 0 1 0	1 0 0 1 0 0 0 1 1 0 0 0 0 0 0 0 0 0 1 0 0 0 0 0 0 0 0 1 0 1 1 1 1 0 0 1 1 0 1 0 0 1 0 1 0 0 1 1 0 0 0 0 0 0 1 0 0 1 1 1 0 1 1 0 0 0 1 0 1 1 1 0 0 1 1 1 1 0 1 0 1 1 1 1 0 0 1 1 0 0 1 1 0 1 1 1 0 1 1 1
IND0058	0 0 0 0 1 0 0 1 0 0 0 1 0 1 1 0 0 0 0 1 0 1 1 1 0 1 1 0 1 0 0 0 1 0 1 0 1 1 0 1 1 1 0 1 1 0 1 0 1 1 0 1 1 0 1 0 0 1 0 1 1 1 0 0 0 0 0 0 0 1 0 1 0 1 1 0 0 0 0 1 0 1 0 0 1 1 0 0 0 1 1 1 1 0 0 0 1 0 0 1	0 1 0 1 0 1 0 0 1 1 0 1 0 0 0 1 0 1 1 1 1 0 0 0 0 1 1 1 0 1 0 1 0 1 1 1 0 1 1 1 0 0 1 1 1 0 1 1 0 0 0 0 0 1 1 1 0 0 1 1 0 1 0 1 1 1 0 1 1 1 0 1 1 1 0 1 0 0 0 0 0 1 1 1 0 0 1 0 1 1 1 0 1 0 0 0 0 0 1 1
IND0059	1 0 1 0 0 1 0 0 1 1 1 0 1 1 1 1 1 0 0 0 0 0 1 0 1 1 0 0 1 0 1 0 0 1 1 1 1 0 1 1 0 0 0 1 0 0 0 1 0 0 0 0 0 0 0 1 1 0 1 1 1 0 1 1 0 0 1 0 0 0 1 1 0 1 0 0 1 0 0 0 0 1 0 0 1 1 1 0 1 1 0 1 0 1 0 0 1 1 1 0	1 0 1 1 0 1 1 1 1 1 0 1 0 0 0 1 1 0 1 0 1 0 1 0 1 0 0 0 1 1 0 1 0 0 1 0 0 1 1 1 0 1 1 1 0 0 1 1 0 1 0 1 1 0 0 0 0 1 1 1 1 0 1 0 0 1 1 0 1 1 1 1 1 1 1 0 0 0 0 0 0 0 0 0 1 0 1 0 0 0 0 1 0 1 0 1 1 1 1 1
IND0060	0 0 0 1 0 0 0 0 1 0 1 1 1 0 0 1 1 0 1 1 1 1 1 1 0 1 0 1 0 1 0 0 0 0 1 0 1 0 0 0 1 0 0 0 1 0 0 0 1 0 1 1 1 1 0 0 0 0 1 1 1 0 1 1 1 0 1 0 1 0 1 1 1 0 0 1 0 1 0 1 1 0 1 1 0 0 0 1 0 0 1 1 0 1 0 0 1 1 0 1	0 1 0 0 1 0 0 0 1 0 0 1 0 1 0 1 0 1 1 0 1 1 0 0 1 1 1 0 1 0 0 1 0 0 1 1 1 0 0 0 0 0 0 1 1 1 1 0 0 0 1 1 0 0 1 0 1 0 0 1 0 0 0 0 1 1 0 0 1 0 0 0 0 0 0 1 0 0 1 0 1 0 0 0 0 1 0 0 0 1 1 0 0 1 1 1 1 1 1 1
IND0061	1 1 0 1 1 0 1 1 0 0 0 1 0 0 1 1 1 0 1 0 0 0 1 1 0 0 1 0 0 0 1 1 0 0 1 0 0 1 0 0 0 1 1 0 0 1 1 1 1 0 1 0 1 0 0 0 0 0 1 1 1 1 0 1 0 0 1 1 1 1 0 0 0 1 1 0 0 0 0 1 0 0 1 1 0 0 1 1 0 0 0 1 0 1 0 1 1 0 1 0	0 0 0 1 0 0 0 0 1 1 1 1 1 0 1 1 1 0 1 0 0 0 0 1 0 0 1 0 0 0 0 0 0 0 1 0 0 0 0 0 0 0 1 1 0 0 1 0 0 0 0 1 0 0 1 1 0 0 1 0 1 1 0 0 0 1 1 0 1 1 0 0 0 0 1 0 0 1 1 0 0 1 0 0 1 1 1 1 1 1 1 1 0 0 0 1 0 1 1 1
IND0062	0 0 0 0 1 0 0 0 1 0 0 0 0 1 0 0 0 1 1 0 1 1 0 1 0 0 1 0 1 0 1 1 0 0 0 1 1 0 0 1 1 0 1 0 0 0 0 1 1 0 0 1 0 1 1 1 1 1 1 0 1 0 1 0 1 0 0 0 0 1 1 1 1 1 0 1 1 1 1 0 1 1 1 0 0 0 0 1 0 1 1 0 0 1 1 0 0 0 1 1	1 0 0 1 1 1 0 1 0 0 0 1 0 0 0 1 0 0 1 1 1 0 0 0 0 1 1 1 0 1 1 1 0 1 1 0 1 0 1 1 0 0 0 0 1 1 0 1 0 1 0 1 0 1 1 1 0 1 1 0 0 0 1 0 0 0 0 1 0 1 1 1 1 1 0 1 0 0 0 0 1 1 1 0 0 0 1 0 0 1 0 1 0 1 1 1 0 0 1 1
IND0063	1 0 0 0 0 1 1 0 0 0 0 1 1 1 1 1 0 1 0 0 1 1 1 0 1 0 0 1 1 0 0 0 1 1 1 0 1 0 1 1 0 1 1 0 1 1 0 0 0 1 1 0 0 0 1 0 1 0 1 0 0 0 1 0 1 1 1 0 1 1 0 1 1 1 1 1 0 0 1 0 0 0 1 0 0 1 0 1 0 1 1 0 1 1 0 0 0 1 0 1	1 0 0 0 0 1 0 0 0 0 0 0 0 1 0 0 1 1 1 0 1 1 0 0 0 1 0 1 1 1 0 1 0 1 1 1 1 0 1 1 0 1 0 0 1 0 0 0 1 0 0 1 0 1 0 0 1 0 0 1 1 0 0 0 1 0 0 0 1 0 0 0 0 0 0 0 1 1 0 1 1 0 0 0 0 0 1 1 0 1 1 0 1 0 0 0 1 1 0 0
IND0064	1 1 1 0 1 0 0 0 1 0 1 1 0 1 1 1 1 1 0 1 0 0 0 0 1 0 0 0 0 1 1 0 0 0 0 0 1 1 0 0 0 0 0 1 1 1 1 1 1 1 1 0 0 0 0 0 1 0 0 1 1 1 0 1 0 1 0 1 0 0 1 0 0 1 1 1 1 0 1 1 0 1 0 0 1 0 1 1 1 1 1 0 1 1 0 1 0 0 1 1	0 1 1 0 0 0 0 1 1 1 1 0 0 0 1 0 1 0 0 0 0 1 0 1 1 0 0 0 0 1 1 1 1 0 1 0 0 1 1 1 1 0 1 0 1 1 1 1 0 1 0 1 0 1 0 1 1 1 1 1 1 1 0 0 1 0 0 0 1 0 0 0 1 1 1 0 0 1 0 0 0 0 0 0 0 0 0 0 0 1 1 0 0 1 1 1 0 0 0 1
IND0065	1 1 0 1 1 1 1 0 0 1 0 1 0 0 0 0 0 1 0 1 0 0 1 1 1 0 0 1 1 0 0 1 0 0 0 1 1 0 1 1 1 0 1 0 0 0 0 1 0 0 0 0 1 1 0 1 0 0 1 0 1 1 0 0 1 1 0 1 0 0 1 1 0 0 0 1 0 1 1 1 1 0 0 1 0 1 1 0 1 1 1 0 0 1 1 1 1 1 0 1	1 0 0 0 1 1 1 1 0 1 0 0 1 0 0 1 0 0 0 0 0 1 0 0 0 1 1 1 1 0 1 1 1 0 1 0 1 1 1 1 1 1 1 0 1 1 1 0 1 0 0 1 1 0 1 1 0 0 1 1 0 0 0 1 1 0 1 0 1 0 1 0 0 0 0 1 0 1 1 0 1 1 1 1 1 0 0 1 1 1 0 0 1 0 0 1 0 0 0 1
IND0066	1 0 1 1 1 1 0 1 1 1 1 1 0 1 1 1 1 0 1 0 0 0 1 1 0 0 1 1 0 0 1 0 0 0 0 0 1 0 1 1 0 0 1 0 0 1 0 0 0 1 1 0 1 1 1 0 0 0 0 1 0 0 0 0 1 0 1 1 1 1 0 0 1 1 0 1 0 0 1 0 0 0 0 1 1 1 0 1 1 1 0 0 1 1 0 0 1 1 1 0	0 0 0 1 0 1 1 0 1 0 1 0 1 1 1 0 0 1 0 1 0 0 0 1 1 1 1 0 0 0 0 1 1 0 0 1 1 1 1 0 1 1 1 0 0 0 1 1 1 0 1 1 0 1 1 1 0 1 1 1 0 0 1 1 0 1 1 0 1 1 1 0 1 1 0 0 1 1 1 1 0 1 0 0 1 1 1 1 0 1 1 1 0 0 0 1 1 0 1 0
IND0067	0 1 0 0 0 1 1 0 1 1 1 0 0 0 0 0 0 0 0 0 1 0 0 0 0 0 1 1 0 0 0 1 0 1 1 1 0 1 1 1 1 0 0 1 0 0 1 1 1 1 0 1 1 0 1 0 1 0 0 1 0 1 0 1 1 0 0 0 0 1 0 0 1 0 0 0 0 0 1 0 0 1 0 1 1 0 0 1 0 1 0 1 0 1 1 1 0 1 1 1	1 1 0 1 1 0 0 0 0 0 1 1 0 0 1 0 1 1 1 0 0 0 0 0 0 0 1 0 1 0 0 0 0 0 0 1 0 0 0 1 0 1 1 0 1 1 0 1 0 0 0 1 1 0 1 0 0 1 0 1 0 1 1 0 0 0 0 1 1 1 1 0 1 0 0 1 1 0 1 1 1 0 1 0 1 0 0 0 1 1 1 0 1 1 1 0 1 1 0 0
IND0068	0 0 0 1 0 0 1 0 1 1 1 0 1 0 1 1 1 1 0 1 0 0 1 0 0 0 0 1 0 1 0 0 1 0 0 0 0 0 0 0 0 1 1 0 1 1 0 1 0 1 1 1 1 1 1 0 0 0 1 0 0 1 0 0 0 1 0 1 1 0 0 0 0 0 0 1 1 0 0 0 0 1 1 0 0 0 1 0 0 1 1 0 1 1 0 1 1 0 0 1	0 0 1 0 0 0 0 0 1 0 1 1 1 0 0 0 0 1 1 1 1 0 0 1 0 1 0 1 0 1 1 1 0 1 0 0 1 0 1 1 1 0 0 0 1 1 0 1 1 0 1 0 0 0 0 0 1 0 0 0 0 1 0 1 0 0 1 1 0 1 1 0 1 0 1 0 0 0 1 0 1 0 0 1 1 0 1 1 1 1 0 0 0 1 1 1 1 0 0 0
IND0069	0 0 1 0 1 1 0 0 1 1 1 1 1 1 1 0 0 1 0 0 0 1 1 0 0 1 1 0 1 1 1 1 0 0 0 1 0 1 1 0 0 0 0 0 1 1 0 0 0 1 0 0 0 1 0 1 0 1 1 1 0 1 1 0 0 0 1 1 1 0 0 0 0 1 1 1 1 0 1 0 0 0 1 1 1 0 1 1 1 1 1 0 0 0 1 0 1 1 0 1	1 1 0 0 1 1 0 1 1 1 0 0 1 1 1 1 1 0 0 0 1 0 1 1 1 1 0 0 0 0 1 0 0 0 1 0 0 0 0 1 0 0 1 0 1 1 0 0 1 0 0 1 1 0 0 0 1 0 1 1 0 0 0 0 1 0 0 0 0 0 0 1 1 1 1 1 0 0 0 0 1 1 0 1 0 0 1 0 0 0 0 0 0 1 0 1 0 1 0 0
IND0070	0 0 0 1 1 1 0 0 0 1 1 1 0 0 1 0 1 0 0 0 1 0 1 0 1 0 1 1 1 1 0 0 1 1 0 1 1 1 1 0 1 0 0 0 1 0 0 1 1 0 1 1 1 1 1 1 1 1 0 1 0 0 0 1 0 0 0 1 0 0 0 0 1 1 0 0 1 0 1 1 1 0 0 0 1 1 0 0 0 0 0 0 0 1 0 1 1 1 0 1	1 1 0 0 1 1 0 1 0 1 1 0 0 0 0 1 0 1 1 0 0 0 1 1 0 0 1 1 0 1 1 0 1 0 1 1 1 1 0 1 1 0 0 0 1 0 1 0 1 0 1 0 1 0 1 0 0 1 1 1 0 1 0 0 1 1 1 1 0 1 0 0 1 1 0 1 0 0 0 0 1 0 0 1 0 0 0 0 0 0 1 0 1 0 1 0 0 0 0 0
IND0071	0 0 1 0 0 1 0 0 0 1 0 0 0 1 0 0 0 0 0 1 1 1 0 0 1 1 1 0 0 1 0 1 1 1 0 0 0 0 1 0 1 0 1 0 1 0 1 0 0 0 1 1 1 0 0 0 1 0 0 1 0 1 1 0 0 0 1 1 1 0 1 0 0 1 0 0 0 0 0 1 0 0 0 0 1 1 0 0 1 0 0 1 0 0 0 0 0 1 1 0	1 0 0 1 0 1 0 0 1 0 0 0 0 0 0 0 0 0 0 0 0 1 0 1 0 1 1 0 0 0 1 0 1 1 0 0 0 0 0 0 1 0 1 0 1 1 1 1 0 0 0 0 0 0 1 0 1 0 0 1 0 0 0 0 0 0 1 0 0 0 0 0 0 0 1 1 1 0 1 0 1 0 0 0 1 0 0 1 1 1 0 1 0 0 1 1 1 0 1 1
IND0072	1 1 1 1 1 0 0 1 1 0 0 0 1 0 0 1 1 0 0 1 1 1 0 0 0 0 1 1 1 0 0 1 1 0 1 0 1 0 0 0 1 1 0 0 0 1 1 0 0 0 1 1 1 0 0 1 0 1 0 1 1 1 0 1 1 0 1 1 0 1 0 0 0 0 1 0 0 0 0 0 1 0 0 0 1 0 0 1 0 1 1 1 1 0 0 0 1 1 0 0	0 1 0 0 1 1 0 0 1 0 1 0 0 0 1 1 1 1 1 1 0 0 0 0 1 1 1 1 1 1 0 1 0 1 1 0 0 0 0 0 1 0 1 0 0 1 1 1 1 0 0 1 1 1 0 0 1 1 1 0 1 0 0 0 1 0 1 0 1 0 1 1 1 1 1 0 1 0 1 0 1 1 0 0 1 1 1 0 0 0 0 0 1 1 1 1 0 0 0 0
IND0073	0 1 0 0 1 1 0 1 0 1 0 1 1 0 0 0 1 1 1 0 1 0 0 1 0 0 0 1 0 1 0 1 1 0 1 0 0 1 0 1 0 0 0 0 0 0 1 0 1 0 0 0 0 1 1 0 0 1 1 0 0 0 0 1 1 1 1 1 0 0 0 1 0 0 0 0 1 0 0 1 0 0 1 0 0 1 1 1 0 0 0 0 0 0 1 0 0 1 1 0	1 1 0 0 1 0 1 1 1 0 1 0 0 1 1 1 1 0 1 0 1 1 0 0 0 0 1 0 0 0 1 1 1 1 0 0 0 0 1 0 0 0 1 1 0 0 1 0 0 1 1 1 1 0 1 0 0 0 0 1 1 0 0 0 0 1 0 1 1 1 1 1 0 0 0 1 1 0 1 1 0 0 0 1 0 0 1 1 0 1 0 0 1 1 0 0 1 1 0 0
IND0074	0 1 0 1 0 0 0 0 0 1 1 1 0 0 1 1 0 1 0 0 0 1 0 1 0 0 0 0 0 0 1 0 1 1 1 1 1 0 0 0 0 0 1 1 1 0 0 0 0 0 0 0 1 1 0 1 1 0 1 1 1 1 0 0 1 0 1 1 1 1 1 0 0 1 1 0 1 0 1 0 1 1 0 0 0 1 1 0 1 1 0 0 0 0 1 1 0 1 1 1	1 1 1 1 1 1 1 1 1 0 1 0 1 1 0 1 1 1 0 0 0 1 1 1 1 0 1 1 1 1 0 1 1 0 0 1 0 0 0 1 0 0 0 0 0 0 1 1 1 1 0 1 1 1 0 0 1 0 1 1 1 0 1 1 0 0 1 1 1 1 1 1 1 0 0 1 1 0 1 1 0 1 1 0 0 1 1 0 1 1 1 0 1 0 1 0 0 0 0 1
IND0075	0 1 0 1 0 1 0 1 1 1 1 1 0 0 1 0 0 0 0 1 1 0 1 0 0 0 0 1 1 0 1 0 1 1 0 1 0 1 1 0 0 1 1 0 0 1 0 0 0 1 1 1 1 1 0 0 1 1 0 1 1 0 1 1 1 1 0 1 0 1 1 0 1 0 1 1 0 1 1 1 0 1 1 0 0 1 0 1 0 0 1 0 0 0 1 0 0 0 0 0	0 0 1 0 0 0 0 0 1 1 1 1 1 1 1 0 1 1 1 0 0 1 0 1 1 1 1 0 1 1 1 1 1 1 0 1 0 0 1 0 0 0 1 1 1 1 0 0 0 1 0 0 1 0 1 1 0 1 1 0 1 0 0 0 0 1 1 0 1 1 0 0 0 1 0 0 0 0 0 0 1 1 1 0 1 0 0 1 1 0 1 1 0 0 0 1 1 1 1 0
IND0076	1 0 0 0 1 0 0 1 0 0 1 1 0 1 0 0 0 0 1 0 1 1 0 1 0 1 0 0 0 1 1 0 0 1 1 0 0 1 0 1 1 0 0 0 0 1 0 0 1 0 0 0 1 0 1 0 0 1 0 1 0 0 1 0 1 1 1 1 1 0 0 0 0 1 1 0 1 1 1 0 0 0 1 0 1 0 0 0 0 0 1 0 1 1 0 1 0 0 0 0	1 1 0 0 1 1 1 0 1 1 0 1 0 0 0 0 0 1 1 1 1 1 1 1 1 0 1 1 1 1 0 1 0 0 1 0 1 1 1 1 1 0 1 1 1 1 1 1 1 0 1 0 1 0 1 0 0 1 0 1 1 1 0 1 0 0 0 1 0 0 0 1 1 1 0 1 1 0 1 1 0 1 0 1 1 0 1 1 0 0 1 1 0 0 1 1 1 0 0 0
IND0077	1 1 0 1 0 1 1 0 1 0 1 1 1 0 1 0 0 0 0 0 0 1 1 0 1 1 1 0 0 1 0 0 1 1 0 1 0 0 0 0 1 1 0 1 0 0 0 1 1 0 0 0 1 0 0 0 1 1 0 0 1 0 1 0 0 0 0 1 1 0 0 0 1 0 0 1 0 1 0 0 0 1 1 1 0 0 0 1 0 1 0 0 1 1 1 1 1 1 1 0	1 0 0 1 1 0 1 1 0 1 1 0 1 1 1 0 0 1 1 1 1 0 0 0 0 1 1 1 0 0 0 1 0 0 0 0 1 1 1 0 0 0 1 1 1 1 0 0 0 1 0 0 0 1 0 1 0 1 0 1 1 0 0 0 0 0 1 1 1 1 1 1 1 0 1 1 0 1 0 0 1 1 1 0 1 0 0 0 1 1 1 0 0 1 1 0 1 1 1 1
IND0078	0 1 1 0 1 1 0 1 0 1 0 1 1 1 1 1 1 0 1 1 0 0 1 1 0 0 1 1 0 1 1 1 0 1 0 1 0 0 0 0 0 0 1 0 1 0 1 1 0 1 1 1 1 1 1 0 1 1 0 1 0 1 1 0 0 1 0 1 1 1 0 0 1 0 0 1 1 1 0 0 1 1 0 0 0 0 1 0 0 0 1 0 1 0 0 1 0 1 0 1	1 1 0 0 1 1 1 1 1 1 0 1 0 0 1 1 0 1 1 1 0 0 0 1 0 1 0 1 0 1 0 0 1 1 0 1 0 1 0 1 0 0 1 0 1 1 0 1 0 1 1 0 0 1 1 0 1 1 0 0 1 0 1 0 0 1 0 1 0 1 1 1 0 0 0 0 0 0 1 1 0 0 0 1 0 0 0 0 1 0 1 1 0 1 1 1 0 0 0 0
IND0079	0 0 1 1 0 1 0 0 0 0 1 1 0 1 1 0 0 1 1 1 0 1 1 1 1 0 0 0 1 0 1 0 1 1 1 0 1 1 0 0 1 1 1 1 0 0 0 1 0 1 1 0 1 0 0 1 1 0 1 1 1 1 0 1 0 1 0 0 1 1 0 0 1 0 1 1 1 0 0 1 1 0 0 1 0 0 0 1 0 0 0 1 0 0 0 0 1 1 0 0	1 1 0 0 0 0 1 1 0 1 0 0 0 0 1 1 0 1 0 1 1 1 0 0 1 0 0 1 1 0 1 0 0 0 1 1 1 0 0 0 0 0 0 0 0 0 1 1 1 0 1 0 0 1 0 0 0 1 1 0 1 0 0 1 1 0 1 1 0 1 1 1 1 1 0 0 0 1 0 0 1 0 1 1 0 0 0 0 0 0 0 0 1 1 1 0 1 1 1 1
IND0080	0 0 0 0 0 0 1 1 1 1 0 1 0 1 1 0 1 0 0 0 1 0 0 0 0 1 0 0 1 0 1 0 1 1 1 1 0 1 1 1 1 0 0 1 0 0 0 0 1 1 1 1 1 1 1 0 0 1 0 1 0 1 0 0 1 1 0 0 0 1 1 0 1 1 0 0 1 0 0 1 0 0 1 1 1 0 1 1 1 1 1 0 0 1 0 0 1 0 1 1	0 0 1 1 0 1 0 0 1 1 0 0 0 0 1 1 1 1 0 0 1 1 1 1 0 0 1 1 0 0 1 0 0 0 1 1 0 1 0 0 0 1 1 1 1 0 1 0 0 0 1 0 1 0 1 0 1 1 1 0 1 0 0 1 0 1 1 1 1 0 0 1 0 0 1 1 0 1 0 0 1 1 1 1 0 1 1 0 0 1 0 0 0 1 1 1 1 1 0 1
IND0081	1 0 0 1 1 0 1 1 0 1 0 0 0 0 0 1 0 0 0 1 0 1 0 1 0 1 1 0 0 1 1 0 0 1 1 0 0 0 0 0 1 0 0 1 1 0 0 0 1 0 0 0 0 0 1 1 0 1 0 0 1 1 0 0 0 0 0 0 1 0 1 0 0 0 1 1 1 1 1 1 1 0 0 0 1 0 1 1 1 0 1 0 1 1 1 1 1 0 0 1	1 1 1 0 0 0 0 0 1 1 0 1 0 0 1 0 0 0 0 1 0 0 1 0 1 0 1 1 0 0 1 0 1 0 0 1 0 0 0 1 0 1 1 0 1 0 0 1 1 0 1 1 1 1 0 1 1 1 1 1 1 1 1 0 0 1 0 1 1 0 1 0 1 1 0 0 0 0 1 0 0 0 1 1 1 0 1 1 0 0 0 0 1 0 0 1 0 1 0 0
IND0082	1 1 0 0 1 0 1 0 1 1 1 1 0 1 0 1 1 1 0 1 1 1 0 1 1 1 1 0 1 0 0 0 0 1 1 1 0 1 0 0 1 1 0 1 1 1 1 0 0 0 1 0 0 0 1 0 1 1 1 1 1 0 0 0 0 1 0 1 1 1 0 0 0 1 1 0 1 0 0 1 0 1 0 1 1 1 0 0 1 0 0 0 1 0 0 0 1 0 0 1	1 1 0 1 0 1 1 0 0 1 1 0 0 1 0 1 1 1 1 1 0 0 1 1 0 1 1 0 1 0 0 1 1 0 1 1 1 0 0 0 1 0 0 1 1 0 0 1 0 0 0 0 0 0 0 0 1 1 0 0 1 1 0 0 0 0 1 0 1 1 1 1 0 0 1 0 1 0 1 1 0 0 0 0 0 0 1 0 0 0 0 0 1 0 0 1 1 0 0 1
IND0083	1 0 1 1 1 1 1 1 1 0 0 1 1 0 0 0 0 0 1 1 0 0 1 0 1 1 1 0 0 0 0 1 0 0 0 1 1 0 1 1 1 1 1 1 1 0 1 0 0 0 1 1 0 0 0 1 1 1 0 0 0 1 1 1 1 1 1 0 1 0 0 1 1 1 1 1 0 0 0 0 0 1 1 0 0 0 0 0 0 0 0 1 0 1 1 0 1 0 0 0	0 1 1 0 0 0 1 0 0 1 0 1 0 1 0 0 1 0 1 1 1 0 1 0 1 1 1 1 0 1 0 1 1 0 1 0 0 0 0 1 0 1 1 0 0 1 1 0 1 0 0 1 0 1 1 1 1 1 0 1 0 0 0 1 0 1 0 1 0 0 1 1 1 0 0 0 1 1 1 0 0 1 0 1 1 0 1 1 0 1 1 1 1 1 1 0 0 0 1 1
IND0084	1 1 1 1 0 1 0 1 0 0 1 0 0 0 1 0 1 0 0 1 0 0 1 1 0 0 0 0 0 0 1 1 0 0 0 1 0 0 1 0 1 1 1 0 1 1 0 0 1 1 0 1 1 1 0 0 1 1 1 0 0 0 0 0 1 0 0 1 0 1 0 1 1 1 0 0 0 1 1 1 0 1 0 1 0 0 1 1 0 0 1 1 1 0 0 0 1 1 1 1	0 1 0 1 1 1 1 1 1 1 0 0 0 1 1 1 1 0 0 0 1 0 1 0 0 0 1 1 0 1 1 0 0 0 1 1 1 1 1 0 0 0 0 0 0 1 0 1 1 0 0 1 1 1 1 1 1 0 0 1 0 1 0 0 1 0 0 0 0 0 1 1 1 1 1 1 0 1 0 0 1 1 0 0 1 0 1 0 0 1 0 1 0 1 1 1 1 0 0 0
IND0085	0 1 0 0 1 0 1 0 1 1 1 1 0 0 0 1 1 0 1 1 0 1 1 1 0 1 1 1 0 1 1 0 0 0 1 1 0 1 0 0 1 1 1 1 1 0 0 1 1 1 1 0 0 0 0 0 1 0 0 1 0 0 1 0 0 1 0 0 0 1 0 1 0 1 1 0 0 0 1 1 1 1 1 0 0 0 1 0 0 1 1 1 1 0 0 1 1 0 0 1	0 0 1 0 1 1 1 1 1 0 1 1 0 1 1 0 0 0 1 0 1 0 0 1 0 0 1 0 1 1 0 0 1 1 1 0 0 1 1 1 1 0 1 1 0 1 1 1 0 1 1 0 1 0 1 1 0 1 0 0 0 1 0 0 1 1 0 0 0 0 1 1 1 1 1 1 1 1 0 1 0 0 0 0 0 1 0 1 1 0 0 0 0 0 1 1 0 1 1 1
IND0086	1 1 0 0 1 0 0 1 1 0 1 1 0 1 1 1 1 1 0 1 0 1 1 0 0 0 1 1 1 1 0 0 1 1 1 0 0 0 0 0 0 0 1 0 1 0 0 1 1 0 1 1 0 0 0 0 0 1 0 1 0 1 1 1 0 0 1 1 1 1 0 1 1 1 1 0 0 1 0 0 1 1 0 1 0 0 1 1 0 1 1 1 0 1 0 1 0 1 1 1	1 1 0 1 0 0 0 0 0 0 0 1 0 1 1 1 0 1 0 1 1 1 0 0 0 0 1 0 0 1 0 0 0 0 1 0 1 0 0 1 0 1 0 0 1 1 1 1 1 0 0 0 0 0 0 1 0 0 0 1 0 0 0 0 0 0 0 0 0 0 0 1 0 0 0 0 1 1 0 1 0 0 0 1 0 1 1 0 1 1 0 1 1 0 1 0 0 1 0 0
IND0087	1 1 0 0 1 0 1 1 1 0 1 0 0 1 0 0 1 0 0 0 1 1 0 0 0 0 0 0 0 1 1 1 1 0 1 0 0 0 1 1 1 0 1 0 1 0 0 0 1 0 0 0 1 1 0 1 1 1 0 0 1 1 1 1 1 0 0 1 1 1 1 1 0 1 0 0 0 1 0 0 1 1 1 1 1 0 1 1 0 0 0 1 0 0 1 0 0 0 0 0	1 1 1 1 0 0 1 0 1 1 1 0 0 0 1 1 0 0 1 1 1 1 1 0 1 0 0 0 0 1 0 0 1 1 0 0 1 0 0 1 1 1 0 0 0 1 0 1 1 0 1 0 1 1 0 0 0 0 0 1 1 0 0 0 0 0 1 0 1 1 0 1 1 1 1 0 1 1 0 1 1 1 1 0 1 0 0 1 1 1 0 1 1 0 1 0 0 0 0 0
IND0088	1 0 1 1 1 0 0 0 0 1 1 0 1 1 0 0 1 1 1 0 0 0 0 1 0 0 1 1 1 1 0 1 1 0 0 0 1 1 1 0 1 0 0 0 0 0 0 0 1 1 1 1 0 1 0 0 0 1 1 0 0 0 0 0 1 1 1 1 0 1 1 0 1 0 0 1 0 0 1 1 1 0 0 0 1 1 1 1 0 1 0 1 0 1 1 0 0 0 0 1	0 0 1 1 1 1 1 0 0 1 0 1 1 0 0 1 1 1 1 1 0 0 0 0 0 1 1 1 1 1 1 1 1 1 1 1 1 1 1 0 1 1 0 1 0 1 1 1 0 1 0 0 0 0 0 0 0 0 0 0 0 1 0 0 1 1 0 1 1 1 1 1 1 1 0 0 0 1 0 0 1 0 0 1 0 1 1 1 1 0 1 1 0 1 0 1 0 0 1 1
IND0089	1 0 0 1 0 0 1 0 1 0 0 0 1 1 0 0 1 0 0 0 1 0 1 1 1 1 0 0 1 1 1 0 1 0 1 1 0 1 1 0 1 0 0 1 1 1 0 1 0 0 1 1 1 0 0 1 0 1 0 0 0 1 0 0 0 1 1 0 1 0 0 0 1 0 0 1 0 0 1 0 1 1 1 1 1 0 1 0 1 0 0 0 1 0 0 1 0 0 0 0	1 0 1 1 1 1 0 1 0 1 0 1 0 1 1 1 0 1 0 0 0 1 0 1 1 0 0 1 0 0 0 0 0 0 1 0 1 0 1 1 0 1 1 0 1 0 0 0 1 1 0 1 1 0 0 0 1 0 1 0 1 0 1 0 0 0 1 1 1 0 1 0 0 1 1 0 0 1 1 0 0 0 0 0 0 0 1 1 1 0 1 0 1 1 0 1 0 1 0 1
IND0090	0 1 0 0 1 0 1 1 1 1 0 1 1 1 0 0 0 0 0 1 0 1 0 0 0 0 0 1 1 1 1 0 1 0 0 1 1 1 0 1 0 0 0 1 1 0 0 0 1 1 0 0 0 0 1 1 0 0 1 0 1 1 0 0 0 0 1 0 1 0 0 1 1 1 0 0 1 0 0 0 0 0 0 1 0 1 0 0 0 1 1 1 1 0 0 0 1 0 1 1	1 1 0 1 1 1 1 0 1 1 0 1 0 1 0 1 0 1 1 1 1 1 1 1 0 0 1 1 0 0 0 1 1 0 1 1 0 0 0 0 1 0 1 1 0 0 0 1 1 1 0 1 0 0 0 1 0 1 0 0 0 1 0 1 0 0 0 1 1 0 1 0 1 0 1 0 0 1 1 1 1 1 0 0 1 0 0 1 0 0 0 1 1 0 1 1 1 1 1 1
IND0091	1 1 1 1 1 0 0 1 0 1 0 1 1 0 1 1 0 0 0 0 0 0 1 0 1 1 1 1 0 0 0 0 0 1 1 1 0 0 0 0 1 0 0 0 1 0 0 0 1 1 0 0 1 0 0 1 0 0 0 1 1 1 0 0 0 0 1 0 1 1 0 1 1 1 1 1 1 0 1 0 0 1 0 0 1 1 0 1 0 1 0 0 1 0 0 1 1 1 1 0	0 0 0 1 0 1 1 0 0 0 1 0 1 1 0 1 1 0 0 0 0 1 1 0 0 1 1 1 1 0 1 1 1 1 1 0 0 1 1 1 1 0 1 0 1 1 0 1 1 1 0 0 1 1 0 1 0 0 0 0 0 0 1 1 0 0 0 0 1 1 0 1 0 1 0 0 0 0 1 0 0 1 1 0 0 0 0 0 1 1 1 1 1 0 1 0 1 0 1 0
IND0092	0 0 1 1 0 1 1 1 0 0 1 1 1 0 1 1 1 1 0 0 0 1 0 0 1 1 1 1 1 1 0 1 1 1 1 1 1 0 0 0 0 1 1 1 0 1 1 0 1 0 1 1 1 1 1 1 1 0 0 1 1 1 1 0 1 0 1 1 1 1 1 0 1 1 1 1 0 1 1 1 1 0 0 1 0 1 0 0 0 1 0 0 1 1 0 1 1 1 0 0	1 1 0 0 1 0 1 1 0 1 1 0 0 0 1 0 1 0 0 0 0 1 1 0 1 0 1 0 0 0 0 1 0 1 0 1 1 1 1 1 0 0 0 1 1 1 1 1 1 1 1 0 1 1 1 0 0 0 0 1 0 0 0 0 1 0 0 1 0 1 1 1 0 0 0 1 0 0 1 0 0 0 0 1 1 1 0 0 1 1 0 0 1 1 1 0 1 0 0 0
IND0093	0 1 0 0 1 0 0 1 1 0 1 0 0 0 1 0 1 1 0 0 1 1 1 1 1 0 1 1 0 1 0 0 0 0 0 0 1 1 1 1 1 0 1 1 0 0 0 0 0 0 0 1 0 0 1 1 1 1 0 1 1 0 0 0 1 0 0 1 0 1 1 1 0 0 1 0 0 1 0 0 1 1 1 0 0 0 1 0 1 1 0 1 1 1 1 1 1 0 1 1	0 0 0 1 1 0 0 0 0 1 1 1 1 0 0 1 1 1 1 0 0 0 0 1 1 1 1 0 0 1 1 1 1 0 0 1 1 0 1 0 1 0 1 0 0 1 0 0 0 1 0 0 0 1 0 0 1 0 1 0 1 1 0 0 1 0 1 1 0 1 0 1 0 1 0 0 1 0 1 1 0 1 0 0 1 1 1 0 0 1 1 1 1 1 0 0 1 1 1 1
IND0094	1 1 0 0 0 0 1 1 0 1 1 0 0 1 1 1 1 1 0 1 1 0 1 1 0 0 1 0 1 0 0 0 1 0 0 1 1 1 0 0 1 1 1 0 0 0 0 1 1 1 1 0 1 0 1 1 0 0 0 0 0 0 1 0 1 0 1 1 1 0 1 1 0 1 0 0 0 0 1 0 1 0 0 0 1 1 1 1 0 0 1 1 0 0 1 1 1 1 1 1	1 0 1 1 0 0 0 0 1 1 1 0 1 0 1 0 1 0 1 0 1 0 0 0 1 1 1 1 1 1 1 0 1 1 1 1 0 1 0 1 0 0 1 0 1 0 0 1 1 1 0 0 1 0 1 1 1 0 0 1 0 0 1 0 0 0 1 1 1 0 0 0 0 0 0 0 1 1 1 0 1 0 1 1 1 1 1 1 0 1 0 1 0 1 0 0 1 1 0 0
IND0095	1 0 0 0 1 1 0 0 0 1 0 1 1 1 1 1 1 1 1 0 0 1 0 0 1 1 1 1 1 1 1 1 1 0 0 1 0 0 1 0 0 0 1 0 0 0 1 0 0 1 1 0 1 1 1 1 1 1 0 0 1 1 1 1 0 1 1 0 1 0 1 0 1 0 0 0 1 0 1 0 1 1 1 0 0 0 1 0 1 1 1 0 0 0 1 1 0 0 0 1	0 0 1 1 1 0 0 0 0 1 1 0 1 0 0 1 1 0 1 0 1 0 0 1 1 0 1 0 1 1 1 0 0 1 1 0 0 0 1 1 1 1 0 1 1 0 1 1 1 0 1 0 0 1 0 1 0 1 1 0 0 1 1 0 1 1 1 1 0 0 0 1 0 0 1 1 1 1 0 1 0 0 1 1 1 1 1 0 0 0 1 0 0 1 0 0 0 1 0 1
IND0096	0 0 0 1 0 1 0 0 1 1 1 1 0 1 0 0 1 1 1 0 1 0 1 0 0 1 1 0 1 0 0 0 1 0 1 0 1 1 0 1 0 1 1 0 0 0 1 1 1 1 0 1 0 0 1 1 0 1 0 1 0 0 0 0 1 0 0 0 0 0 1 1 0 1 1 1 0 0 1 1 1 1 0 1 0 0 0 1 0 1 0 0 1 1 1 1 0 0 1 0	1 0 1 0 0 0 0 1 1 1 0 0 0 1 0 0 0 0 1 1 1 1 0 0 1 1 1 1 1 0 0 0 0 0 1 1 1 0 0 1 0 0 0 0 0 0 1 0 0 0 0 0 1 1 0 1 1 0 1 1 0 1 0 1 0 0 1 1 1 1 1 0 0 1 1 1 1 0 0 0 0 1 1 0 1 0 1 1 1 0 0 0 0 1 0 1 0 0 1 0
IND0097	0 0 0 0 1 1 1 1 1 1 1 1 0 1 1 1 0 1 0 1 0 0 1 1 1 0 0 0 0 0 1 1 0 1 1 1 1 0 0 1 0 0 1 0 0 1 0 0 1 0 0 0 1 1 1 1 0 0 0 0 1 1 0 1 0 0 0 1 1 0 1 1 0 1 0 0 0 1 0 1 1 0 1 0 0 1 0 0 1 1 1 1 1 1 1 1 0 1 1 1	1 0 1 1 0 1 0 1 0 0 0 1 0 1 1 1 1 1 0 1 1 1 0 1 0 0 1 0 0 0 0 0 1 0 0 1 1 0 0 0 1 0 0 0 0 1 1 0 0 0 0 0 0 1 1 1 1 0 0 1 1 0 1 0 0 0 1 0 1 0 1 1 1 1 0 1 1 1 0 1 0 0 0 0 1 1 0 1 1 1 1 0 1 0 1 1 1 0 0 1
IND0098	1 1 1 0 0 0 0 1 1 1 0 0 1 1 1 0 0 1 1 1 1 0 1 0 0 0 0 0 0 1 1 0 0 1 0 0 1 0 0 0 1 0 1 0 0 0 1 0 0 0 0 1 0 0 0 0 0 0 1 1 1 0 0 1 0 0 1 0 1 0 1 1 1 1 1 1 1 0 1 0 0 1 1 0 0 0 0 1 0 0 1 1 0 1 1 0 0 0 1 1	0 0 1 1 1 1 1 1 0 1 1 0 0 1 0 1 0 0 0 1 0 1 1 0 1 1 1 0 1 1 0 1 1 0 1 1 0 0 0 0 1 1 1 1 1 0 1 1 1 0 0 1 1 1 1 0 0 1 1 0 1 0 1 0 0 1 1 1 0 0 0 1 1 0 0 1 0 1 0 1 1 1 0 0 1 0 0 0 0 0 0 0 0 1 0 0 0 1 1 1
IND0099	1 0 1 0 0 1 1 1 1 1 0 1 1 0 0 1 1 0 0 1 0 0 1 0 1 0 0 1 0 1 1 1 1 0 0 0 1 0 1 0 1 1 1 1 1 1 1 1 1 1 0 1 0 0 0 0 0 1 1 1 0 0 1 1 0 1 1 1 0 0 1 1 1 1 0 1 0 1 0 0 0 1 1 1 0 0 1 0 0 1 1 0 1 1 0 0 1 1 1 1	1 1 0 1 0 0 0 1 0 1 0 0 0 1 1 0 1 1 1 0 1 1 0 1 1 1 0 1 1 1 0 0 1 1 0 0 0 1 1 1 0 0 0 1 1 1 0 0 1 0 0 0 1 1 1 1 0 0 0 0 1 0 0 1 1 1 0 0 1 0 1 0 1 0 0 1 1 0 0 1 1 0 0 1 1 1 0 1 1 1 1 1 1 0 1 0 0 0 0 1
IND0100	1 0 0 0 1 0 1 1 0 0 1 1 1 0 1 0 0 0 1 0 1 1 1 0 1 1 1 1 0 1 1 1 1 1 1 0 0 1 0 0 1 0 1 1 1 0 0 1 0 1 0 0 0 1 0 1 1 0 1 1 0 0 0 1 1 0 1 1 0 1 1 0 1 1 1 0 0 1 1 1 1 1 0 0 0 1 1 0 0 1 0 0 0 1 1 1 0 1 1 1	1 0 0 0 0 0 0 0 0 1 1 0 0 1 0 1 0 0 1 0 1 1 0 1 1 0 1 1 0 0 1 0 0 1 0 0 1 1 1 0 0 1 1 0 0 1 1 0 1 0 1 0 1 0 1 0 0 0 0 1 0 1 0 1 0 1 0 0 0 0 0 1 1 0 1 0 1 1 1 1 0 0 1 1 0 0 0 0 0 1 1 0 1 0 1 0 0 1 1 1
IND0101	0 1 0 0 0 0 0 1 1 0 1 0 0 0 1 1 1 0 0 1 0 0 1 0 0 0 1 1 1 0 0 0 0 0 1 0 0 0 0 1 0 0 1 1 0 0 1 0 1 0 1 0 1 1 0 1 1 0 0 0 1 0 1 1 1 1 1 1 0 1 1 0 0 0 0 1 1 0 0 0 1 0 0 0 1 0 0 1 0 0 0 0 1 1 1 1 1 0 1 0	1 0 1 1 0 0 1 1 1 1 1 0 1 0 1 1 1 0 1 0 1 1 1 1 1 0 0 0 1 1 1 0 0 0 0 0 1 0 1 1 1 1 0 1 1 1 1 1 0 0 0 0 0 0 0 1 1 0 0 0 0 0 1 1 0 1 0 1 0 0 1 0 0 0 1 0 0 1 0 0 0 0 1 1 1 1 1 0 1 1 0 1 1 1 0 0 0 0 1 1
IND0102	1 0 1 1 1 0 1 1 1 1 1 0 0 1 0 1 0 1 0 0 0 1 1 0 1 1 0 0 1 1 1 0 1 0 1 1 0 1 1 1 1 1 1 0 0 1 1 0 1 0 0 0 0 0 0 0 1 1 1 0 1 0 0 1 0 0 1 0 1 0 0 1 1 0 0 0 0 0 0 0 0 1 0 0 1 1 1 1 1 0 1 0 0 1 1 0 0 1 0 1	0 1 1 1 1 1 1 1 0 1 0 0 0 1 1 1 0 0 0 0 0 0 0 0 0 1 1 1 1 0 0 0 1 1 0 1 1 1 1 0 0 1 0 0 0 1 0 1 1 0 1 0 1 0 1 1 1 0 1 1 0 0 0 1 1 1 0 0 1 1 1 1 0 1 0 0 0 1 1 0 1 0 1 1 1 0 1 0 0 0 0 1 1 1 1 0 1 1 1 1
IND0103	1 1 0 0 0 1 0 1 1 0 1 0 0 1 0 0 1 1 1 1 1 0 1 0 0 1 0 0 0 1 0 0 0 1 1 1 1 1 0 1 1 0 0 1 0 1 1 1 0 0 1 1 0 0 0 0 1 0 0 0 0 0 1 0 0 0 1 1 1 1 0 1 1 1 1 0 0 0 1 1 0 0 0 1 1 1 0 1 0 0 0 1 1 1 0 1 0 1 0 0	0 1 0 1 1 0 0 0 0 1 1 1 1 0 0 0 1 1 0 0 1 1 0 1 0 0 0 0 1 1 1 1 0 0 1 1 0 1 1 1 1 1 1 1 1 0 1 0 1 1 1 1 1 1 0 0 0 1 0 0 0 1 0 0 1 0 1 1 0 0 1 0 1 0 0 1 0 0 0 1 0 1 0 0 0 1 0 0 0 0 0 0 1 0 0 1 1 0 1 1
IND0104	0 0 0 1 1 1 0 1 1 0 0 1 0 1 0 1 1 1 0 0 1 1 1 1 1 0 1 0 1 1 1 0 0 1 1 1 1 1 0 0 0 1 1 1 1 0 0 0 0 0 1 1 0 1 1 1 0 0 0 1 0 1 1 0 0 1 1 1 0 0 1 1 0 0 1 0 1 1 1 1 0 0 1 1 0 0 0 1 1 1 1 0 1 1 1 0 1 0 1 1	1 0 0 0 0 1 0 0 1 1 0 0 0 1 1 1 0 0 0 0 1 1 0 0 0 0 0 0 0 0 0 1 1 1 1 0 0 0 1 1 0 1 1 0 0 0 1 1 1 1 1 1 1 0 1 1 1 1 1 0 0 1 1 1 1 0 0 0 0 1 0 0 1 0 1 1 0 0 1 0 0 0 1 0 0 0 0 1 0 0 0 0 0 0 0 0 0 0 1 0
IND0105	1 1 1 0 0 0 1 1 0 0 0 1 1 1 0 1 1 0 0 1 1 0 0 1 1 0 1 1 1 1 1 0 0 0 0 0 1 1 1 0 0 0 0 1 0 0 1 1 0 1 0 1 0 0 0 0 1 0 1 0 1 0 1 0 1 1 0 1 0 0 1 1 0 0 0 0 1 0 1 0 0 0 1 0 1 0 0 0 0 1 1 1 0 1 1 1 0 1 1 1	0 1 0 0 1 0 0 0 1 0 1 0 1 0 0 0 0 1 1 1 0 1 0 0 0 1 0 0 1 0 1 0 0 1 0 1 0 1 0 0 1 1 0 1 1 0 0 1 0 0 1 1 1 1 0 1 0 0 0 0 1 0 1 1 0 1 0 0 0 0 1 0 1 0 1 1 1 1 0 1 1 1 1 0 1 1 0 0 0 0 0 1 1 1 0 0 0 0 1 1
IND0106	1 1 0 0 0 0 0 0 0 1 1 1 1 0 1 0 0 0 0 1 0 1 0 1 0 1 1 1 0 1 0 1 1 0 0 0 1 0 0 1 1 1 0 0 1 0 1 0 1 0 1 0 1 1 0 0 0 1 1 0 1 0 1 0 0 1 0 0 0 1 0 0 1 1 1 0 1 0 0 0 1 1 0 1 0 1 1 0 1 1 1 0 0 1 0 1 0 0 0 0	1 0 1 0 1 1 0 0 1 1 1 1 0 0 0 1 0 0 1 0 1 0 0 1 1 0 0 1 0 1 0 0 1 1 1 0 1 1 0 1 1 1 1 1 1 0 0 1 0 1 0 1 0 0 0 1 1 0 1 0 0 0 0 0 1 1 1 1 1 1 1 1 1 0 0 1 1 0 0 1 1 0 0 1 0 0 1 1 0 1 0 0 0 1 0 0 0 0 0 0
IND0107	0 0 1 0 0 0 1 1 1 1 0 1 0 0 1 0 0 0 1 1 1 0 1 1 1 1 0 1 0 0 0 0 0 0 1 0 1 0 1 0 0 0 0 0 1 1 0 1 0 0 1 0 0 0 1 0 1 1 1 0 1 1 1 1 0 0 0 0 0 0 0 0 1 0 0 0 1 0 1 0 0 0 0 0 0 0 0 1 1 1 1 0 0 1 1 1 1 1 1 1	1 0 1 0 0 0 1 0 0 1 1 1 0 0 0 0 1 1 1 1 1 0 0 1 1 0 0 0 1 0 1 0 0 1 0 1 0 0 1 1 0 0 1 1 0 1 0 0 1 0 1 1 0 0 1 0 1 0 0 0 1 0 1 0 0 0 0 1 1 0 1 0 0 1 1 0 1 1 0 0 1 1 0 1 0 1 0 1 1 0 0 0 0 1 1 1 0 0 0 1
IND0108	0 1 1 0 1 0 1 1 0 0 0 0 1 1 1 0 0 1 1 1 1 1 1 1 1 0 0 1 0 0 0 1 1 0 1 0 0 1 1 1 1 0 1 1 0 1 1 0 1 1 0 0 1 1 1 1 1 1 0 0 0 1 1 0 1 0 1 0 1 1 1 0 1 1 1 0 0 1 0 1 1 0 1 1 1 1 0 1 0 0 0 0 0 0 0 1 0 1 1 1	0 1 1 1 0 1 0 0 1 0 0 1 1 1 1 1 1 0 0 0 1 0 1 0 1 1 1 1 0 0 1 1 1 1 0 0 1 1 1 1 0 1 1 0 1 1 1 0 0 1 0 1 0 1 1 1 1 0 0 0 0 0 0 0 1 1 0 0 0 0 0 0 1 1 0 1 1 1 0 1 0 1 0 1 1 0 0 0 0 0 0 1 1 0 0 0 1 0 0 0
IND0109	0 1 1 1 1 0 1 0 0 0 0 1 1 1 0 1 1 1 0 1 1 0 1 1 0 0 1 1 0 0 0 0 1 1 1 1 1 1 0 0 0 1 1 0 1 1 0 1 1 1 1 0 0 0 0 0 0 0 1 0 1 0 0 1 0 1 1 1 1 0 1 0 1 0 0 0 0 1 1 1 0 1 0 0 0 1 1 0 1 0 1 0 1 0 1 1 0 1 1 1	0 1 1 1 1 1 0 1 1 1 0 0 0 0 1 1 1 0 0 1 1 0 0 1 1 1 1 0 1 0 0 1 1 0 1 0 0 0 0 0 0 0 0 1 1 1 0 1 1 0 1 1 1 0 1 0 1 0 1 0 0 0 0 1 0 0 0 1 1 1 1 1 1 1 0 0 1 0 1 0 0 0 0 1 0 1 1 1 1 1 0 0 1 0 1 1 1 0 0 1
IND0110	1 0 1 1 0 1 1 1 1 1 0 0 1 1 0 0 1 0 0 0 1 1 1 0 0 0 1 1 1 1 1 0 1 0 1 0 1 1 1 1 0 0 0 1 1 1 1 1 1 1 1 1 0 0 0 0 0 1 0 1 1 1 0 0 0 0 1 0 0 0 0 0 0 1 1 1 0 1 0 1 1 1 1 0 1 0 1 0 1 0 1 1 0 0 1 1 0 0 1 0	0 1 1 0 0 0 1 0 1 0 0 0 0 0 0 0 0 0 0 0 1 0 1 0 0 0 1 1 0 0 0 1 0 0 1 0 0 1 1 0 1 1 1 0 1 1 1 1 0 1 1 1 0 0 1 0 1 1 0 0 0 0 0 1 0 1 0 1 1 0 1 0 1 0 0 0 0 0 1 0 1 0 1 0 0 0 0 0 0 0 0 0 0 1 1 1 0 0 1 0
IND0111	1 1 0 0 0 1 1 0 1 0 1 0 0 0 1 1 0 1 1 1 1 1 0 1 1 1 0 0 1 1 0 0 0 0 1 1 0 1 0 1 1 1 1 1 0 0 1 1 0 1 1 1 0 0 0 1 1 1 1 1 0 0 0 1 1 1 1 0 1 1 1 0 1 0 1 0 0 1 0 1 0 0 0 1 1 0 1 1 0 0 1 1 0 0 0 1 1 0 0 1	1 1 1 1 0 0 1 1 1 0 1 0 1 0 0 0 1 0 1 0 0 1 0 1 1 1 0 0 1 0 1 0 0 0 1 1 0 0 0 1 1 1 0 1 0 1 1 1 0 0 0 1 0 0 1 0 0 0 0 1 1 0 0 1 1 1 0 0 0 0 1 0 0 0 1 1 1 0 1 1 1 1 0 0 0 1 1 1 0 1 0 0 0 1 1 0 1 1 1 1
IND0112	0 1 1 0 1 1 0 0 0 0 0 0 0 0 1 1 0 1 1 0 0 0 0 0 1 1 1 1 1 1 1 1 0 0 0 0 0 0 1 0 0 1 0 0 0 0 0 0 1 1 0 0 1 1 1 1 1 0 1 0 1 1 0 0 0 0 0 0 0 0 1 0 1 1 0 0 1 0 1 1 0 0 0 1 0 0 1 0 1 0 0 0 0 0 1 0 0 1 0 1	1 1 0 0 1 1 1 1 0 0 1 0 0 0 0 0 1 0 0 1 1 1 0 0 1 0 1 0 1 1 0 0 1 1 0 0 0 0 0 0 1 1 0 1 0 0 0 1 0 1 0 1 1 1 0 0 1 1 0 0 1 1 0 1 1 0 0 1 1 0 0 0 1 1 0 0 1 1 1 1 1 0 0 1 1 1 1 1 0 0 1 0 0 1 0 0 0 1 0 1
IND0113	1 1 0 1 0 1 1 0 1 1 1 0 1 0 0 0 0 1 1 0 0 0 1 0 0 0 0 0 0 1 1 1 0 0 0 1 0 1 0 1 1 0 0 1 1 0 0 0 1 1 1 0 0 1 1 1 1 1 0 1 1 1 1 1 0 0 1 1 1 0 1 1 0 0 1 1 1 1 0 1 0 0 0 0 0 0 1 0 0 1 1 0 1 0 1 1 1 0 0 1	0 0 1 0 1 1 1 1 0 1 1 0 0 0 0 0 1 1 0 1 1 1 0 1 0 1 0 1 0 0 1 0 1 0 0 1 1 1 0 0 1 0 0 1 0 0 0 0 0 1 0 0 1 1 0 1 1 1 0 1 0 1 0 1 1 0 1 1 0 1 0 1 1 1 1 0 1 1 0 0 0 1 1 0 0 0 1 0 0 1 0 1 0 1 0 0 1 0 1 0
IND0114	1 0 1 0 1 1 1 1 0 0 1 0 1 0 0 0 0 1 0 0 1 1 0 0 0 0 0 0 0 0 1 0 0 1 0 0 0 1 1 0 1 1 0 0 1 0 0 1 0 0 1 0 1 1 1 0 0 1 0 1 0 1 1 0 0 0 1 1 0 1 1 1 1 1 1 1 0 1 0 1 1 0 0 0 0 0 0 0 0 0 0 1 0 0 0 0 1 0 0 1	0 0 0 1 1 0 1 1 0 0 0 1 1 1 0 1 1 1 1 1 0 0 0 1 0 0 0 0 0 1 0 0 0 1 1 1 0 1 1 1 0 0 0 0 1 1 1 0 1 1 1 0 0 0 0 0 0 0 0 1 1 0 1 1 1 0 0 1 1 1 1 1 1 1 0 0 1 0 0 1 1 0 1 1 0 1 0 1 0 0 1 1 1 0 1 0 0 0 1 0
IND0115	1 1 0 1 0 0 1 1 0 0 1 1 1 1 0 1 1 1 0 0 1 0 0 0 1 0 0 0 0 0 1 1 1 1 1 0 0 1 0 0 1 1 0 0 0 1 0 0 1 1 1 1 0 1 1 0 0 1 0 0 1 1 1 1 1 0 1 1 1 0 0 1 1 1 0 0 1 0 0 1 1 1 1 0 0 0 1 0 0 0 1 0 1 0 0 1 1 0 1 0	0 0 1 1 1 0 0 1 0 1 0 1 0 1 0 0 0 1 1 1 1 0 0 0 1 0 0 1 0 0 1 1 0 0 0 0 1 1 0 1 1 0 0 0 0 1 0 1 1 1 1 1 0 1 0 1 0 0 0 0 0 0 1 1 0 0 0 1 0 0 1 0 0 1 0 1 0 0 1 1 0 0 0 0 1 0 0 1 1 1 0 0 0 1 1 1 0 0 1 1
IND0116	1 0 1 0 1 0 0 0 1 0 1 1 0 1 0 1 0 1 0 1 0 1 1 0 0 1 1 1 0 1 0 1 1 1 1 1 1 1 1 0 0 1 0 0 1 0 0 0 1 0 0 0 0 0 1 1 1 1 0 0 1 0 0 1 1 0 1 1 1 1 0 0 0 0 0 1 0 1 1 0 1 0 0 0 0 1 0 0 1 0 0 1 0 1 1 0 1 1 1 1	0 0 0 0 0 1 0 0 0 1 0 1 0 1 0 0 1 0 1 1 1 1 1 1 0 1 0 0 0 1 0 0 0 0 1 0 1 0 1 1 0 0 0 1 1 1 0 0 0 0 0 1 0 1 0 0 0 1 0 1 1 1 0 1 1 0 1 1 1 1 0 1 1 1 0 1 1 1 0 0 0 1 1 1 1 1 1 0 1 0 0 1 1 1 0 0 0 1 0 0
IND0117	1 1 0 1 1 0 0 1 1 1 0 1 1 1 1 0 1 0 1 1 0 0 0 1 0 0 1 0 1 1 0 1 1 0 0 0 1 1 0 1 1 1 0 1 1 1 0 1 0 1 0 0 0 1 1 0 1 1 0 0 1 0 1 1 0 1 1 1 0 1 1 0 0 1 0 1 1 1 1 0 0 0 0 1 0 0 0 0 0 1 0 1 0 1 0 0 1 0 0 0	0 0 1 0 1 0 1 1 1 0 0 1 0 1 0 0 1 1 1 0 0 1 0 0 0 1 1 0 0 1 0 0 0 1 0 0 1 1 0 1 0 1 1 1 0 1 0 0 1 1 0 1 1 1 0 1 0 0 1 1 0 1 0 1 0 0 1 1 1 0 0 0 1 1 1 0 0 1 0 0 0 0 0 1 1 1 1 1 1 1 0 1 1 0 1 1 0 0 1 1
IND0118	0 1 0 1 1 1 1 1 0 0 0 0 0 0 1 1 0 0 1 0 0 0 1 0 0 0 0 0 1 0 0 0 1 0 0 1 0 1 0 1 0 1 1 0 0 0 1 1 0 0 1 0 1 1 0 1 0 1 0 0 1 0 0 0 0 1 1 0 1 1 0 1 0 0 0 1 0 0 0 0 0 1 0 1 0 0 1 0 0 0 1 1 1 0 0 1 0 1 0 0	0 0 0 0 0 0 0 0 0 0 0 0 1 1 0 0 1 1 0 0 1 0 1 0 0 1 0 0 1 0 0 1 1 1 1 1 0 1 1 0 0 1 1 0 1 0 1 1 0 0 1 0 0 0 1 0 1 1 1 1 0 1 1 1 0 0 0 0 1 1 1 0 0 1 0 1 0 1 1 0 0 1 0 0 1 1 0 0 0 1 1 0 0 0 0 1 0 1 0 1
IND0119	1 0 0 0 0 1 1 0 1 1 1 1 0 1 0 1 1 0 1 0 1 0 1 1 0 0 0 1 1 1 0 0 1 1 1 1 0 1 1 1 1 0 0 1 1 1 1 0 0 0 1 0 1 1 1 0 1 0 0 1 1 1 0 0 1 0 1 0 0 1 0 1 0 0 0 1 1 0 1 1 0 1 0 1 0 1 0 0 1 1 0 1 1 1 0 0 0 1 0 1	1 0 1 1 1 1 0 0 1 1 1 1 1 0 0 0 0 1 0 1 0 1 0 0 0 1 0 0 1 0 0 0 1 0 1 1 1 1 0 1 0 1 0 0 0 1 1 0 0 1 0 1 1 0 1 1 0 1 0 1 1 0 0 1 0 1 0 0 0 1 1 0 1 1 0 1 0 1 0 1 0 1 1 0 1 1 1 1 1 0 1 1 0 1 0 1 0 0 0 0
IND0120	1 0 1 1 0 0 1 0 1 1 1 1 1 0 1 0 1 0 1 1 0 0 0 1 1 1 0 1 1 0 1 0 0 0 1 1 0 1 1 1 1 1 1 1 0 0 0 1 1 1 0 1 0 0 0 1 0 1 0 0 1 0 0 0 0 0 0 0 0 0 0 0 0 0 0 1 0 0 0 1 1 1 0 1 1 1 1 0 1 1 1 1 0 1 1 0 0 1 1 1	0 0 0 0 1 1 1 1 0 0 1 0 0 0 1 1 1 0 0 1 1 0 1 1 1 0 1 0 0 1 1 0 0 0 1 1 0 0 1 0 0 0 0 1 0 1 1 0 1 1 0 1 1 1 0 1 0 1 1 1 0 0 0 1 0 0 1 0 0 0 0 1 0 1 0 0 1 1 0 1 0 0 0 0 1 0 0 1 1 0 1 1 0 1 1 0 1 0 1 0
IND0121	1 1 1 0 0 0 0 1 1 0 1 1 0 1 1 0 1 0 0 0 0 0 0 0 0 0 1 0 0 1 1 0 1 0 0 0 1 1 1 0 1 0 0 1 1 0 1 1 1 1 0 1 1 0 1 0 0 0 1 1 1 1 0 0 1 0 0 1 0 0 0 1 1 1 0 0 1 1 0 1 1 1 1 0 1 1 1 1 1 0 0 1 1 0 0 0 1 1 1 1	0 0 0 1 0 1 0 0 0 1 0 0 1 1 1 0 0 1 1 0 1 1 0 0 1 1 0 0 1 0 1 0 0 0 1 1 0 0 0 1 0 1 1 0 0 1 1 1 1 0 0 0 1 0 0 1 1 0 0 0 1 1 0 0 0 1 0 0 1 1 1 1 1 0 1 0 1 0 1 0 1 1 1 0 1 0 0 0 1 0 1 1 0 1 1 1 1 1 1 1
IND0122	1 0 0 0 1 1 0 1 1 1 0 0 1 0 0 1 1 0 1 0 1 1 0 1 1 1 0 0 0 1 1 0 0 1 1 1 0 0 1 1 1 0 0 1 0 0 0 0 0 0 1 1 1 0 0 0 1 0 0 0 0 1 1 0 0 0 0 0 0 1 0 1 0 1 1 0 0 1 1 1 0 1 0 1 1 0 0 1 0 0 0 1 0 0 0 0 0 1 1 0	1 0 0 1 0 1 1 0 1 1 0 1 0 1 1 0 1 0 1 0 0 0 1 0 0 1 1 1 0 1 0 0 0 1 1 1 0 0 0 0 0 1 1 1 0 0 1 1 1 0 0 0 0 0 1 0 0 1 1 0 0 0 0 0 0 1 0 0 1 1 0 1 1 1 0 1 1 1 1 0 1 0 1 1 1 0 1 1 0 0 0 0 1 1 0 1 0 1 1 1
IND0123	0 0 0 0 0 0 0 1 1 0 1 0 0 1 1 0 0 1 1 1 1 0 0 0 0 0 1 0 0 1 1 1 1 1 0 0 1 1 0 0 1 1 1 1 1 0 1 0 1 1 0 1 1 0 1 0 1 0 0 0 1 0 1 1 1 1 0 1 1 1 0 1 0 1 1 1 0 1 0 1 1 1 0 0 1 1 1 1 1 1 0 0 0 1 0 0 1 0 1 1	0 1 0 0 0 0 0 1 1 1 0 1 0 1 1 1 0 1 1 0 1 1 1 1 0 0 1 1 0 1 0 1 1 0 1 0 0 1 1 0 0 0 0 0 0 0 0 1 1 1 1 0 0 1 0 0 1 0 0 0 1 0 1 0 1 0 1 0 1 1 1 0 0 0 1 0 0 1 1 0 0 1 1 0 0 0 0 0 0 0 1 0 1 0 1 0 0 1 0 1
IND0124	0 1 1 0 1 1 1 0 1 0 1 0 1 1 0 0 0 1 0 1 0 1 1 1 1 0 1 0 1 1 0 1 1 1 1 0 0 0 1 0 1 1 0 0 0 1 0 0 0 1 0 0 1 0 1 1 1 1 0 0 1 0 1 1 0 1 0 0 0 1 0 1 1 0 0 1 0 1 0 0 1 0 1 0 1 1 0 1 0 0 0 1 0 0 1 1 0 0 1 1	0 1 1 0 1 0 0 1 0 1 0 0 1 0 0 1 0 0 1 0 0 0 1 1 1 0 0 1 1 0 1 0 1 0 1 1 0 1 1 1 0 1 0 0 1 0 1 0 1 0 0 1 1 1 0 0 1 1 1 1 1 1 0 0 0 0 0 1 0 0 1 1 1 0 0 0 1 0 1 0 0 0 1 1 1 1 0 1 1 1 1 0 0 1 0 0 1 1 0 0
IND0125	0 0 0 1 1 1 0 0 1 1 0 0 1 1 0 0 0 0 0 0 1 1 1 1 0 0 0 1 1 1 0 1 0 1 0 0 0 1 0 1 1 1 0 0 0 0 1 0 1 1 0 0 1 0 0 1 0 0 0 0 0 0 0 1 1 0 1 1 1 1 0 0 1 1 1 1 1 0 1 1 0 1 0 0 0 1 0 0 0 0 1 1 0 0 0 0 1 0 0 0	0 0 1 0 1 1 0 0 0 1 1 0 1 0 1 0 0 0 1 0 1 1 0 0 0 0 0 1 1 0 0 0 1 1 0 0 1 0 1 1 0 1 1 1 0 0 0 0 1 1 1 0 1 0 0 1 1 1 1 1 0 1 0 0 1 1 1 1 0 1 0 1 1 1 1 1 1 0 1 0 0 0 1 0 0 0 0 1 1 1 0 1 1 0 0 0 0 1 1 1
IND0126	0 0 1 0 0 0 0 1 1 0 0 0 1 0 1 0 0 0 0 0 0 0 0 1 1 1 1 1 0 0 0 1 1 0 0 0 0 0 1 0 1 0 0 0 0 1 1 1 1 1 0 1 0 0 1 1 0 0 1 1 0 1 0 0 0 0 1 0 0 1 0 1 0 1 1 0 0 1 0 0 0 0 1 0 1 0 1 1 1 1 1 1 1 0 1 1 0 0 1 0	1 0 1 1 1 1 1 0 0 0 1 0 0 0 1 1 1 0 0 0 0 1 0 0 1 1 1 0 1 1 1 0 1 1 0 0 1 0 0 0 1 0 1 0 1 1 1 0 0 0 0 1 0 1 0 1 1 0 1 0 0 1 0 1 1 0 1 1 1 1 1 1 0 1 1 0 1 0 1 0 1 0 0 1 0 0 1 0 1 1 1 0 0 0 0 0 0 0 0 0
IND0127	1 1 1 0 1 1 0 1 1 0 0 1 0 0 1 1 1 0 1 1 0 0 1 0 1 1 1 1 0 1 1 1 1 0 0 1 0 1 1 0 0 1 0 1 0 1 1 1 1 1 1 1 1 1 1 1 1 1 0 1 1 1 1 0 0 1 0 1 0 1 0 0 0 1 0 0 1 0 0 1 1 0 0 0 0 0 1 1 0 1 1 0 0 1 0 1 1 1 1 0	0 0 1 0 1 0 0 1 1 1 0 0 0 1 1 1 1 1 0 1 0 0 0 1 1 0 0 0 1 1 1 1 1 1 0 0 0 0 0 0 0 1 0 0 1 1 0 0 0 0 1 0 0 1 1 0 1 0 0 1 1 0 1 0 0 0 1 1 0 1 1 1 1 1 0 1 0 0 0 0 0 0 1 1 0 1 0 0 1 0 1 0 1 0 1 0 1 0 1 1
IND0128	1 1 0 0 0 1 1 0 0 0 0 0 0 0 0 0 0 0 0 1 0 0 0 0 1 1 1 1 1 0 0 0 0 0 0 0 1 0 1 0 1 0 0 0 1 1 1 1 1 1 1 1 1 0 0 0 1 1 0 0 0 0 0 0 0 0 0 1 0 0 0 1 1 1 1 1 1 0 0 1 0 1 1 0 0 0 1 0 1 1 1 0 1 1 0 0 0 1 0 0	1 0 1 0 0 0 0 1 1 1 1 1 1 1 0 1 0 0 0 0 1 1 1 1 0 1 1 0 0 0 0 1 1 1 0 0 1 0 1 0 1 0 0 1 0 0 1 0 0 0 0 1 0 1 1 1 1 0 1 0 0 0 0 1 1 0 0 0 1 0 0 1 0 1 0 0 0 0 0 0 0 0 0 1 1 1 1 1 0 0 1 0 0 0 1 1 1 1 1 0
IND0129	0 0 0 0 0 0 0 1 0 0 1 0 0 0 1 0 1 1 0 1 1 1 0 0 1 0 0 1 0 1 1 0 0 1 0 1 1 0 0 1 1 1 1 1 1 1 1 1 0 1 1 1 0 1 0 1 1 1 0 0 0 1 1 0 1 1 1 0 0 1 0 0 0 1 0 0 0 0 1 0 0 1 1 1 0 1 1 1 0 0 0 1 1 1 1 0 0 0 0 1	1 0 1 0 0 1 0 1 1 1 0 1 1 1 1 1 0 0 0 0 0 0 0 1 0 1 1 1 1 1 1 1 1 1 1 0 0 0 0 1 1 1 1 1 1 1 0 0 0 1 1 1 0 1 0 0 1 0 0 0 0 0 1 1 0 0 0 0 0 1 0 0 0 0 1 1 1 0 1 0 1 1 0 1 0 0 1 0 0 0 1 1 0 0 1 1 0 0 0 0
IND0130	1 1 1 0 1 1 1 1 0 1 1 0 0 1 1 1 1 1 1 1 1 1 0 0 0 1 1 0 0 1 0 0 0 0 1 1 1 1 1 1 0 1 0 0 0 1 1 0 0 0 1 0 0 0 1 0 0 1 1 1 1 0 1 1 1 1 0 1 1 0 1 1 1 1 0 1 0 0 0 0 1 1 0 1 1 0 0 0 0 1 0 0 1 0 1 1 1 1 1 1	1 0 1 0 1 1 0 1 1 1 1 1 1 1 1 0 0 1 0 0 0 1 1 0 0 0 1 0 1 1 1 0 0 0 0 1 0 0 1 0 0 1 1 0 0 1 1 0 1 0 1 1 0 0 0 0 0 0 1 0 1 0 1 0 1 1 0 1 1 0 0 0 1 0 0 1 0 1 1 1 0 1 0 1 1 0 1 0 1 1 1 0 0 0 0 1 1 0 0 0
IND0131	0 0 1 1 0 1 0 1 0 1 1 0 0 0 0 1 1 1 0 0 1 0 0 1 0 1 1 0 1 0 0 1 1 0 0 1 1 1 1 1 0 1 1 0 1 0 0 1 0 0 0 1 1 0 1 0 0 0 1 1 0 0 0 1 1 1 0 0 1 1 0 0 1 1 1 1 1 1 1 0 1 1 1 0 1 0 0 0 0 1 1 1 1 1 0 0 1 1 1 1	0 0 0 1 0 1 1 0 0 0 0 0 0 1 0 1 1 0 0 0 0 0 0 1 1 0 0 0 1 0 0 0 1 1 0 1 1 1 0 1 0 1 1 1 0 1 1 0 1 1 1 1 0 1 1 1 1 1 0 0 0 0 1 0 1 1 1 1 1 1 0 0 0 1 1 0 0 0 1 0 0 0 1 1 1 1 1 1 1 0 1 1 1 0 1 0 0 1 0 1
IND0132	0 1 1 0 0 0 0 0 0 1 0 0 1 1 0 0 0 1 1 0 1 1 1 1 0 0 1 0 0 1 0 1 0 1 1 0 1 1 0 1 1 0 0 1 0 0 0 1 1 1 1 0 0 0 1 0 0 1 1 0 1 0 1 0 1 1 1 1 1 1 1 0 1 1 1 1 0 0 1 1 1 1 1 1 1 0 1 1 1 1 1 1 1 0 0 0 1 0 1 0	1 0 0 1 1 1 0 0 1 1 0 1 0 0 0 1 0 1 0 1 0 1 0 0 1 1 0 1 1 0 1 1 0 1 1 0 0 1 0 1 1 1 1 1 1 0 1 1 1 1 1 1 1 1 0 0 0 0 1 1 1 1 0 1 0 1 1 1 1 0 0 0 1 0 0 0 0 1 0 0 0 0 0 0 1 0 0 1 0 0 0 1 0 0 0 0 0 1 0 1
IND0133	1 1 0 1 1 0 0 0 0 0 1 0 0 0 0 1 0 1 0 1 1 0 0 1 1 1 0 0 0 0 0 1 1 0 0 0 1 0 1 1 0 1 1 0 0 0 1 0 1 0 1 0 1 0 1 1 1 0 0 1 1 1 1 0 0 0 0 1 1 0 1 0 0 0 1 1 0 0 1 0 0 1 1 0 0 0 1 0 1 0 0 1 0 0 1 1 1 0 0 1	1 1 0 0 0 0 0 1 0 1 0 0 1 0 1 1 0 0 1 1 0 0 1 1 1 1 0 1 0 0 0 1 1 1 1 1 1 1 1 1 0 0 1 1 1 1 1 0 0 0 0 0 0 1 1 1 0 1 0 1 1 1 1 0 1 0 0 1 0 0 1 0 1 0 1 1 1 1 0 0 0 1 0 0 0 1 1 1 0 0 0 0 0 0 0 1 0 1 0 0
IND0134	0 1 0 0 0 0 1 0 0 0 0 0 0 0 1 0 1 0 1 1 0 0 0 1 0 1 0 1 0 1 0 1 0 1 0 0 0 0 0 1 0 1 0 1 0 1 0 1 0 1 1 1 0 1 0 0 1 0 1 1 1 0 1 0 0 1 1 0 0 0 0 0 1 1 1 1 1 0 0 0 1 1 0 0 1 1 1 1 1 1 1 0 0 1 0 1 0 0 1 0	1 0 1 1 1 1 1 1 0 1 0 1 0 0 0 1 0 0 0 1 1 0 1 1 1 1 0 0 0 0 0 1 1 0 0 1 0 0 0 0 0 0 1 0 1 1 0 1 1 0 0 0 1 1 1 0 0 1 1 0 0 1 1 1 1 1 0 0 1 0 0 0 1 0 0 0 0 1 0 0 0 0 0 0 1 0 0 0 0 1 1 0 1 1 0 1 1 1 0 0
IND0135	1 1 0 0 1 0 0 0 1 1 0 1 1 1 1 1 1 0 0 0 1 0 1 0 1 1 0 1 0 0 1 0 0 1 0 1 0 0 0 1 0 0 0 1 1 1 0 0 1 1 0 1 1 0 0 1 0 1 1 1 0 1 1 1 1 1 1 1 1 1 0 1 1 0 0 0 1 0 0 0 1 0 0 0 0 0 1 0 1 0 1 1 0 1 0 0 1 0 0 1	0 1 0 0 1 0 0 0 0 1 1 0 1 1 0 0 0 0 0 0 1 0 1 0 0 0 1 0 1 1 1 1 0 1 0 1 1 0 1 0 0 0 1 0 0 1 0 1 1 1 0 1 1 0 1 1 0 0 0 0 0 1 0 0 0 1 1 0 1 1 0 1 0 0 0 1 0 1 0 0 0 0 0 0 0 0 0 0 1 0 1 0 0 0 0 0 0 1 1 0
IND0136	0 0 0 1 0 1 0 0 0 0 0 1 1 1 0 1 1 1 1 1 1 1 0 1 0 0 1 1 1 0 1 0 1 0 0 0 1 0 0 0 0 1 0 1 1 0 1 0 1 0 0 0 1 0 1 1 1 0 0 1 1 1 1 0 0 1 1 1 0 1 0 1 1 0 0 1 0 0 1 0 1 1 1 0 0 0 0 1 0 1 0 1 0 0 1 0 1 0 1 0	1 1 1 1 0 0 0 0 0 1 1 1 0 1 1 0 1 0 1 1 0 0 0 1 0 1 0 1 1 0 1 1 0 0 0 1 1 1 0 0 1 1 0 1 0 1 0 1 1 0 0 0 1 1 1 1 1 0 1 1 1 1 1 0 0 1 0 0 0 0 0 0 0 0 0 1 0 0 1 1 1 0 0 1 1 1 0 0 0 0 1 1 1 0 0 0 0 1 1 1
IND0137	1 0 0 0 0 1 0 0 1 0 1 0 0 0 1 1 0 0 1 0 1 0 1 0 1 1 1 0 0 1 1 1 0 1 1 1 0 1 1 1 1 1 1 0 1 0 0 0 1 0 1 0 1 1 1 1 0 0 1 1 1 1 0 1 0 0 1 0 1 0 0 0 0 1 0 0 0 0 1 1 1 1 0 1 0 0 0 0 0 1 0 1 0 1 1 1 1 1 1 0	0 1 0 1 0 0 1 0 1 1 0 0 0 0 1 1 1 1 0 0 0 1 0 1 1 0 1 1 1 1 0 1 0 0 1 0 0 0 1 0 1 1 1 0 1 0 1 0 1 0 0 0 0 1 0 1 1 0 0 0 1 0 1 0 1 0 1 0 1 0 1 1 0 0 1 1 1 0 0 1 0 1 0 1 0 1 0 1 1 1 1 0 0 0 1 1 0 0 1 0
IND0138	0 1 0 0 0 1 1 1 0 0 1 1 1 1 1 1 0 1 0 0 0 0 1 0 0 0 0 1 0 0 0 1 1 0 0 0 0 1 1 1 1 0 1 0 0 1 1 1 1 0 0 0 0 1 0 1 0 0 1 0 0 1 0 1 0 0 0 1 0 1 1 1 0 0 0 1 1 1 1 0 0 1 1 0 0 0 0 1 1 0 0 0 0 0 0 1 0 1 0 0	1 1 1 1 1 1 1 0 1 0 0 0 0 1 1 0 1 1 0 1 0 1 0 1 1 1 1 1 1 0 0 0 0 1 0 1 1 1 0 0 0 1 0 1 1 1 1 0 0 1 0 0 0 0 0 0 1 0 1 1 0 1 1 0 1 1 0 1 0 1 1 1 0 1 0 0 0 1 0 1 1 0 1 1 0 0 0 1 1 1 1 0 1 0 1 0 0 0 1 1
IND0139	0 1 0 0 1 0 1 1 0 1 1 1 0 0 0 1 0 1 0 0 1 0 0 1 0 0 0 1 0 0 0 0 1 0 0 0 0 1 0 0 0 1 0 1 1 1 0 0 1 0 0 1 0 0 0 1 1 1 0 1 1 0 0 0 0 0 0 0 0 0 0 1 1 0 1 0 0 1 0 0 1 1 1 1 0 1 0 1 1 0 0 1 0 0 0 0 1 1 0 1	0 0 1 0 1 0 1 1 0 1 0 1 1 0 0 0 0 0 1 1 0 1 0 0 1 1 1 0 1 1 0 1 1 1 1 0 0 0 1 1 0 0 0 0 0 1 0 1 1 0 0 1 1 1 0 0 1 1 0 1 0 0 1 1 0 1 1 0 1 1 1 0 0 1 0 1 0 0 1 1 0 0 1 0 0 1 0 1 1 1 0 1 0 0 1 0 0 0 1 0
IND0140	1 1 1 1 1 0 0 1 1 0 0 1 0 0 0 1 0 0 0 1 1 0 1 1 0 1 1 0 0 1 0 0 0 1 1 0 1 0 0 1 1 1 1 0 0 0 0 0 0 0 0 1 0 0 0 1 0 1 0 1 0 0 1 0 1 0 0 0 0 1 0 1 0 1 1 1 0 1 0 1 0 1 0 1 0 1 1 0 0 1 1 1 1 0 1 0 1 0 0 1	0 0 1 0 0 1 0 1 0 0 1 0 1 1 1 0 0 0 0 0 0 0 0 1 1 1 1 0 0 0 0 1 0 1 1 1 1 1 0 1 0 0 1 1 0 0 1 1 0 0 0 1 0 0 0 1 1 0 0 1 0 0 1 1 0 1 0 1 0 0 1 0 0 1 0 1 0 0 0 1 0 1 0 1 0 0 0 0 1 1 0 0 1 1 0 0 0 0 1 1
IND0141	1 0 0 1 1 1 1 1 1 0 0 1 0 0 1 0 1 1 1 0 1 1 0 0 1 1 1 1 1 0 1 0 1 0 0 0 1 0 1 0 0 0 1 0 1 1 1 1 1 1 1 0 1 1 1 1 1 1 1 1 1 1 0 1 1 1 1 1 0 1 1 1 0 0 0 0 0 1 1 0 0 0 1 1 0 1 1 0 1 0 0 1 0 0 1 0 0 1 1 0	0 1 1 0 0 0 0 1 0 1 1 1 1 1 0 0 1 0 1 0 0 1 1 0 0 1 1 0 0 0 1 1 1 1 0 0 0 1 0 1 1 0 1 1 0 0 1 1 1 0 0 1 1 1 0 1 0 1 1 0 0 1 0 0 1 1 0 1 0 1 1 0 0 0 0 0 0 0 0 1 0 0 1 1 0 0 1 0 1 0 1 0 1 1 1 0 1 1 0 0
IND0142	0 0 0 0 0 0 0 0 1 1 0 1 1 1 1 0 0 0 0 1 0 0 0 1 1 1 1 0 1 0 0 1 0 0 0 1 1 0 0 1 0 1 1 1 1 1 0 1 0 1 1 0 1 0 1 0 0 0 1 1 1 1 0 0 0 1 0 0 1 1 0 1 0 1 0 1 1 0 1 1 0 0 0 0 0 1 1 1 1 1 0 0 0 0 0 1 1 1 1 1	1 1 0 0 0 1 0 1 0 1 0 0 1 0 1 0 0 0 0 0 1 1 0 1 0 1 0 1 1 1 0 0 1 1 0 0 1 0 0 1 0 0 0 1 0 1 1 0 0 1 0 0 1 0 1 1 1 1 1 0 0 1 0 1 1 0 0 1 1 0 1 0 0 1 0 0 1 1 1 1 1 1 0 0 1 1 1 0 0 1 0 1 1 1 0 0 1 1 1 1
IND0143	0 1 1 0 1 1 0 1 1 0 0 0 1 1 0 0 1 1 1 0 0 1 0 1 0 1 1 0 0 1 1 0 0 1 0 0 0 1 0 1 0 0 1 1 1 1 0 0 0 0 0 0 0 1 1 1 1 1 0 0 0 1 1 1 1 0 0 0 1 1 1 1 0 0 0 0 0 1 1 0 0 0 0 0 1 1 0 1 0 0 1 1 0 0 0 1 1 0 0 1	1 1 1 1 1 0 0 0 1 1 1 1 0 0 1 0 1 1 1 0 1 1 1 1 1 1 0 1 0 1 1 0 0 1 1 0 0 1 0 1 0 1 1 0 0 1 1 0 1 0 1 1 0 1 1 0 1 0 1 0 0 0 1 0 1 1 0 0 0 0 0 1 1 0 0 1 0 0 0 1 0 1 0 1 1 1 1 1 0 1 1 1 1 1 0 1 0 1 0 0
IND0144	1 0 0 1 1 0 0 1 0 0 0 1 1 1 0 0 0 0 0 0 0 0 0 1 0 0 0 0 1 1 1 1 1 0 1 0 1 0 1 1 1 0 1 0 0 0 1 1 0 0 0 0 1 0 0 1 1 0 1 1 1 0 0 1 0 0 1 1 1 1 0 1 1 0 0 1 1 1 1 1 0 1 0 1 0 0 1 1 1 1 0 0 1 1 0 0 1 1 0 1	0 1 1 1 0 1 1 1 0 1 1 0 1 1 0 1 0 0 0 0 0 1 1 1 0 1 0 1 0 1 0 0 1 0 1 1 0 1 0 1 0 1 0 1 1 0 0 0 0 1 1 1 1 0 1 0 0 1 1 0 0 1 0 0 0 1 0 1 0 1 0 0 1 0 1 0 1 0 1 1 0 1 1 1 0 0 1 0 1 1 1 0 1 0 0 0 0 1 1 1
IND0145	0 0 1 1 1 1 0 0 0 1 0 1 1 1 1 0 0 1 1 0 0 1 1 1 0 1 1 1 0 1 0 0 1 0 1 0 1 1 0 0 0 0 1 1 1 1 0 1 1 0 0 0 0 1 1 1 1 1 0 1 1 0 0 0 0 1 1 0 0 0 0 0 1 1 0 1 0 1 0 0 0 1 0 0 1 0 0 0 1 0 0 0 0 0 1 1 1 1 1 1	1 0 0 0 0 0 1 0 0 0 0 1 1 0 1 0 0 0 1 0 0 0 0 1 0 0 1 0 1 0 1 1 1 0 1 0 0 0 0 0 0 1 0 1 1 1 1 1 1 0 0 1 0 1 1 0 1 1 1 0 0 1 1 0 1 0 1 0 1 1 1 1 0 1 0 0 0 0 1 1 0 1 1 1 1 0 0 0 0 0 1 0 0 0 1 1 0 0 1 0
IND0146	1 1 1 0 1 0 1 1 1 1 0 1 0 0 0 1 1 0 0 1 0 0 0 0 0 1 0 1 1 1 1 1 0 1 0 1 1 1 0 0 0 0 0 0 0 1 1 0 0 1 1 1 1 1 1 0 1 0 1 1 1 0 0 1 0 1 1 1 1 1 1 0 1 1 0 0 1 0 1 0 0 1 0 0 1 1 0 1 1 0 0 0 0 1 1 1 1 0 1 1	0 0 1 0 1 0 0 0 0 1 0 1 1 1 1 1 0 0 0 0 1 0 1 1 0 1 0 0 1 0 0 0 1 0 1 0 1 0 1 0 1 1 1 0 1 0 0 1 1 0 0 1 0 0 0 0 1 0 1 1 1 0 1 1 0 1 1 1 0 0 0 1 1 1 1 0 0 1 0 1 0 0 1 1 0 0 0 0 0 0 0 1 0 1 1 1 0 1 1 0
IND0147	0 1 1 0 0 1 0 1 1 0 0 0 0 0 1 1 0 1 1 0 1 1 1 0 0 1 0 1 0 1 1 0 0 1 1 1 1 0 1 1 0 1 1 0 0 1 0 0 0 0 0 0 1 0 0 0 0 1 0 0 1 1 1 0 1 0 1 0 1 0 0 0 1 1 0 1 0 0 0 1 0 0 0 0 0 1 1 1 1 1 1 1 1 0 0 1 1 0 1 1	1 1 0 0 1 0 0 0 1 0 1 0 1 0 0 1 0 1 1 1 0 1 1 1 1 1 1 1 1 1 1 0 0 1 0 0 0 0 1 0 1 0 1 1 0 1 1 1 1 1 0 0 0 1 1 1 1 0 1 1 0 0 0 0 0 1 1 1 1 0 0 0 0 0 1 1 1 1 1 0 0 0 0 1 1 0 0 0 0 1 0 0 1 0 0 0 1 0 1 1
IND0148	0 0 1 0 0 0 1 0 1 1 1 0 1 1 0 1 1 1 1 1 0 1 0 1 0 1 1 1 1 0 0 1 1 1 0 1 0 1 1 0 1 1 1 1 1 1 0 0 0 1 1 0 0 1 1 0 1 1 1 1 0 0 0 0 1 1 0 1 1 1 0 0 1 0 0 0 0 0 1 0 1 0 1 1 0 1 0 0 1 0 1 1 1 1 0 0 1 0 1 0	0 1 0 0 0 1 1 0 0 1 0 0 0 0 1 1 0 1 1 1 1 0 0 0 0 0 0 1 0 1 0 1 1 0 0 0 0 1 1 0 0 1 1 1 1 1 0 0 1 0 0 1 1 0 1 1 0 1 1 0 0 1 0 0 0 1 0 1 1 1 1 1 0 0 0 0 0 0 1 1 1 1 0 1 1 0 0 0 0 0 1 1 0 0 1 0 1 1 0 0
IND0149	0 0 1 0 0 0 1 0 1 0 1 1 1 0 1 0 0 1 1 0 1 1 1 0 0 1 0 1 0 1 0 0 0 0 0 1 1 1 1 1 0 0 0 0 1 0 0 0 0 0 1 0 1 1 1 0 1 0 0 0 0 0 0 1 1 1 0 1 0 1 0 0 1 1 1 1 0 0 0 0 0 0 0 1 1 0 0 0 1 1 1 1 0 0 1 0 1 1 0 1	0 0 1 1 1 0 1 1 0 1 1 1 0 0 1 0 0 1 1 1 0 1 0 1 1 1 0 0 0 1 1 0 0 0 1 1 1 1 0 1 1 0 1 1 0 1 1 0 1 1 1 0 0 1 0 0 1 0 0 1 0 0 0 1 0 0 0 0 1 1 1 0 0 0 1 0 1 0 1 1 1 1 0 1 0 1 0 0 0 0 0 0 0 1 0 0 1 1 1 0
IND0150	1 0 1 0 1 1 1 1 0 0 0 0 1 0 1 1 0 0 1 0 1 1 0 1 1 1 1 0 0 1 1 1 0 0 0 0 0 0 0 1 0 1 0 0 0 1 1 1 0 0 1 0 0 0 1 0 1 1 0 0 0 0 0 0 1 0 0 1 0 0 0 0 1 0 0 1 0 1 0 0 0 1 0 1 1 1 1 1 0 1 1 1 1 1 0 0 1 0 0 0	1 0 0 0 0 1 0 1 0 1 0 1 0 0 0 1 1 1 1 0 0 1 1 1 1 1 0 1 1 0 1 0 0 0 0 1 0 1 1 0 0 0 1 1 0 0 0 1 0 0 0 1 0 0 1 0 1 1 1 0 1 0 0 0 1 0 0 0 1 1 0 1 0 1 1 1 0 0 1 1 1 1 0 1 0 0 1 0 1 1 1 1 0 0 1 0 1 0 0 1
IND0151	1 0 0 0 0 1 1 0 0 0 1 1 0 0 0 1 0 0 0 0 1 1 1 1 0 0 0 1 0 0 0 1 1 1 0 1 1 1 1 0 0 0 0 0 0 1 1 1 0 0 0 1 1 1 0 1 0 0 0 1 1 1 1 1 1 0 0 0 1 0 1 0 1 0 1 0 1 0 1 1 0 0 1 0 1 0 0 0 0 1 0 0 0 1 1 0 0 0 1 0	1 0 1 0 0 1 0 0 0 1 0 1 0 1 1 1 1 1 0 0 1 1 1 1 0 0 0 1 1 0 1 1 1 1 1 0 0 1 1 1 1 0 0 1 0 1 1 1 1 0 1 0 0 0 0 0 1 0 0 1 1 0 1 1 1 1 0 0 1 0 0 0 0 1 0 1 0 0 0 1 0 1 1 1 1 1 1 0 0 0 0 0 1 0 0 0 0 1 0 0
IND0152	1 1 0 0 1 1 1 1 0 0 1 0 0 1 1 1 1 1 0 0 1 1 1 0 0 1 1 0 0 1 1 0 0 0 0 0 1 1 0 0 1 0 0 1 1 1 0 0 1 1 1 1 1 1 1 0 1 0 0 0 1 1 0 0 0 1 1 0 1 0 0 0 0 0 0 0 0 0 1 1 0 1 1 1 1 1 1 1 0 0 0 1 0 1 1 1 1 0 1 0	1 0 1 0 0 0 1 1 0 1 1 1 0 0 1 1 0 0 0 0 1 0 1 0 0 1 1 0 1 0 1 0 1 1 0 1 0 1 1 1 1 1 0 0 1 1 0 1 1 0 1 1 0 1 1 0 1 0 1 0 1 1 0 1 0 1 1 1 0 1 0 0 0 0 1 0 0 1 0 1 1 1 0 1 0 1 0 1 1 1 1 0 1 0 0 1 0 1 0 0
IND0153	0 0 0 1 1 0 0 1 1 0 0 0 1 0 0 0 0 1 1 0 1 0 1 1 0 0 0 0 0 0 1 1 1 1 1 0 1 1 1 1 0 0 1 1 1 1 0 1 0 0 1 1 0 1 1 0 1 0 1 0 1 0 0 1 0 0 1 0 1 1 0 1 0 0 0 1 1 1 1 0 0 0 0 1 1 0 1 1 1 1 1 1 0 1 1 1 1 0 0 1	0 0 0 1 1 1 1 1 1 0 1 0 1 1 1 1 0 1 0 1 0 1 0 1 0 1 1 1 1 1 1 1 1 0 1 0 0 1 1 1 1 0 0 0 1 0 1 1 1 0 1 0 0 0 0 0 0 0 0 0 1 0 0 1 0 1 0 1 1 1 0 1 0 1 0 0 1 0 0 1 1 1 1 1 1 0 0 1 1 0 1 1 1 0 1 0 1 0 0 1
IND0154	0 1 0 0 0 0 0 1 0 1 0 1 1 1 0 0 1 0 1 1 1 1 0 0 1 0 1 0 0 0 0 1 0 1 0 0 0 0 0 0 1 0 1 1 0 0 0 0 0 0 1 0 0 0 1 0 0 1 1 1 0 0 1 0 0 1 1 0 1 0 0 1 0 1 0 1 0 0 1 0 0 1 1 0 0 0 1 1 0 1 0 1 1 1 1 1 1 0 0 1	1 0 1 0 1 1 1 0 0 1 0 1 1 1 0 0 0 0 0 0 0 1 0 1 0 0 1 0 0 0 1 1 1 1 0 0 0 0 1 1 0 1 0 0 0 1 0 0 0 1 0 1 1 0 0 0 0 0 0 1 0 1 0 1 1 1 1 1 1 0 0 0 0 1 1 1 1 1 1 1 0 0 1 0 1 1 1 0 1 1 1 0 0 0 1 1 1 1 1 1
IND0155	1 0 0 0 1 1 0 0 0 0 1 1 0 1 1 1 0 0 0 1 0 1 0 1 0 0 1 0 0 1 1 0 1 1 1 0 0 0 1 1 1 1 0 0 1 0 0 1 1 1 1 0 1 1 1 1 1 1 1 1 0 1 1 1 1 0 0 0 0 0 0 1 0 0 1 0 0 1 0 1 0 0 1 1 1 0 1 1 0 0 1 1 0 0 1 1 1 1 0 1	0 0 0 0 1 0 0 0 0 0 1 1 0 0 0 1 0 1 1 1 1 1 1 1 0 0 0 0 1 1 1 1 1 1 0 1 0 1 1 0 0 1 0 0 1 0 1 1 1 0 0 0 1 1 1 1 0 1 0 0 0 0 1 1 0 1 1 1 1 1 1 0 1 1 0 0 1 0 0 0 0 0 0 0 0 0 1 0 1 1 1 0 1 1 1 0 0 1 1 0
IND0156	1 1 0 1 0 0 0 0 1 0 1 0 1 1 0 1 1 0 0 1 0 1 1 0 1 1 1 1 0 0 1 1 1 1 1 0 0 0 1 1 0 1 0 1 1 1 1 0 0 0 1 0 1 1 0 0 0 1 0 0 1 0 1 0 0 1 0 0 1 0 1 1 1 0 0 0 1 0 1 1 1 1 0 1 0 0 0 0 0 0 0 1 0 1 1 0 1 1 0 0	1 1 1 1 1 0 0 1 1 1 1 0 1 0 0 1 0 0 1 1 0 0 0 1 1 1 1 0 0 0 0 1 0 1 1 0 0 1 1 0 1 0 1 0 0 1 1 0 0 0 0 0 0 0 1 1 1 0 1 1 0 1 1 0 1 0 0 0 0 0 0 1 0 1 1 0 0 0 1 1 0 1 0 0 0 0 1 1 0 1 0 1 0 1 1 0 1 1 0 1
IND0157	0 0 1 0 0 1 1 0 1 0 0 0 0 1 0 0 0 0 1 0 0 1 0 0 1 1 1 1 0 0 1 1 1 0 1 0 1 1 1 0 0 0 0 0 1 0 1 0 1 0 1 0 1 1 0 0 1 0 0 0 0 1 1 0 0 0 1 1 0 0 0 0 1 0 0 0 0 0 0 1 0 0 0 1 1 1 0 0 1 0 1 0 0 1 1 0 1 1 1 1	0 0 1 1 1 1 1 0 0 1 1 1 0 1 1 1 0 1 0 1 1 0 0 0 1 1 1 1 0 1 1 1 1 0 0 1 0 1 1 0 1 1 1 0 0 0 0 0 0 0 1 1 1 1 0 0 1 1 0 0 0 1 1 1 0 1 1 0 0 1 1 0 0 0 1 0 1 0 1 1 1 0 0 0 1 1 0 0 0 1 0 0 1 0 0 1 0 1 0 1
IND0158	1 0 0 1 0 0 0 1 1 1 1 0 0 1 0 1 1 0 1 0 1 0 0 0 1 1 0 1 0 1 1 1 1 1 0 0 0 1 0 1 0 1 0 0 1 1 0 1 1 1 1 0 1 0 1 1 0 0 0 1 1 1 0 0 1 0 0 0 1 1 0 1 0 0 0 1 0 0 1 0 1 1 0 0 1 1 0 1 1 1 0 0 0 0 1 0 1 1 0 1	0 1 0 0 1 0 0 1 0 1 0 1 1 0 1 1 1 1 0 0 0 1 0 0 0 0 1 0 0 1 0 0 1 1 0 0 0 1 0 0 1 0 1 0 1 0 0 0 0 1 1 1 1 1 1 0 1 1 1 0 0 0 0 0 1 0 0 0 0 1 0 0 0 1 0 1 0 1 0 1 0 0 0 0 1 0 1 0 0 1 0 0 0 1 1 0 0 0 0 0
IND0159	1 1 1 0 0 0 1 0 1 0 1 1 1 0 0 0 1 0 1 0 1 0 0 1 1 1 0 0 0 0 0 1 1 0 1 1 1 0 0 0 0 0 0 1 0 1 1 0 0 0 1 0 1 1 1 1 1 1 0 0 0 0 1 0 0 0 1 1 1 1 0 1 1 0 0 0 1 1 0 1 0 0 1 0 1 0 1 1 1 1 0 1 0 0 1 1 1 1 0 0	1 0 0 0 1 1 1 0 1 0 0 1 0 1 1 1 1 1 0 1 1 1 0 1 1 1 0 1 0 1 0 1 1 1 0 1 1 0 1 0 0 0 1 0 0 1 0 1 1 1 1 0 1 1 1 1 0 1 0 1 0 1 0 1 1 1 1 0 0 1 0 1 0 1 0 1 0 0 1 0 1 0 1 0 0 0 0 0 0 0 1 1 1 0 0 0 1 0 1 1
IND0160	1 0 0 0 1 1 0 0 0 1 0 0 1 1 0 0 0 0 1 1 1 0 0 1 1 0 1 0 0 0 0 1 1 0 0 1 0 1 0 0 0 0 1 0 0 0 1 0 1 1 1 0 0 1 1 0 1 0 1 0 1 1 0 0 0 1 1 0 0 1 0 0 0 1 1 1 0 1 0 0 1 1 1 0 1 0 0 0 0 0 1 0 0 0 0 0 1 0 1 0	0 1 0 0 0 1 0 1 1 1 1 0 1 0 1 0 0 0 1 0 1 1 0 0 0 0 1 1 0 0 0 1 1 0 1 0 0 0 1 1 1 1 0 1 0 1 0 0 1 1 1 0 0 0 1 0 1 0 1 1 1 1 1 1 1 1 0 1 0 1 0 0 1 1 1 1 1 1 1 1 0 1 1 0 0 0 1 0 1 0 0 1 1 1 0 0 0 1 1 1
IND0161	0 0 0 1 0 0 1 0 1 0 1 0 1 0 0 1 1 0 0 0 1 0 1 0 0 0 1 1 1 0 0 0 0 0 1 1 1 0 1 0 0 0 0 1 0 0 0 0 1 1 1 1 0 0 0 0 1 0 0 1 0 1 1 0 1 1 0 1 0 1 0 1 0 0 0 1 0 0 1 0 1 0 1 0 0 1 0 1 1 1 0 0 1 0 1 1 1 1 1 0	0 0 1 0 0 0 0 1 0 0 1 0 0 1 0 0 0 0 0 1 1 1 1 0 0 0 0 1 0 0 0 1 0 0 1 0 1 0 0 0 0 1 0 1 1 1 0 0 1 1 0 0 1 1 0 0 1 0 1 1 1 1 1 0 1 0 1 0 1 1 1 1 1 0 0 0 0 0 0 1 1 0 1 1 0 1 0 1 1 0 0 1 0 1 0 0 1 0 0 1
IND0162	0 0 0 0 0 0 1 1 1 0 1 0 0 0 0 0 0 0 0 1 1 1 0 0 0 0 0 0 1 1 1 0 0 1 1 0 1 1 1 0 1 0 1 0 0 0 1 0 0 0 0 1 0 1 1 1 0 0 0 0 0 1 0 1 0 0 1 0 1 1 1 0 0 1 1 0 1 0 0 1 1 0 0 0 1 1 0 0 0 0 0 1 1 1 1 1 1 1 0 0	0 1 1 0 1 0 0 1 0 0 1 1 0 0 1 1 1 1 1 0 1 0 0 0 0 0 1 1 1 1 0 0 0 1 0 1 1 0 1 1 0 0 0 0 0 1 0 0 0 1 1 0 1 1 0 0 0 1 0 1 1 0 0 1 1 1 0 0 0 1 0 1 0 1 1 1 0 0 1 1 0 0 0 0 1 0 1 1 0 1 1 1 0 0 1 1 0 1 0 0
IND0163	1 0 1 0 0 1 1 1 0 1 1 1 0 1 0 0 1 1 0 1 0 1 0 1 0 1 1 0 1 1 0 1 1 0 1 0 0 0 0 0 1 0 0 0 0 1 0 0 1 1 0 1 1 0 0 0 0 1 1 0 0 1 1 0 0 0 1 0 0 1 0 0 0 1 1 0 0 1 0 0 0 0 0 0 0 1 0 1 0 0 0 1 1 0 1 0 1 1 0 1	1 1 0 1 0 1 1 1 0 1 0 1 1 1 1 1 0 1 0 0 0 1 0 1 1 0 0 1 0 0 1 1 0 0 1 0 0 1 0 1 1 0 1 1 1 0 1 1 0 0 1 1 0 1 1 0 0 0 1 1 0 0 0 1 0 0 0 1 0 0 0 1 1 0 1 1 0 1 0 1 1 0 0 1 0 0 1 1 1 0 0 1 0 0 0 1 1 1 0 1
IND0164	0 0 1 1 0 0 0 0 1 1 1 1 1 1 0 0 1 0 0 0 0 0 0 1 1 0 1 1 1 1 0 1 0 1 1 1 1 0 1 0 0 1 1 0 0 1 1 0 0 0 1 0 0 1 0 1 0 0 0 1 0 1 1 1 1 1 1 1 0 0 1 1 0 0 1 1 1 0 1 0 0 1 0 0 0 1 0 0 0 0 0 0 1 1 0 0 0 0 1 1	0 1 1 0 0 1 1 0 1 0 0 1 1 1 1 1 0 1 0 1 1 0 0 1 1 1 0 0 0 1 1 1 1 1 0 0 0 0 1 0 0 0 1 1 1 0 0 1 1 1 0 1 1 0 0 1 0 1 1 0 1 0 1 1 0 0 0 1 1 1 1 0 1 1 1 0 1 1 1 0 0 0 1 0 0 0 0 1 1 1 1 1 1 0 0 0 1 1 0 0
IND0165	0 0 0 0 0 0 1 0 0 1 0 0 0 1 1 0 1 0 0 0 1 1 1 0 0 1 0 0 0 0 1 0 0 1 0 0 1 0 0 0 1 0 1 0 1 1 1 0 0 1 0 0 1 1 0 1 0 1 1 1 1 0 1 1 0 1 0 1 0 0 0 0 0 0 0 0 1 1 1 0 1 1 0 0 0 1 1 1 0 0 0 1 0 1 1 1 0 1 0 1	1 1 0 1 1 1 1 0 1 1 1 1 0 1 0 1 0 0 0 1 1 1 0 0 1 0 0 1 0 0 1 1 0 0 0 0 1 1 0 1 1 0 1 0 1 0 0 0 0 0 0 0 0 1 0 1 0 1 0 1 1 1 0 1 1 1 0 0 0 1 0 1 0 1 1 0 0 1 0 1 0 1 1 0 1 1 1 1 0 0 0 0 0 0 0 1 0 1 0 0
IND0166	1 0 1 0 1 1 1 1 0 0 1 1 0 0 0 0 1 0 0 0 0 1 0 0 1 1 0 0 0 1 1 0 1 0 1 1 1 0 0 0 1 0 0 0 1 0 1 0 0 1 0 1 0 0 0 1 0 1 1 1 0 0 0 0 1 1 1 1 1 0 0 0 1 0 1 1 0 1 0 0 1 1 1 0 0 1 0 1 1 1 1 0 1 0 1 0 1 1 1 1	0 0 1 0 1 1 0 1 0 0 1 0 0 0 1 0 1 1 0 1 0 1 0 0 0 0 0 1 1 0 1 0 0 1 0 0 1 0 0 0 0 0 0 0 1 1 1 0 0 0 0 1 0 0 1 1 1 0 1 1 0 1 1 0 1 0 0 0 0 0 1 1 1 0 0 1 1 0 1 1 0 0 0 0 1 1 0 0 1 1 0 1 0 1 1 0 0 0 0 1
IND0167	0 1 0 1 0 0 0 1 0 0 0 0 1 0 0 1 1 0 0 0 1 0 0 1 0 0 1 0 1 1 0 0 1 0 1 1 0 1 0 1 1 0 1 1 1 0 0 0 0 0 1 1 1 1 0 1 1 1 1 1 0 0 1 0 0 1 1 0 1 0 0 0 0 1 0 1 1 0 1 1 0 0 0 1 1 0 1 0 1 0 1 0 0 1 1 0 0 1 0 1	1 0 0 0 1 1 0 0 0 1 0 1 1 0 0 0 1 0 1 1 0 0 0 0 0 1 0 0 0 1 1 1 1 1 0 1 1 1 1 0 0 1 0 0 1 0 0 0 1 0 0 0 1 0 0 0 1 0 1 0 0 0 0 1 0 0 0 0 0 1 0 0 1 0 1 1 0 1 1 1 1 1 0 1 0 1 0 0 0 0 0 0 0 1 0 1 0 0 1 0
IND0168	1 0 0 1 0 1 0 1 0 1 0 0 1 0 0 1 0 0 0 0 1 0 1 1 0 1 0 1 1 0 1 0 0 1 0 1 1 0 0 1 1 1 1 1 0 1 1 0 1 1 0 0 1 0 0 1 0 1 1 1 0 0 1 1 1 0 0 0 0 1 1 0 0 1 0 1 0 1 0 0 1 0 0 0 0 1 0 0 0 0 1 1 0 0 0 0 1 0 0 1	1 0 0 0 1 0 1 0 1 1 0 1 0 0 1 0 1 0 1 0 0 0 1 0 1 1 1 1 0 1 0 0 1 1 1 0 1 1 1 0 0 1 0 1 0 1 1 1 0 1 1 0 1 0 1 1 0 0 0 1 0 0 0 0 1 1 1 0 1 1 1 1 0 1 0 0 0 1 1 1 1 1 0 1 1 0 1 0 0 0 0 0 0 0 1 1 0 0 1 0
IND0169	0 0 0 0 1 0 0 0 0 0 0 0 1 0 1 0 0 1 0 0 1 1 0 1 1 1 0 1 1 0 0 1 1 1 1 0 1 0 0 0 0 1 1 1 1 0 1 0 0 1 0 1 1 0 1 0 0 1 0 1 1 1 0 0 0 1 0 0 1 0 1 0 1 1 1 0 1 1 1 1 1 1 1 1 0 1 0 1 1 1 0 0 1 1 1 0 0 1 0 0	0 1 0 0 0 1 1 0 1 1 1 1 1 1 1 1 1 0 1 0 0 1 1 1 0 0 1 1 1 0 0 0 0 1 0 1 0 1 1 1 1 0 0 0 0 1 0 1 1 1 1 0 1 0 1 0 0 0 0 0 1 0 0 0 0 0 0 0 0 0 0 1 1 1 1 0 0 0 0 0 1 0 1 0 1 0 1 0 1 0 1 0 1 1 1 1 0 1 1 1
IND0170	0 1 1 1 0 1 1 1 0 0 0 1 0 1 1 1 1 0 1 0 0 1 0 0 0 1 1 1 0 0 1 0 1 1 0 0 0 0 1 0 0 0 0 0 1 1 1 0 0 0 1 0 0 1 0 0 1 0 1 0 0 1 1 0 0 0 1 1 1 1 1 0 0 0 1 1 1 1 1 0 0 1 1 0 0 0 1 0 0 1 0 1 1 0 1 1 0 1 0 1	0 0 1 0 0 0 1 0 1 1 0 0 0 1 0 1 1 1 0 1 0 1 0 0 1 0 0 1 0 0 0 0 1 0 1 1 1 1 0 1 0 1 0 1 0 0 1 0 0 1 1 0 0 1 0 0 1 1 0 0 0 1 1 1 1 1 0 0 0 1 1 0 0 1 0 1 0 1 0 0 0 1 0 1 1 0 1 0 0 1 0 0 0 1 0 0 0 0 1 1
IND0171	1 1 1 1 0 0 1 0 1 1 1 1 1 0 1 0 0 1 1 1 1 1 1 1 0 1 1 0 1 1 1 1 0 1 1 0 0 1 0 0 0 0 0 0 0 1 0 0 0 0 1 0 0 0 0 0 0 1 0 1 1 1 0 1 0 0 1 0 0 0 1 1 1 1 1 1 0 0 0 0 0 1 1 1 0 0 1 1 1 0 1 1 0 1 0 1 0 0 0 1	0 1 1 0 1 0 0 1 1 0 1 1 1 1 1 1 0 0 0 1 1 1 1 0 0 1 0 0 1 0 0 0 0 1 1 0 0 0 0 1 1 0 0 0 1 0 0 1 1 1 1 0 0 1 0 1 1 1 1 0 1 0 1 1 1 1 0 0 0 1 1 1 1 0 0 0 1 1 1 1 0 1 0 1 1 0 0 0 0 1 0 1 0 0 0 1 0 1 0 1
IND0172	0 0 1 0 0 1 0 0 1 1 1 1 1 0 0 0 1 1 0 1 1 1 1 0 1 1 1 0 1 0 1 1 1 0 1 1 0 0 0 1 0 0 0 1 0 1 1 0 1 1 0 1 0 1 0 1 0 0 0 0 1 0 0 1 1 0 0 0 0 1 1 1 0 0 0 1 1 0 0 0 0 0 1 1 0 1 0 1 0 1 1 1 1 1 0 1 0 0 1 1	1 0 0 0 1 1 1 1 1 1 0 0 0 1 0 0 0 0 1 0 1 0 1 1 0 0 1 1 1 1 0 1 1 0 1 0 0 0 0 1 0 0 0 1 1 1 1 1 0 1 0 0 1 1 0 0 1 1 0 0 1 1 0 1 1 0 0 0 1 1 0 1 1 0 1 0 0 1 0 0 0 1 1 0 0 1 1 1 0 1 1 0 0 1 1 0 1 1 0 1
IND0173	1 1 0 0 1 0 0 0 1 0 0 0 0 0 0 1 1 1 1 1 1 0 0 0 0 1 1 1 1 0 1 1 0 1 0 1 1 0 1 1 0 1 1 1 0 1 0 0 1 0 0 0 0 1 1 1 1 1 1 0 0 1 0 1 1 0 0 0 0 0 0 0 1 1 1 0 1 0 0 0 0 0 0 0 0 0 0 0 0 1 0 0 1 1 0 0 1 1 1 0	0 0 0 0 0 0 1 0 0 0 1 0 1 0 0 1 0 1 0 0 1 0 0 1 1 1 0 0 0 0 0 1 0 0 1 1 1 0 0 0 1 1 1 1 0 1 1 1 1 0 0 0 1 0 0 1 1 1 0 0 1 1 1 1 1 1 1 1 1 1 0 0 0 0 0 1 1 1 0 0 0 1 1 0 1 0 1 1 1 1 1 1 0 0 0 0 1 0 1 0
IND0174	0 0 1 1 0 0 1 1 1 0 1 1 0 0 0 0 0 1 1 0 0 0 1 0 1 0 1 0 1 1 1 0 0 0 1 1 0 0 0 1 0 1 1 1 1 1 0 0 1 0 0 1 1 0 0 1 1 1 0 1 0 0 1 1 1 1 0 0 1 1 0 1 0 1 0 0 0 0 0 1 1 0 0 0 1 0 0 1 1 0 1 1 0 0 1 0 0 1 1 0	0 1 1 1 1 1 0 0 1 1 0 0 0 0 1 0 1 0 1 0 1 0 1 0 0 1 0 1 0 0 1 1 0 1 0 1 1 1 0 1 0 1 0 0 1 1 1 0 0 1 1 1 0 1 1 1 1 1 0 1 1 1 1 1 1 0 1 1 1 1 0 0 1 1 1 0 1 0 1 0 1 1 0 0 0 1 1 0 0 1 1 0 0 0 1 1 1 1 1 1
IND0175	1 1 0 0 0 0 1 1 0 0 1 0 0 1 0 1 0 0 1 0 0 0 1 0 0 0 1 0 0 0 0 1 0 1 0 1 0 0 1 0 1 1 1 1 1 1 0 0 0 0 1 1 1 0 0 0 1 1 0 1 1 0 0 1 1 1 0 1 0 0 1 1 1 1 1 0 0 0 0 0 1 0 0 0 1 0 1 1 0 0 1 1 1 0 1 0 1 0 0 1	0 1 0 1 1 1 1 1 0 1 1 1 0 1 1 1 1 0 1 0 0 0 0 0 0 0 1 0 1 1 1 0 0 0 1 0 1 1 0 0 1 0 0 1 1 1 1 1 0 1 0 0 0 1 1 1 1 1 1 0 0 0 1 0 1 1 0 0 1 1 0 0 0 1 1 1 0 1 1 1 0 0 1 0 1 1 1 1 0 0 0 0 1 0 0 0 0 1 1 1
IND0176	1 1 1 0 1 0 1 1 1 0 1 1 1 0 1 0 1 1 0 0 1 0 0 0 0 0 1 0 0 0 0 0 0 1 0 1 0 0 0 1 0 1 0 0 0 0 1 0 1 1 0 0 0 1 1 0 0 0 0 0 1 1 1 1 1 0 1 0 1 0 1 0 0 1 1 1 0 0 0 0 1 0 0 1 0 0 1 1 0 0 0 0 0 0 1 0 0 1 1 1	1 1 0 1 0 1 1 1 0 0 0 0 0 1 0 0 0 1 0 0 0 0 0 0 0 0 0 1 1 1 1 1 0 1 0 1 1 1 0 0 1 1 0 1 1 0 1 0 1 0 1 0 1 1 1 0 0 1 0 1 0 1 0 0 1 1 0 1 1 1 1 0 0 1 0 0 1 1 0 1 1 0 0 0 0 1 1 0 0 1 1 1 1 1 1 1 1 0 0 0
IND0177	0 1 0 1 0 1 0 0 0 1 0 1 0 1 1 1 0 0 1 1 1 0 1 1 0 0 1 1 0 1 0 0 0 1 0 1 1 0 1 1 0 1 1 0 0 0 0 1 0 1 0 0 1 0 0 0 0 0 0 1 1 1 0 1 0 0 1 0 0 0 1 0 0 1 1 1 0 0 1 0 1 0 1 1 1 0 1 1 0 1 0 1 0 1 1 1 0 0 0 1	1 1 0 1 0 0 0 1 1 0 0 1 0 0 0 1 0 0 1 0 0 1 1 1 0 0 0 0 0 1 0 0 1 1 0 0 1 1 1 0 0 0 0 1 0 1 0 1 1 0 0 1 1 1 0 0 0 1 0 0 1 1 1 0 0 0 1 0 0 0 1 0 1 0 1 0 0 0 0 1 1 1 0 1 1 1 1 0 1 0 1 0 0 1 0 1 0 0 0 1
IND0178	0 0 1 1 0 1 0 1 0 0 1 1 0 1 0 1 0 1 0 0 0 1 1 1 1 1 0 0 1 0 0 0 0 0 0 1 1 0 1 0 0 1 0 1 1 0 0 1 0 0 0 0 1 0 0 0 0 0 1 0 0 1 1 1 1 1 1 1 0 0 1 1 1 1 1 1 1 0 0 0 1 1 0 1 0 1 1 1 0 1 1 1 1 1 1 0 1 1 0 1	1 1 0 1 0 0 0 1 1 0 1 1 0 1 0 1 0 0 0 1 0 1 0 1 0 1 0 0 0 1 0 1 0 1 1 0 1 0 1 0 0 0 1 1 1 1 1 0 1 0 1 1 1 1 0 1 1 1 0 1 0 0 1 0 1 1 1 1 0 0 1 0 1 0 0 0 0 1 0 1 1 1 0 0 0 0 0 1 0 1 0 0 1 0 1 0 0 1 1 0
IND0179	1 1 1 0 0 1 1 0 0 0 0 1 0 1 0 1 1 0 1 0 1 1 0 1 1 1 1 1 0 0 1 1 0 1 0 0 1 1 0 0 0 0 0 0 1 1 0 1 1 0 1 1 0 1 1 0 1 1 0 1 0 0 1 0 0 0 0 0 0 1 1 0 0 1 0 0 0 0 1 1 1 1 1 0 1 0 1 1 1 0 0 1 0 1 0 0 0 1 0 1	0 0 1 1 0 0 1 0 1 0 0 0 0 0 1 1 0 0 0 0 0 0 1 1 1 0 1 1 1 0 1 0 1 0 1 1 0 0 1 0 1 0 1 1 1 0 1 1 0 1 0 1 1 1 1 1 1 1 0 0 1 1 0 0 0 0 0 0 0 1 0 1 0 0 0 1 1 0 0 1 1 1 0 0 1 1 1 0 1 1 0 0 0 0 0 1 1 1 0 0
IND0180	0 0 0 1 1 0 0 1 1 0 1 1 1 0 1 1 1 1 0 1 0 0 0 1 1 0 1 0 1 1 0 0 0 1 1 1 1 0 0 1 0 0 0 1 0 1 0 1 0 1 0 0 0 0 1 1 0 0 0 1 0 0 0 0 0 0 0 0 0 1 1 1 0 0 0 0 1 0 1 1 0 1 0 0 0 0 0 0 0 0 1 0 1 0 1 0 0 1 0 0	0 1 1 0 1 1 1 0 0 1 0 1 1 0 0 1 1 0 1 1 1 0 1 1 0 0 1 1 1 1 1 0 0 1 1 0 0 0 1 1 0 1 1 0 1 0 0 1 0 1 1 1 1 0 0 0 1 1 0 0 0 0 0 1 0 0 1 1 1 1 1 1 1 1 0 1 0 1 0 1 0 0 1 1 0 0 1 0 0 0 1 1 0 1 1 1 1 0 1 1
IND0181	0 0 0 0 1 0 1 1 0 1 0 0 0 0 1 1 0 1 0 1 1 1 0 0 1 0 1 1 1 1 0 1 0 0 1 0 1 0 0 0 1 1 0 1 1 0 0 1 1 1 0 0 0 0 0 0 0 0 1 1 1 0 0 0 1 1 1 0 1 0 1 1 0 1 1 0 1 0 1 0 0 1 1 0 1 1 0 0 1 1 0 1 0 0 0 1 1 0 1 0	0 0 0 0 0 0 1 1 1 0 0 0 1 1 0 1 0 0 1 1 1 0 1 1 0 0 1 0 1 0 0 1 1 1 0 1 0 1 1 0 1 0 1 1 1 0 0 0 1 0 0 1 1 0 0 0 0 0 1 1 0 0 1 0 0 0 1 0 0 0 0 1 1 0 1 0 1 1 0 0 0 0 0 1 0 1 1 1 1 0 1 0 0 1 1 0 0 1 1 1
IND0182	0 0 1 1 1 0 0 0 0 1 0 0 1 1 1 1 1 1 0 1 0 0 0 1 0 0 0 0 0 0 1 1 1 0 1 1 0 0 0 1 1 0 0 1 0 0 1 1 1 1 0 1 1 1 0 0 1 1 0 0 1 1 1 0 0 0 0 0 0 1 1 1 1 0 0 0 0 1 0 0 1 0 0 0 1 0 1 1 0 1 0 1 0 0 1 0 0 1 1 0	0 1 1 1 0 1 1 0 0 1 1 1 1 0 1 1 1 1 0 0 0 1 0 1 1 0 0 0 1 1 1 1 0 0 0 0 1 0 1 1 1 1 1 0 0 0 0 0 0 0 1 0 1 1 0 0 1 1 0 1 1 0 0 1 0 1 1 0 1 0 0 0 0 1 0 1 1 0 0 1 1 1 1 0 0 0 0 1 1 1 0 0 1 1 0 1 1 1 0 0
IND0183	0 0 1 0 0 0 1 1 0 1 1 0 0 1 1 1 0 0 1 1 0 1 1 1 0 1 1 1 1 1 1 1 0 1 0 1 1 1 0 1 0 0 1 1 0 0 1 0 1 0 1 0 0 1 1 1 0 1 1 0 1 1 0 0 0 1 0 1 1 1 1 0 1 0 0 0 0 0 0 0 1 1 1 1 0 0 1 0 0 1 0 0 0 1 1 0 1 1 0 1	1 1 1 0 1 0 1 1 0 1 0 1 0 0 1 0 1 1 0 0 1 0 1 1 0 1 0 0 0 0 0 1 1 0 1 0 0 0 1 1 0 1 0 1 1 0 0 1 0 1 0 1 0 0 1 1 0 1 1 0 0 0 0 1 0 0 1 1 0 1 0 1 0 0 1 0 1 1 1 1 0 1 1 0 0 0 1 1 1 1 0 1 0 0 0 1 0 1 0 1
IND0184	0 1 1 1 0 1 1 0 1 0 0 1 1 1 0 1 0 1 1 0 0 1 1 1 1 0 0 1 1 0 0 1 0 0 1 0 1 0 0 0 1 1 1 1 0 0 1 0 1 0 0 1 0 1 0 0 0 0 1 0 0 1 1 0 1 0 0 0 1 0 0 0 0 0 1 1 1 0 0 1 1 1 1 0 0 1 0 1 1 1 1 1 0 0 0 1 1 0 1 0	0 1 0 0 1 0 0 1 1 1 0 1 1 1 0 1 1 1 1 0 1 1 1 1 0 0 0 0 0 0 0 1 0 1 1 1 0 0 0 0 1 0 1 1 1 1 1 1 1 0 0 0 0 0 0 0 1 1 1 0 0 0 1 1 0 1 1 1 0 0 0 1 1 1 0 1 1 0 0 0 1 0 0 1 0 1 0 1 0 0 1 1 1 0 1 0 1 1 0 1
IND0185	1 0 1 1 0 1 0 1 0 1 0 0 1 0 1 0 0 1 1 1 1 1 0 1 0 0 1 1 0 1 0 1 0 1 0 1 0 0 1 1 1 1 1 1 1 0 1 0 0 1 1 1 0 1 0 1 0 0 0 0 1 1 0 1 1 1 1 1 0 1 1 1 1 1 0 1 1 0 0 0 0 1 0 0 1 0 1 1 1 0 0 0 0 1 0 1 0 1 0 1	1 0 0 0 1 0 0 1 0 1 0 0 1 0 0 1 0 0 0 1 0 0 1 0 0 0 1 0 1 1 0 0 1 1 0 0 0 1 0 1 1 1 1 1 1 0 1 1 1 0 0 1 0 0 0 1 0 1 0 0 0 1 1 0 1 0 0 0 1 1 0 1 1 0 0 0 1 1 0 0 1 1 0 1 1 0 0 1 1 0 0 1 1 0 1 0 0 1 1 1
IND0186	0 1 0 1 0 1 1 0 1 0 1 1 0 1 1 0 1 1 1 1 1 0 1 0 1 0 1 1 0 0 0 1 1 0 0 1 1 1 0 0 0 1 1 1 0 1 1 0 0 1 1 1 0 1 0 0 0 1 1 1 1 1 1 0 0 1 0 0 1 0 1 0 1 0 1 0 1 1 0 1 0 1 1 0 1 1 1 0 1 0 1 0 0 0 0 0 1 0 0 1	1 0 1 1 1 1 0 1 1 0 1 1 0 1 0 0 1 0 1 0 1 1 1 0 1 0 1 1 0 0 1 0 0 0 1 0 0 1 1 0 0 0 1 0 1 0 0 0 1 0 0 1 0 0 1 1 1 1 0 1 0 0 0 0 0 0 1 0 1 1 0 1 0 0 0 0 1 0 0 0 1 1 1 1 0 1 0 1 0 0 1 0 1 1 1 0 0 1 1 1
IND0187	0 0 0 0 0 0 0 0 1 1 0 0 0 0 0 0 1 0 0 0 0 0 1 1 0 1 1 1 0 1 1 0 0 1 1 1 1 1 1 1 1 1 0 0 0 0 1 0 1 0 0 1 0 0 0 0 0 0 0 1 1 0 1 1 0 0 1 1 1 1 0 1 1 0 1 0 1 1 0 0 1 1 1 0 1 0 1 0 1 0 0 1 0 0 0 1 1 0 1 1	0 1 1 1 0 1 0 0 0 1 0 1 0 0 0 0 0 1 1 0 0 1 1 0 0 1 0 1 0 1 0 0 1 1 1 1 1 0 0 1 1 1 1 1 1 1 0 0 0 0 0 0 1 1 1 1 1 1 1 1 1 1 0 1 1 0 0 1 1 0 0 1 1 1 1 0 1 0 1 0 1 0 1 0 0 0 1 1 0 0 0 1 0 1 0 0 0 0 0 1
IND0188	0 1 0 0 0 0 1 1 1 1 0 1 1 1 1 1 0 0 1 0 1 1 1 1 0 1 1 1 0 0 0 1 0 1 0 1 0 0 0 0 0 0 0 0 0 1 0 0 1 1 1 1 1 1 1 0 1 1 1 0 0 0 0 1 0 1 1 1 1 1 0 1 1 1 0 1 1 0 0 0 0 0 0 1 0 0 0 0 0 1 1 0 0 0 0 0 0 0 0 1	0 1 0 1 0 1 0 0 0 0 0 0 1 0 0 0 1 1 1 0 0 0 1 1 1 0 1 0 0 1 1 1 0 1 0 1 1 1 1 1 1 1 0 1 0 0 1 1 0 1 1 0 1 1 0 1 0 0 1 1 1 0 0 0 0 1 1 1 1 1 1 1 0 0 0 0 0 1 0 0 0 1 0 1 1 1 0 0 1 0 0 1 0 0 1 0 0 1 0 0
IND0189	1 0 1 1 1 0 0 0 0 0 0 0 1 1 0 1 0 0 0 1 1 0 1 0 1 1 1 1 0 0 1 1 1 0 0 1 0 0 1 1 0 0 1 1 0 1 0 1 1 1 1 0 1 0 1 1 0 1 0 1 0 0 1 0 0 1 1 0 0 0 1 0 0 1 0 0 1 0 0 1 0 0 0 1 0 0 1 1 1 0 1 1 1 1 0 1 1 1 0 1	1 0 0 0 1 0 1 0 0 1 0 1 0 1 0 1 1 0 0 0 0 1 1 1 0 0 0 0 1 1 0 1 1 1 0 0 1 0 1 0 0 1 0 0 1 0 0 0 0 1 1 0 0 1 0 1 1 0 0 1 1 1 0 0 1 1 0 0 0 0 0 0 0 0 0 1 0 1 1 1 1 0 0 1 1 1 1 0 0 1 0 0 1 0 1 0 0 0 1 1
IND0190	0 0 1 1 0 1 0 0 0 1 1 1 0 1 1 1 0 1 1 0 0 0 1 1 1 0 0 0 0 1 1 1 0 1 0 1 1 1 1 1 0 1 1 1 1 0 0 1 1 0 0 1 1 1 1 1 0 0 1 1 0 1 1 1 1 1 0 0 0 0 1 0 0 1 1 0 0 0 1 0 0 0 0 0 0 0 0 1 0 0 0 1 1 1 1 1 0 1 1 0	0 0 0 0 1 0 1 0 1 0 0 0 0 0 0 1 0 1 1 1 0 1 0 1 0 1 1 0 0 1 1 1 0 1 1 0 0 0 1 0 1 0 1 1 1 1 1 1 1 0 0 0 0 0 1 0 1 1 0 0 0 0 1 0 0 1 1 0 0 1 1 1 0 0 1 1 0 1 0 1 0 1 1 1 1 1 1 0 0 0 0 1 0 1 0 0 1 0 1 1
IND0191	1 1 0 1 0 0 0 0 0 0 0 0 1 0 0 0 1 1 1 1 1 0 0 1 1 1 1 1 0 0 0 1 1 0 1 0 1 0 0 0 1 0 0 1 1 0 0 0 0 1 1 1 1 1 1 0 1 0 0 1 0 1 1 1 1 1 0 1 0 1 0 0 0 1 1 1 0 0 0 1 1 1 0 0 0 0 1 0 0 1 0 1 0 1 1 0 0 0 0 0	0 1 1 1 1 0 1 1 1 1 1 0 0 1 0 0 0 1 1 0 0 0 1 1 0 1 0 1 1 0 1 0 1 1 1 0 1 1 1 1 0 1 0 0 1 0 1 1 1 0 0 0 1 0 0 1 1 0 1 0 0 1 0 1 1 0 0 1 1 1 1 1 1 0 0 0 1 0 1 1 1 1 0 1 1 0 1 0 1 1 0 1 1 0 0 0 1 1 0 1
IND0192	1 1 0 0 0 1 0 1 0 1 1 0 1 0 1 1 1 0 1 0 0 0 0 1 0 0 0 0 0 1 1 0 1 1 0 1 0 0 1 0 1 1 0 1 1 0 1 1 0 1 1 0 1 1 1 0 1 0 1 1 0 1 1 1 1 1 0 1 1 0 0 1 0 0 0 0 1 1 0 1 1 1 0 0 0 0 0 0 0 0 0 1 0 1 1 0 0 1 1 0	0 0 0 1 0 0 0 1 1 1 0 0 1 1 1 0 1 1 1 1 1 0 1 1 1 1 1 0 0 1 1 0 0 1 0 1 1 1 0 1 1 1 1 1 1 0 0 0 0 0 0 1 0 1 1 1 0 1 1 1 0 0 1 0 0 0 1 0 1 0 1 0 1 0 1 0 0 0 0 0 0 0 1 1 1 1 0 0 1 0 0 0 1 1 0 1 1 0 1 0
IND0193	0 0 0 0 0 1 0 1 0 0 0 0 0 1 1 1 0 1 1 0 1 0 0 0 1 0 1 0 1 0 1 1 1 1 0 0 1 0 0 0 1 0 1 1 1 0 1 0 1 1 0 1 0 1 1 0 0 1 1 0 1 1 1 1 1 0 1 1 1 0 1 0 0 1 0 0 1 1 1 0 0 1 0 1 0 1 0 1 0 1 1 0 0 0 0 0 1 1 0 1	0 0 1 1 1 0 1 1 1 0 1 0 1 0 1 1 0 1 0 1 1 0 1 0 1 0 1 1 0 1 0 1 1 0 1 0 0 0 1 1 1 0 1 0 1 1 0 1 0 0 0 0 0 0 0 0 0 1 1 0 0 0 0 0 1 1 1 1 1 1 1 1 0 1 0 1 0 0 0 0 0 1 1 0 1 1 0 0 1 0 1 1 1 0 0 1 0 0 1 0
IND0194	1 1 1 0 1 0 0 1 1 1 1 1 1 1 0 1 0 1 1 0 0 1 1 1 1 0 0 1 1 1 0 1 0 1 1 0 0 0 0 0 0 1 0 1 0 1 1 0 1 0 0 1 1 0 1 1 0 0 0 0 1 0 0 0 1 0 0 1 0 0 1 0 0 1 0 0 0 0 0 1 0 1 0 0 1 1 0 0 0 0 1 0 1 1 1 0 1 1 0 0	0 0 1 1 1 0 1 0 1 1 0 1 1 0 1 0 0 1 0 1 1 1 0 0 0 1 0 0 0 1 0 1 0 0 0 0 1 0 0 0 1 1 0 0 1 0 1 1 1 0 1 0 1 1 0 0 1 0 1 1 0 1 0 0 1 0 0 0 1 0 0 1 1 1 0 1 1 0 1 1 0 1 1 0 1 0 1 0 0 1 1 1 0 1 0 0 1 0 1 0
IND0195	0 1 1 1 1 0 0 1 0 0 0 0 0 0 0 1 1 1 0 0 0 0 1 0 1 1 0 1 0 0 0 0 1 0 0 0 0 0 1 1 1 1 0 0 0 0 1 0 1 1 1 0 0 0 1 1 0 0 0 0 1 1 1 0 1 0 0 0 0 1 1 0 1 1 1 0 0 1 0 1 1 0 0 0 1 0 0 0 0 0 1 1 1 1 1 1 1 1 1 1	1 0 1 0 0 1 1 0 0 0 1 0 0 1 1 1 0 0 1 1 0 0 1 0 0 1 1 0 0 0 1 1 1 0 0 1 1 0 0 0 0 1 0 0 0 1 0 1 0 1 0 1 1 0 0 1 0 1 1 1 1 0 1 1 1 0 0 1 1 1 1 1 1 1 0 1 1 0 1 0 1 1 0 0 1 1 1 1 0 1 0 1 1 0 0 1 0 0 0 1
IND0196	1 1 1 1 0 1 0 1 1 0 0 0 1 0 1 0 1 1 0 1 0 0 0 0 0 0 1 1 0 0 1 1 1 0 1 1 1 1 1 1 0 0 0 1 1 1 0 0 0 0 1 0 0 0 0 0 0 0 1 1 1 0 0 0 0 1 1 1 0 0 1 1 0 1 1 0 0 1 1 1 0 1 1 0 1 0 1 1 0 0 0 0 0 0 1 1 0 1 1 1	1 0 1 1 1 1 1 0 0 1 0 0 1 1 1 0 1 0 1 0 1 0 0 0 1 1 0 0 1 1 0 1 1 1 0 1 1 0 1 1 0 1 0 0 0 1 1 0 0 0 0 1 0 0 1 0 1 0 0 0 0 0 0 0 0 0 0 0 0 1 1 1 0 1 1 0 1 0 1 1 0 0 1 1 1 0 0 1 0 0 0 0 0 1 1 1 0 1 0 1
IND0197	0 1 1 0 1 1 1 1 1 1 1 0 1 0 1 1 0 0 1 0 1 0 0 0 0 1 0 0 1 1 0 0 1 0 0 0 1 0 1 1 0 0 1 1 0 1 0 1 1 0 0 0 0 1 0 0 0 0 1 1 1 0 1 1 0 0 0 1 1 1 1 1 1 0 0 0 0 0 1 1 0 1 1 0 0 0 1 0 1 0 1 0 1 1 0 0 1 0 1 1	0 0 0 1 0 0 1 0 1 1 0 1 0 0 0 1 1 1 1 1 1 0 1 1 1 0 1 1 1 0 1 1 1 0 0 1 1 1 0 0 0 0 1 1 0 0 0 1 0 0 0 0 1 1 0 1 1 0 1 1 0 0 0 1 0 0 1 0 1 1 1 0 1 1 0 0 1 0 0 0 0 0 1 1 1 1 1 0 0 1 0 0 0 1 1 0 1 0 0 0
IND0198	1 0 1 0 0 0 1 0 0 1 1 1 1 0 1 1 0 1 0 0 0 1 0 0 1 1 0 1 0 0 1 0 1 1 1 1 0 1 0 0 1 1 0 1 1 1 0 1 1 0 0 0 1 0 1 1 0 1 1 0 0 1 0 0 1 1 0 1 0 0 1 1 1 1 0 1 0 1 1 0 1 1 1 1 1 0 0 1 1 0 1 0 1 0 0 0 1 0 1 1	0 0 1 0 0 0 0 0 0 1 0 1 0 1 0 0 1 0 0 0 1 1 0 0 1 1 0 1 0 0 1 0 0 1 1 0 0 0 1 1 1 1 0 0 1 1 0 0 0 1 1 0 0 1 0 0 0 0 0 1 1 1 0 0 1 1 0 0 0 1 0 1 1 1 1 1 1 0 0 1 1 1 1 0 1 0 0 0 0 0 0 1 1 0 0 0 0 1 1 1
IND0199	0 0 1 0 1 1 0 0 1 1 0 0 1 0 0 1 1 1 0 1 1 0 1 1 1 0 0 1 1 1 1 0 0 1 0 0 0 1 1 1 1 0 0 0 1 1 0 1 1 0 1 0 0 0 1 1 1 0 0 0 1 0 0 1 1 1 1 1 0 1 0 1 0 1 0 0 0 0 1 1 0 0 1 1 0 1 0 1 1 1 1 0 1 1 1 0 1 0 1 0	1 0 1 1 0 1 1 0 0 1 1 0 1 1 0 0 1 0 0 0 1 1 1 1 1 0 1 1 0 0 1 1 0 0 0 0 0 0 0 1 0 0 1 0 0 0 1 1 1 0 0 0 0 1 1 0 1 0 0 0 1 0 0 0 0 0 1 1 1 1 1 0 1 1 0 1 1 0 1 0 1 1 1 1 0 0 1 0 0 0 1 1 1 1 1 0 1 1 0 0
IND0200	0 0 0 1 1 0 1 0 0 1 0 1 0 0 0 1 0 1 0 0 0 1 0 1 0 0 1 0 1 1 0 0 1 0 1 0 1 0 0 1 1 1 1 1 1 1 0 1 0 1 0 1 1 0 1 1 0 1 0 0 1 1 0 1 1 0 1 1 0 0 0 0 1 0 1 1 1 0 1 1 0 1 1 0 1 1 1 0 1 0 0 1 0 1 1 1 1 1 1 0	0 0 0 1 0 0 0 1 0 0 0 0 1 1 1 1 0 1 0 1 0 1 1 1 1 1 0 0 0 1 0 1 0 0 1 0 1 1 1 0 0 0 0 1 0 1 1 0 0 0 1 1 0 1 0 1 0 0 1 1 0 0 1 0 1 1 1 0 1 1 0 0 1 0 0 1 1 1 1 1 0 0 1 0 1 1 0 0 1 0 1 0 0 0 0 0 1 1 0 0
