IND0001	1 1 1 1 0 0 1 1 0 1 1 0 0 1 1 1 0 0 1 1 0 1 1 0 1 0 1 1 1 1 0 1 0 0 1 0 0 0 1 1 0 0 0 1 0 1 1 0 0 1 0 0 0 1 1 1 1 0 0 0 1 1 1 1 1 1 0 0 1 0 1 1 0 0 0 1 0 0 0 0 0 1 0 0 1 1 0 1 0 0 1 1 0 0 1 0 0 0 0 1	0 1 1 1 1 1 1 0 1 0 0 0 1 0 1 0 1 1 1 1 1 1 1 0 1 1 0 0 0 1 0 0 1 1 1 0 0 1 0 0 1 0 1 0 0 0 0 0 1 1 0 1 0 0 1 0 1 1 1 1 0 0 1 0 0 0 0 0 0 0 0 0 1 0 0 1 0 0 1 1 1 0 1 1 0 1 1 1 1 1 1 0 0 1 0 1 0 1 1 1
IND0002	1 1 1 0 0 0 1 0 1 0 0 1 1 0 0 0 0 1 1 1 1 0 0 1 0 0 0 0 1 0 0 0 1 0 0 1 0 0 1 0 0 0 1 1 0 0 1 1 1 1 0 1 1 0 0 0 1 1 0 0 1 1 1 1 0 0 1 0 0 0 0 0 0 1 0 1 1 0 1 1 1 1 0 1 0 1 0 1 0 1 0 1 0 1 1 0 0 1 0 0	0 0 0 0 1 0 1 1 1 0 1 0 1 1 0 0 1 0 0 0 1 1 0 1 0 1 0 0 1 1 1 0 1 1 1 1 0 0 1 1 0 1 1 1 0 0 1 0 1 1 1 1 1 1 1 0 0 0 0 1 0 1 1 0 1 1 0 0 1 1 1 0 1 1 0 1 0 1 1 0 1 1 1 0 1 0 1 1 0 0 0 1 1 1 0 1 1 1 1 1
IND0003	1 0 1 1 0 1 0 1 0 0 1 0 1 0 1 0 1 1 0 1 0 1 0 0 1 1 1 1 0 1 0 0 0 0 0 0 1 0 0 1 0 0 1 1 1 0 0 0 1 1 0 0 1 0 0 1 0 0 0 1 1 1 1 0 0 0 1 1 1 1 0 0 1 1 0 1 0 0 1 1 1 1 1 0 1 0 0 0 1 0 1 0 1 0 0 1 0 1 1 0	1 0 0 1 0 1 0 1 0 0 1 0 1 1 0 1 0 1 1 1 0 0 1 1 0 1 0 1 0 1 0 0 0 0 1 0 1 0 1 1 1 0 0 0 0 0 0 0 1 1 1 1 0 1 0 0 0 0 1 0 1 0 1 0 1 1 1 0 0 0 1 0 0 1 0 0 1 0 1 0 0 1 1 0 1 1 1 0 0 0 1 0 1 1 1 1 1 1 1 1
IND0004	1 0 0 0 1 0 0 1 0 1 0 1 1 0 0 0 1 0 1 0 0 0 0 1 1 0 0 0 0 0 0 1 0 0 1 0 1 1 0 1 0 0 0 1 1 1 1 0 0 1 0 0 0 1 0 1 0 1 0 0 1 1 1 0 1 1 1 0 1 0 0 1 0 0 0 1 1 0 1 0 1 1 1 0 0 1 1 0 1 0 1 1 0 0 1 0 0 0 1 0	0 0 1 1 0 0 0 0 1 1 1 1 0 1 1 1 1 1 0 1 0 1 0 1 0 0 0 0 1 1 1 1 0 1 0 1 1 0 1 0 1 0 0 0 1 1 1 1 1 1 1 0 0 0 0 0 1 1 0 0 1 0 0 1 1 0 1 0 0 0 0 0 0 0 0 0 1 1 0 0 0 0 1 1 0 0 1 0 1 0 1 0 0 0 1 1 0 1 1 0
IND0005	1 1 1 1 0 0 1 1 0 0 0 0 1 1 1 1 1 0 1 1 0 1 1 1 1 1 1 0 0 1 0 1 1 0 1 1 0 0 0 1 1 0 1 0 0 0 1 0 1 0 0 1 1 1 1 0 1 0 1 1 0 0 0 0 1 1 0 0 0 1 0 0 0 1 0 1 0 0 1 1 1 0 1 0 0 1 1 1 1 1 1 1 1 1 1 1 0 0 1 1	1 1 0 0 0 0 1 1 1 0 0 1 0 0 0 0 1 0 0 1 1 0 1 1 0 1 1 1 0 0 0 1 1 1 0 1 0 1 1 1 1 0 0 1 0 1 1 0 0 1 1 1 1 0 0 0 1 0 0 0 1 1 0 0 0 1 0 0 0 0 1 0 1 1 0 0 0 0 0 0 0 0 1 1 0 1 1 1 1 1 0 1 1 0 0 1 0 0 0 1
IND0006	1 0 0 1 1 1 0 1 0 1 0 0 0 1 1 1 0 0 1 1 1 0 1 0 0 0 0 1 1 0 0 0 0 1 0 1 0 0 0 0 0 1 0 1 1 0 0 1 1 1 0 0 1 0 1 1 1 0 0 0 1 1 0 1 0 1 0 1 0 0 0 1 1 0 0 1 1 0 0 0 0 0 0 0 1 1 1 0 0 0 1 0 0 0 1 1 0 0 1 0	0 1 1 1 1 1 1 0 1 1 0 0 1 1 0 1 1 0 0 0 1 0 0 0 0 1 1 0 0 1 1 0 0 1 1 0 1 1 1 0 0 0 1 1 1 0 0 0 0 1 1 1 1 1 1 0 1 0 1 0 1 1 1 0 0 1 1 0 1 1 0 1 0 0 0 1 0 1 0 1 0 1 0 0 0 0 0 1 0 0 0 0 1 0 0 1 1 1 1 0
IND0007	1 1 0 0 0 0 1 0 0 0 0 1 0 1 0 0 0 1 1 0 0 1 0 1 0 0 0 0 1 1 0 1 0 0 1 0 0 0 0 1 1 1 0 1 1 0 0 1 0 0 1 0 0 1 1 1 0 0 1 0 0 0 1 1 1 1 0 1 0 0 0 1 1 0 0 1 1 0 1 0 0 1 1 0 1 1 1 1 0 1 1 0 0 0 1 0 0 1 0 0	0 0 1 0 0 0 0 0 1 1 1 0 1 1 1 0 1 1 1 0 0 1 1 1 0 1 0 0 1 1 1 1 0 0 1 1 1 1 0 0 0 1 0 1 1 0 0 1 1 1 1 1 0 1 1 0 0 0 0 1 1 1 0 1 1 1 1 0 0 0 1 0 0 1 1 0 1 0 0 1 1 0 1 1 0 0 0 1 1 0 1 1 0 0 0 0 0 0 1 1
IND0008	1 1 0 0 1 0 0 0 1 0 0 1 0 1 0 0 0 1 1 0 0 0 1 0 1 1 0 0 0 1 1 1 0 1 1 1 1 1 0 0 0 1 0 0 0 0 1 0 0 1 0 1 1 0 1 0 1 1 0 1 1 0 0 1 0 1 1 0 1 0 1 1 1 0 0 0 0 0 0 0 1 0 0 1 1 1 0 1 0 1 0 1 0 0 1 1 1 0 0 1	0 0 1 1 0 1 1 1 0 0 0 0 1 0 1 1 0 1 0 1 0 1 1 1 0 1 1 1 1 1 0 0 1 0 0 1 1 1 1 1 1 1 0 0 0 0 1 1 0 0 0 0 0 1 0 0 0 1 1 1 1 1 1 1 1 0 0 0 0 0 1 0 0 0 0 1 1 1 0 0 1 0 1 1 1 0 0 1 0 0 0 1 1 0 1 0 0 1 1 0
IND0009	0 0 0 1 0 0 0 0 0 0 1 0 1 0 1 1 0 1 0 1 1 1 1 0 0 1 0 0 1 0 0 0 1 0 1 0 0 1 1 0 0 0 0 1 1 0 0 0 1 0 0 0 0 0 0 1 1 0 0 0 0 0 0 1 0 0 1 0 1 0 1 1 1 1 0 0 0 1 1 0 1 1 1 0 1 1 1 1 1 1 1 1 1 1 0 0 1 0 1 1	1 0 1 1 1 1 1 0 0 1 0 0 0 0 1 0 1 1 1 1 1 1 0 1 0 1 1 1 0 1 0 0 0 0 1 0 0 0 0 1 1 0 0 1 0 1 0 0 1 0 1 0 0 1 1 0 0 0 0 0 1 1 1 1 0 0 0 1 0 1 0 1 0 0 0 1 0 0 1 1 0 1 1 0 1 1 1 1 0 1 1 0 1 1 0 0 0 0 0 1
IND0010	0 0 0 1 1 1 0 1 1 0 0 1 0 0 0 0 1 1 1 1 0 0 0 0 1 0 0 0 1 0 0 0 0 1 1 0 0 0 0 0 1 0 0 1 0 1 0 1 1 1 1 0 1 1 1 0 0 0 1 1 0 1 1 1 0 1 0 0 1 1 1 1 1 0 0 0 0 0 0 0 1 1 0 1 1 1 0 1 1 0 0 1 1 0 0 1 1 0 1 0	0 0 0 1 0 0 1 1 1 0 0 1 0 0 0 0 0 0 0 1 1 0 1 1 0 0 1 0 1 1 0 0 0 1 0 1 0 1 1 1 0 0 1 1 0 0 0 1 0 0 1 0 1 1 1 1 0 1 0 0 1 0 0 0 1 0 1 0 1 1 0 0 0 1 1 0 0 0 1 0 1 1 1 1 0 0 1 1 0 0 1 0 1 1 1 1 0 0 1 0
IND0011	1 0 1 0 0 1 0 1 0 0 0 1 1 1 0 1 0 1 0 1 1 0 0 0 0 0 1 1 0 0 0 0 0 1 0 0 0 1 1 1 1 1 0 0 1 0 1 0 1 1 1 1 0 1 1 0 1 0 1 1 1 0 0 0 0 1 0 1 0 1 0 1 0 0 1 1 1 1 1 1 0 1 1 1 0 0 1 1 1 1 0 1 1 0 0 1 0 1 0 1	0 0 0 1 0 1 1 0 1 0 0 1 0 0 0 0 0 1 1 0 0 0 1 0 0 1 0 1 1 1 1 0 0 1 1 0 0 1 0 1 0 1 0 1 0 1 0 1 0 1 0 1 1 1 0 1 1 0 0 1 0 1 0 0 0 0 1 1 1 1 0 0 1 1 1 0 0 1 0 0 0 1 0 0 0 0 1 0 1 0 0 1 0 1 0 1 0 0 1 1
IND0012	0 1 1 1 0 0 1 0 1 1 0 0 1 0 1 1 0 0 0 1 0 1 1 0 0 1 1 1 1 1 0 1 0 0 1 1 1 1 1 1 0 0 0 0 0 0 1 0 0 0 0 1 0 1 0 1 1 1 0 0 1 1 0 0 0 1 1 0 1 1 0 0 1 0 0 0 0 1 0 1 0 1 0 1 0 0 1 0 0 0 0 1 0 0 0 1 0 0 0 1	1 1 1 0 1 0 0 1 1 0 0 0 1 0 0 1 1 1 1 1 0 1 1 0 1 0 1 1 0 0 1 0 1 1 0 1 1 0 0 0 1 1 1 0 0 0 1 0 1 0 1 1 1 1 1 0 0 0 0 0 1 1 1 0 0 1 0 1 1 0 1 0 1 0 1 1 0 0 0 0 0 1 1 0 0 0 1 1 1 1 1 0 0 0 1 1 1 0 0 1
IND0013	0 1 1 0 1 1 1 1 1 1 1 0 1 1 1 1 0 0 0 1 0 0 1 0 0 1 1 0 1 1 1 0 0 0 1 0 0 1 0 0 1 1 0 0 0 0 1 0 0 0 1 0 0 0 1 1 1 1 1 1 1 0 0 0 1 1 0 0 0 0 1 1 1 0 1 1 0 0 0 1 0 1 0 1 0 1 1 0 1 0 0 1 1 1 1 1 1 1 0 1	0 0 1 0 1 1 1 0 1 1 1 1 1 0 0 1 0 1 0 0 0 0 1 0 0 1 1 1 0 1 1 0 0 1 0 0 1 1 0 1 0 0 1 1 1 0 1 0 1 0 1 1 0 1 0 1 1 1 1 1 0 0 0 0 0 0 1 1 0 1 0 0 1 0 1 1 1 1 0 1 0 0 1 1 0 1 1 1 1 0 1 0 0 0 0 0 1 1 0 1
IND0014	0 1 0 0 1 1 0 1 1 1 0 0 0 1 1 1 0 0 1 1 0 0 1 1 0 1 1 1 0 0 0 0 0 0 1 1 1 1 0 0 1 1 1 0 0 0 0 1 1 0 1 1 0 0 0 0 1 1 1 0 1 0 0 1 1 0 1 1 1 0 1 1 0 0 0 0 0 0 1 0 0 1 0 1 1 0 1 1 1 1 1 0 1 1 1 1 0 1 0 0	1 0 1 0 0 0 1 1 0 1 0 1 1 1 1 0 1 1 0 0 1 1 1 0 1 1 1 1 1 1 1 1 1 0 0 0 0 1 0 0 1 0 1 0 0 1 1 0 0 0 1 0 1 1 0 1 0 1 1 1 1 0 0 0 1 0 0 0 1 1 0 0 1 1 1 1 1 1 1 1 1 1 0 0 1 1 0 0 1 1 1 1 1 0 0 0 1 0 1 1
IND0015	1 1 1 1 1 1 1 1 0 1 0 0 0 0 1 0 0 0 0 0 0 1 1 1 1 1 0 0 0 0 0 1 0 0 0 1 1 1 0 1 0 0 0 0 1 0 0 1 0 0 1 1 1 1 0 0 1 0 0 1 0 0 1 1 0 1 1 0 0 0 0 1 0 1 1 0 1 0 1 0 0 1 0 0 1 1 1 0 0 1 1 1 1 0 1 1 1 1 0 1	0 0 0 0 1 1 0 1 0 0 0 1 0 0 1 0 1 1 1 1 0 1 0 1 0 1 0 0 1 0 0 0 1 1 0 1 0 0 1 0 0 1 1 1 1 1 1 1 1 1 1 1 0 0 0 0 1 0 1 1 1 1 0 0 0 0 0 1 1 0 1 1 0 0 1 0 1 1 1 0 1 0 1 1 1 1 0 1 0 0 1 1 0 1 1 0 0 0 0 1
IND0016	0 0 0 1 0 0 1 0 1 1 1 1 0 0 0 1 0 0 1 0 1 0 0 0 0 1 0 1 0 0 0 0 1 1 0 0 1 1 0 0 1 0 0 1 1 0 1 0 1 1 1 1 0 0 0 0 0 0 1 1 1 1 1 1 0 0 1 0 0 0 1 1 0 0 0 0 0 0 0 0 0 0 1 1 0 0 1 1 0 1 0 0 1 0 0 1 1 1 1 1	0 0 1 1 0 1 1 1 0 0 1 1 1 0 1 0 1 0 1 0 1 0 0 1 0 1 0 1 0 1 0 1 1 1 0 1 1 1 0 0 0 1 0 0 1 1 1 1 0 1 0 0 1 1 0 1 0 1 0 0 1 1 1 1 1 1 0 1 1 1 0 0 1 1 0 0 1 0 0 1 1 1 0 0 1 1 0 0 0 0 1 0 1 1 0 0 1 1 0 0
IND0017	0 1 0 0 0 1 1 0 0 1 0 1 0 0 1 0 1 0 1 1 0 0 1 0 0 0 0 1 1 1 0 0 1 0 1 1 0 1 1 0 1 1 1 1 1 1 0 1 1 1 1 0 0 1 1 1 0 1 1 1 0 1 0 0 1 0 0 0 0 1 1 0 1 0 0 1 1 1 0 1 1 0 1 1 0 1 1 1 1 0 0 0 0 1 1 0 0 0 1 1	0 1 1 0 1 1 0 1 1 0 0 1 0 1 1 0 1 1 1 0 0 1 1 1 1 0 0 1 0 1 0 0 1 0 0 1 0 1 0 0 1 1 0 1 0 0 0 1 1 0 1 1 0 0 0 1 0 0 1 0 0 0 0 0 0 1 0 0 0 0 1 1 0 0 0 0 0 1 1 0 0 0 1 0 0 1 1 0 0 0 0 1 0 0 1 0 0 0 0 1
IND0018	0 0 1 1 1 1 0 0 0 1 1 0 1 0 1 1 0 1 0 0 0 1 0 0 0 0 1 0 0 0 0 1 1 1 1 1 0 1 0 1 0 0 0 1 1 1 1 1 1 0 1 1 1 1 1 1 0 0 0 0 1 1 1 0 0 0 1 1 0 0 0 1 0 1 1 0 1 1 0 0 1 0 1 1 1 1 0 0 1 0 0 1 1 0 0 1 1 1 1 0	1 1 0 0 0 0 0 0 1 1 0 1 1 1 1 0 0 0 1 0 0 1 0 1 0 0 1 1 0 1 0 0 0 0 0 0 1 0 0 0 0 0 1 0 0 0 0 0 1 1 1 1 1 1 1 0 0 1 0 0 1 1 0 1 0 1 0 0 0 0 1 0 1 1 0 0 0 1 1 0 0 0 1 0 1 0 1 0 1 1 1 1 1 0 1 0 1 0 1 0
IND0019	1 0 1 0 0 1 1 1 1 0 1 1 0 1 0 0 1 1 1 0 0 1 0 1 0 0 1 0 1 0 0 1 0 0 1 0 1 1 0 0 1 0 1 0 1 0 0 1 0 0 1 0 1 0 1 1 1 1 1 0 1 1 1 1 0 1 1 0 0 0 0 0 0 1 0 1 0 0 1 1 1 0 1 0 1 0 0 0 1 1 1 0 0 1 0 1 1 0 0 0	1 1 1 1 0 1 0 1 1 0 0 0 0 0 0 0 1 1 1 0 0 1 0 0 1 1 0 1 0 1 1 0 0 1 1 0 1 0 0 1 0 1 1 0 1 1 1 1 1 0 0 1 1 1 1 1 0 1 1 1 0 1 1 0 1 1 1 1 1 1 1 1 0 1 0 1 1 0 0 1 1 1 1 0 0 0 1 0 1 1 0 1 1 1 1 0 0 0 0 0
IND0020	1 1 1 0 1 1 1 0 0 0 1 1 1 0 0 1 1 1 0 0 1 0 0 0 1 1 1 0 0 1 0 0 0 1 1 1 1 0 0 1 1 0 0 0 0 0 1 1 1 1 1 0 1 1 0 0 1 0 0 0 1 0 1 1 1 0 1 0 1 1 1 1 0 0 1 0 1 1 1 0 1 0 0 0 1 0 0 0 0 0 1 0 0 1 1 1 0 1 0 0	1 0 0 1 0 0 1 1 1 1 1 1 1 1 1 1 1 0 0 1 0 0 0 0 0 0 1 1 1 0 0 0 1 1 0 0 1 0 0 0 1 0 1 0 0 1 1 1 0 1 0 1 1 0 1 1 1 1 1 1 0 0 1 1 0 0 0 1 1 0 0 0 1 0 1 1 0 1 0 1 0 0 1 1 1 0 1 1 0 0 0 1 1 1 1 1 1 1 0 1
IND0021	0 0 1 1 1 1 1 1 1 0 0 0 0 0 0 0 0 1 1 0 0 0 1 0 1 0 1 0 1 0 0 0 0 0 0 0 0 0 0 0 1 1 0 0 0 0 1 0 0 1 1 0 0 1 1 0 0 1 1 1 1 1 0 0 1 0 0 1 0 0 1 1 0 0 1 1 0 0 1 0 1 0 0 1 1 0 1 1 0 1 1 0 0 1 0 1 0 1 0 0	0 1 0 1 1 0 0 1 1 0 1 0 0 0 0 0 1 0 0 0 1 0 1 1 0 1 1 0 0 1 1 0 1 1 1 0 1 0 0 0 0 0 1 1 1 0 0 1 0 0 1 0 0 1 0 0 0 0 0 1 0 0 0 0 1 0 0 0 0 1 0 1 0 0 0 1 1 1 0 0 0 0 0 0 1 0 1 0 0 0 0 1 0 1 0 1 0 0 1 0
IND0022	0 1 1 0 0 0 1 0 0 0 1 1 0 1 1 0 1 0 1 0 0 1 1 1 1 0 1 0 1 0 0 0 0 0 1 1 1 1 1 0 1 0 1 0 1 0 0 0 0 0 0 0 1 1 1 1 0 0 1 1 0 0 1 1 0 1 1 1 0 1 1 0 0 1 1 0 0 0 0 1 0 1 1 1 0 0 1 1 0 1 1 0 0 1 0 1 0 1 0 1	0 0 1 1 1 1 1 1 0 1 1 0 0 0 1 0 1 0 1 1 1 1 1 0 0 0 0 0 1 1 1 0 1 0 0 0 0 0 0 0 0 0 0 0 0 1 0 0 1 1 1 0 1 1 1 0 1 1 1 1 1 1 0 1 0 0 1 0 1 0 0 1 1 1 1 1 1 0 1 0 0 1 0 1 1 0 1 0 0 1 1 0 0 0 0 0 1 1 0 1
IND0023	0 0 0 1 1 1 0 1 1 0 1 0 1 1 1 1 1 1 1 1 1 1 1 1 1 1 1 0 0 0 0 0 1 1 0 1 0 1 1 1 0 1 1 0 0 1 1 0 1 1 0 1 1 0 0 0 0 0 0 1 1 0 1 1 1 1 0 0 0 1 1 1 0 0 1 1 0 0 1 0 0 0 0 0 0 1 0 1 0 1 0 1 1 1 1 0 0 1 1 1	1 0 0 0 1 0 1 0 1 1 0 1 0 0 0 1 0 1 0 1 0 1 1 1 0 0 0 0 0 0 0 1 1 0 1 0 0 1 1 0 0 1 1 1 0 1 0 0 0 1 0 1 0 0 0 1 1 1 1 0 0 1 0 1 0 1 0 0 1 1 0 1 0 1 0 0 1 0 0 0 1 0 1 1 1 0 1 1 1 0 1 0 0 0 0 0 0 0 0 0
IND0024	1 1 1 1 0 1 1 0 1 0 1 1 1 0 1 1 0 0 1 0 0 0 1 1 0 0 1 0 0 1 0 0 0 0 0 0 1 0 0 0 1 1 1 1 0 1 0 1 1 1 1 1 0 1 1 0 1 0 0 0 0 1 0 0 0 1 1 1 1 0 1 0 1 0 0 0 0 1 0 0 0 1 0 1 1 0 0 1 1 1 0 1 0 0 0 0 0 0 1 1	1 1 1 1 0 0 0 1 1 1 1 0 1 0 1 0 0 1 1 1 0 1 0 0 0 0 1 1 0 1 0 0 0 0 0 1 0 0 1 1 0 1 1 0 1 1 0 1 0 1 1 0 1 0 0 1 1 0 0 0 1 0 1 0 1 1 1 0 1 0 0 1 0 0 0 1 1 0 0 0 0 1 1 0 1 0 0 1 0 0 1 1 1 1 1 1 0 0 0 0
IND0025	0 1 1 1 0 1 0 0 0 1 1 0 0 1 0 0 1 1 0 1 0 0 1 1 1 0 1 1 0 1 1 1 0 0 0 1 0 0 1 0 1 0 1 0 0 1 1 0 1 1 1 0 1 1 0 0 1 1 0 0 0 1 1 0 0 1 0 0 1 0 1 1 1 1 1 0 1 0 0 1 1 0 0 0 1 0 1 0 0 0 1 0 0 0 0 0 0 0 0 0	0 1 0 1 0 1 1 1 0 1 0 1 0 0 0 1 1 0 1 0 1 0 0 0 1 0 1 0 0 0 0 0 0 1 1 0 0 0 0 0 0 0 1 1 0 0 0 0 0 1 1 0 0 0 0 0 1 1 0 1 1 1 1 0 1 1 0 1 1 0 0 1 0 0 1 0 1 1 0 1 0 0 1 0 1 0 0 1 1 0 0 0 0 0 0 1 0 0 1 0
IND0026	0 0 0 0 1 1 1 1 0 0 1 1 1 1 0 0 0 0 1 0 0 1 1 1 0 1 0 1 0 0 1 1 0 1 1 1 0 0 0 1 1 0 1 0 0 0 1 0 0 1 0 0 1 0 0 1 0 0 0 1 1 0 0 1 0 0 0 0 1 1 1 0 1 1 0 1 0 0 0 1 0 1 0 0 0 1 1 1 0 1 0 1 1 0 0 1 0 0 0 0	0 1 1 0 1 0 1 0 0 0 0 0 1 1 1 1 0 0 1 1 0 0 1 0 0 1 1 1 0 1 1 0 1 0 1 0 0 1 1 0 0 1 0 0 0 0 0 1 0 0 1 0 0 0 1 1 0 1 1 0 0 0 1 0 1 1 0 1 1 1 0 0 0 0 1 0 0 1 1 1 1 0 1 1 1 0 1 0 1 0 0 0 1 0 1 0 0 1 1 1
IND0027	0 0 1 1 0 1 0 1 1 0 1 1 1 1 0 1 0 1 0 0 0 0 0 0 0 1 0 1 1 1 0 0 0 0 0 0 1 0 1 0 0 0 0 0 0 1 1 1 1 0 1 1 0 1 0 1 1 0 1 0 0 1 0 0 1 1 0 0 0 0 1 0 0 1 1 0 1 0 0 0 1 1 0 1 1 0 1 0 1 0 1 1 1 0 1 1 0 0 0 0	1 1 1 0 1 0 0 0 0 1 1 1 1 0 1 0 0 0 0 1 1 1 0 1 0 1 1 0 0 0 0 0 1 0 1 1 0 0 1 1 0 1 0 0 1 0 0 1 1 0 1 0 1 0 0 0 1 1 0 1 1 0 1 0 0 0 0 0 1 1 1 1 1 1 1 0 0 0 0 1 1 1 1 1 0 1 0 0 0 0 1 0 1 1 0 1 0 1 0 0
IND0028	0 1 1 1 1 1 0 1 0 0 0 1 0 0 1 1 1 0 0 1 0 1 1 1 0 0 0 0 1 0 1 1 0 1 1 0 1 0 1 1 1 0 1 0 1 1 1 0 1 1 0 0 0 0 0 0 1 0 1 1 0 1 1 0 1 0 1 1 0 0 0 1 0 1 0 0 1 0 1 1 1 1 1 0 1 0 1 1 1 0 1 1 0 0 1 1 0 1 0 0	0 1 0 0 1 1 0 1 1 0 0 1 0 1 1 0 0 1 0 0 0 1 0 0 1 0 0 1 1 0 1 1 1 1 0 1 0 1 1 0 0 1 1 0 1 1 1 1 0 1 1 1 0 0 0 0 1 1 0 1 0 0 0 1 0 1 1 1 0 1 1 0 1 1 1 1 0 0 1 0 0 1 1 1 1 0 1 0 0 1 1 1 1 0 0 1 1 0 0 0
IND0029	0 0 0 0 1 0 1 1 1 0 1 1 0 0 1 0 1 0 0 1 1 0 1 0 1 0 1 1 1 1 1 0 0 0 1 0 0 0 0 0 0 0 0 0 1 0 1 1 1 1 0 0 1 0 0 0 0 0 0 1 1 0 1 1 1 1 0 1 1 0 1 1 0 1 1 1 1 0 0 0 1 1 1 0 1 1 0 1 0 0 1 0 0 1 0 0 0 1 1 0	0 1 1 0 1 1 0 1 0 1 0 0 1 1 0 1 0 1 0 1 0 1 0 0 0 1 1 1 1 1 1 1 1 1 1 0 0 0 0 0 0 1 0 0 0 0 1 1 0 0 1 1 0 0 1 0 1 1 0 0 0 0 0 1 0 0 1 1 1 1 0 0 0 0 1 0 1 0 1 0 0 1 0 1 1 0 0 1 0 1 1 0 0 1 0 0 0 0 1 1
IND0030	1 0 1 0 0 1 1 0 0 0 0 1 0 1 0 1 0 0 1 0 1 1 0 0 1 0 1 1 0 1 0 0 1 0 1 0 0 0 0 1 0 1 1 1 1 1 1 1 0 1 1 0 0 1 1 0 1 0 1 0 0 1 1 0 0 1 1 1 0 0 0 1 1 1 0 1 0 1 0 0 1 1 0 0 0 0 1 0 1 1 1 1 0 1 0 1 0 0 1 0	1 1 1 0 1 0 0 0 1 1 0 0 0 1 0 1 0 1 0 1 0 0 1 0 1 0 0 1 1 0 0 0 1 0 1 0 1 0 0 0 0 0 0 1 1 1 1 0 1 1 1 0 0 0 1 0 1 0 0 1 0 0 1 1 1 0 1 1 1 0 1 1 0 1 1 0 0 1 1 0 1 1 1 1 0 0 1 0 1 0 1 1 0 0 1 0 1 0 1 1
IND0031	0 0 1 0 0 1 1 1 1 1 1 1 1 1 1 1 0 1 0 0 1 0 0 0 1 1 0 1 0 1 0 1 1 1 1 1 1 1 0 1 0 1 0 0 0 0 0 1 0 0 1 1 0 0 1 0 0 0 1 0 1 1 1 1 1 0 1 0 0 1 0 1 0 0 1 0 0 0 1 0 0 1 0 0 0 0 0 0 0 1 1 1 0 1 1 1 0 0 0 0	1 1 0 1 1 1 1 1 0 0 1 0 1 0 1 0 0 0 0 0 1 0 0 1 0 1 1 0 1 0 1 1 1 0 1 0 0 0 1 1 1 0 0 1 1 0 0 0 1 1 1 0 0 0 0 0 1 0 1 1 0 0 1 1 0 0 0 0 1 0 0 1 0 1 0 1 1 1 1 1 0 0 0 1 1 1 1 1 0 0 1 0 1 1 1 1 1 0 1 1
IND0032	0 1 0 0 0 1 0 0 1 1 0 0 1 0 1 1 0 0 1 0 0 1 1 0 0 1 1 1 1 0 0 0 1 1 0 1 1 1 0 0 0 1 0 0 1 1 1 0 0 1 0 1 0 1 0 1 1 1 1 1 0 1 1 1 0 0 1 1 1 0 1 0 0 0 0 1 0 1 0 0 1 1 1 1 1 1 1 1 0 1 0 0 0 1 1 0 1 0 1 1	1 0 1 0 1 0 1 0 0 1 1 0 1 1 0 0 0 1 0 0 0 0 1 0 1 0 0 1 1 1 0 1 1 0 1 1 1 0 1 0 0 1 0 0 0 1 0 1 1 0 0 1 1 0 0 1 1 1 1 1 0 0 1 1 0 1 1 1 1 1 0 1 0 0 1 1 1 1 1 0 1 1 1 1 1 0 0 1 0 1 0 1 1 0 0 1 0 0 0 0
IND0033	0 0 0 1 1 0 1 0 1 0 1 1 1 1 0 0 0 1 0 1 0 1 1 1 0 1 0 0 1 1 1 0 0 1 1 0 1 1 0 0 0 0 1 1 0 0 0 0 0 1 1 0 0 1 0 1 0 1 1 0 1 1 1 0 0 1 1 1 0 1 0 0 0 1 0 1 0 0 0 1 0 1 0 1 1 0 1 1 0 1 1 1 0 1 0 1 1 0 1 1	1 0 0 1 1 1 1 0 0 0 0 0 0 1 1 0 0 0 1 1 0 0 1 0 0 0 1 1 1 1 1 0 0 1 1 0 0 1 0 1 1 0 1 1 0 1 0 1 0 1 0 1 1 0 0 1 0 0 1 1 0 1 0 1 1 1 0 1 1 0 0 1 1 0 0 0 1 1 1 0 0 0 1 1 0 1 1 1 0 0 0 0 1 1 1 1 0 0 0 0
IND0034	1 0 0 1 1 1 0 0 0 1 0 1 0 1 0 0 0 0 1 1 0 0 1 0 1 1 1 1 0 0 1 1 1 0 1 1 0 0 1 1 0 0 1 1 0 0 1 0 1 1 0 1 0 0 0 1 1 0 1 0 0 1 1 1 0 1 0 0 0 1 0 1 1 0 1 0 0 1 1 0 1 1 0 0 1 0 1 0 0 0 1 1 0 1 1 0 1 0 1 0	0 0 0 0 0 1 0 0 1 1 1 0 0 1 1 0 0 0 1 0 0 0 1 1 0 0 1 1 1 0 1 0 1 0 1 1 0 0 0 0 0 1 0 1 0 1 1 0 1 0 1 1 0 0 1 1 0 1 1 0 1 1 1 0 0 0 1 1 0 0 1 1 0 1 0 0 1 0 0 1 0 1 0 0 0 0 0 0 1 1 0 1 1 0 1 1 0 0 1 0
IND0035	1 1 0 0 0 1 1 0 0 1 0 1 0 0 1 0 1 0 1 1 0 1 0 0 1 1 0 0 1 1 0 0 1 0 0 0 1 0 1 1 1 0 0 1 0 0 0 0 0 1 1 0 0 1 0 1 0 0 1 1 1 0 0 0 1 0 0 1 1 1 0 0 1 0 0 1 0 0 0 1 1 1 1 0 1 0 0 0 1 1 0 0 0 0 1 0 0 1 1 1	0 1 0 1 1 0 1 1 1 1 1 1 1 1 1 0 1 1 0 0 0 0 1 1 1 0 0 0 1 1 1 1 0 0 0 0 1 1 1 1 0 0 0 0 0 0 0 1 0 0 1 0 0 1 1 0 1 1 0 1 0 1 1 0 0 1 0 0 1 1 0 1 1 0 1 0 1 0 1 0 1 0 1 1 0 1 1 0 1 1 1 1 1 1 1 0 1 0 1 0
IND0036	0 0 1 1 1 0 0 1 1 0 0 1 0 1 0 0 0 1 0 1 0 0 0 0 1 1 1 1 0 1 1 0 1 0 0 1 1 1 1 1 1 1 1 1 0 0 0 1 0 1 0 1 1 1 0 1 0 0 1 0 1 0 0 1 1 0 0 1 0 0 0 0 1 1 0 0 1 0 0 0 1 0 1 1 0 0 1 1 0 0 0 1 0 0 0 1 1 0 1 0	0 1 0 0 0 1 0 1 1 1 0 1 0 1 0 0 1 1 0 1 1 0 1 0 0 0 0 0 0 1 1 0 0 1 1 1 1 0 0 1 1 1 1 0 1 0 0 0 1 0 0 0 0 1 1 0 1 0 0 0 0 0 1 0 0 1 1 0 1 0 0 0 1 0 0 1 0 0 1 1 0 1 1 0 1 0 0 0 1 1 1 1 0 1 1 0 0 0 0 0
IND0037	1 1 1 1 1 0 0 1 1 1 0 0 0 0 0 0 1 0 1 0 1 1 1 1 1 1 1 1 0 0 0 0 1 1 0 0 0 0 1 0 0 0 0 1 0 0 0 0 1 1 0 0 0 1 1 1 1 1 0 1 1 1 0 1 0 1 1 0 0 1 1 1 0 1 0 1 0 1 1 1 0 1 1 0 1 0 0 1 1 0 0 1 0 1 0 0 1 1 1 0	0 1 1 0 0 1 0 0 0 1 1 1 0 1 0 1 0 0 0 1 0 0 1 0 0 1 0 1 0 0 0 1 1 0 0 0 1 1 0 1 0 1 1 1 0 0 0 1 1 1 1 1 0 1 1 1 0 0 0 0 1 1 1 0 0 1 1 1 1 0 1 0 0 0 1 0 1 0 0 1 0 1 1 0 1 1 0 0 1 0 1 1 0 1 1 0 1 1 0 1
IND0038	0 1 0 1 0 0 0 0 1 0 1 0 1 1 1 1 0 1 0 0 0 0 1 0 1 1 1 0 1 1 1 1 1 1 1 0 0 1 1 1 1 1 1 1 0 0 0 1 0 0 1 0 1 1 0 0 1 1 0 1 1 0 0 1 0 1 0 1 0 0 1 0 0 0 0 1 0 1 1 1 1 0 1 0 1 1 1 0 1 0 1 1 1 1 1 0 0 0 1 0	0 1 0 1 1 1 1 1 1 0 1 0 1 1 1 0 0 1 0 0 0 0 1 0 1 1 1 1 0 0 1 0 0 1 0 1 0 0 1 0 1 1 1 0 0 1 0 0 0 1 0 0 1 1 1 1 1 1 1 0 0 1 1 1 0 0 0 1 1 1 0 0 0 0 0 0 1 0 1 0 0 0 1 0 0 1 1 1 1 0 0 1 0 0 1 1 0 0 0 0
IND0039	1 0 0 0 1 0 1 1 0 0 1 0 0 0 0 1 0 1 0 0 1 1 1 0 1 0 1 1 1 0 1 0 1 0 1 1 1 1 0 0 0 0 0 1 0 1 1 0 1 0 1 1 0 0 0 0 0 1 0 1 0 0 1 0 0 1 0 0 1 0 0 1 0 1 1 1 0 0 0 1 1 0 0 0 1 1 1 0 1 0 0 0 1 0 0 0 1 1 1 0	1 0 0 0 0 1 1 0 1 0 0 1 1 0 1 1 1 1 1 0 1 1 0 0 0 0 1 1 0 0 1 1 1 1 0 0 0 1 0 1 1 0 1 0 0 1 0 1 1 0 0 1 0 1 1 0 0 1 0 1 1 0 1 0 1 0 1 1 0 1 0 1 0 0 1 1 0 0 1 1 1 1 1 0 0 1 1 0 1 0 0 1 0 1 0 1 1 1 0 1
IND0040	1 1 1 0 0 1 0 1 1 0 0 0 0 0 0 1 0 0 0 0 0 0 0 1 1 0 0 0 0 0 1 1 1 0 0 1 0 1 0 0 1 0 0 0 1 1 1 1 1 0 1 0 0 1 0 0 0 1 0 0 1 0 0 0 1 1 0 0 1 1 0 1 1 1 1 0 0 1 1 0 1 1 0 1 0 1 1 1 0 0 0 0 1 0 1 0 1 0 0 0	1 1 0 1 0 1 0 0 0 1 0 0 1 0 0 1 0 0 0 1 0 1 0 1 1 0 0 0 1 0 0 0 0 1 0 0 0 0 0 1 0 1 1 1 1 1 1 0 1 0 0 0 1 0 0 1 1 0 1 0 0 0 1 0 1 1 0 1 0 0 0 0 0 0 0 0 0 1 0 1 1 0 1 0 0 0 0 0 0 0 1 1 0 1 1 1 1 0 0 0
IND0041	1 0 1 1 1 0 1 1 1 0 1 1 0 0 0 1 0 0 1 0 0 0 0 0 1 1 0 0 0 0 1 0 1 1 0 1 1 0 0 1 1 1 0 0 0 1 1 1 1 0 1 0 1 0 0 1 1 0 0 1 1 1 1 1 1 1 1 1 0 1 1 1 1 1 1 1 0 0 0 1 0 1 0 0 0 0 0 1 1 1 1 1 0 0 1 0 1 1 0 0	0 1 0 0 0 0 0 1 1 1 1 1 0 1 0 1 1 1 0 1 1 0 1 0 1 0 0 1 1 1 1 0 1 0 1 0 1 0 0 0 1 0 1 0 1 0 1 1 1 0 0 1 1 0 0 1 0 1 1 1 0 1 1 0 0 1 0 0 0 0 0 1 0 0 1 0 0 1 0 0 1 1 0 1 1 1 1 1 1 1 0 0 1 0 1 1 1 1 1 1
IND0042	0 0 0 0 0 1 1 0 0 0 1 0 1 0 1 0 1 1 0 0 1 0 0 1 0 1 0 0 0 0 1 1 0 1 0 0 0 1 1 1 0 1 0 0 1 1 0 0 1 0 1 0 0 1 1 1 0 1 0 0 1 0 0 0 0 1 0 1 0 0 0 0 1 0 1 1 1 1 1 0 1 0 1 1 0 1 0 1 1 1 1 1 1 1 1 1 0 0 0 0	1 1 0 1 1 0 0 0 1 0 0 1 1 1 0 0 0 0 1 0 1 0 1 0 1 0 0 0 0 1 1 0 1 1 0 0 1 0 1 1 1 1 1 1 0 0 1 0 0 1 1 0 1 0 0 0 1 1 0 0 1 1 1 0 0 0 0 0 1 0 1 0 1 1 0 1 1 1 1 0 0 0 0 0 0 1 1 0 1 0 1 1 0 1 1 0 1 1 1 1
IND0043	1 1 1 1 0 1 1 0 1 1 0 1 1 0 1 0 0 0 0 0 1 1 1 1 0 1 0 1 0 1 0 1 1 0 0 0 1 0 1 1 1 1 0 1 0 1 0 0 0 0 0 0 0 1 1 1 1 0 0 0 0 0 1 1 1 1 0 1 0 1 0 1 0 0 0 1 1 1 1 1 0 0 0 1 1 0 1 0 1 1 0 1 0 0 1 1 0 0 1 0	0 1 0 1 1 0 1 0 0 0 1 0 1 0 0 0 0 1 1 0 0 0 1 0 0 0 1 0 1 1 1 0 1 0 1 0 1 1 0 1 0 0 0 1 0 1 0 0 1 1 1 0 0 1 1 1 0 1 1 0 1 0 1 0 0 1 1 0 1 1 0 1 0 1 0 1 1 0 0 1 1 1 0 1 0 1 1 0 0 0 0 1 0 1 1 0 0 0 1 1
IND0044	1 0 1 0 0 0 1 0 1 0 1 1 1 0 0 0 0 1 0 1 0 1 1 0 1 1 0 1 1 0 1 0 1 1 1 0 0 1 0 1 0 1 1 1 0 1 0 1 0 1 0 1 1 0 0 1 1 1 1 0 0 1 1 1 1 0 0 1 0 1 0 1 0 0 1 1 0 1 0 0 1 0 0 1 1 1 0 1 0 1 0 1 1 1 1 1 0 1 0 1	1 1 0 0 1 1 0 0 1 0 1 0 1 1 1 1 0 1 0 1 1 1 1 0 1 0 1 0 0 1 0 1 0 1 0 1 0 1 0 1 1 1 0 0 1 0 0 1 0 0 1 1 0 1 0 0 0 1 1 1 1 1 0 0 1 0 1 1 0 1 1 1 1 0 1 1 0 1 1 1 1 1 1 1 0 0 1 0 0 1 1 0 0 1 0 1 0 0 1 1
IND0045	0 0 1 0 0 0 1 1 0 0 0 0 0 1 0 0 1 0 1 0 0 0 1 1 1 1 0 0 1 1 1 1 0 0 1 1 0 1 1 1 0 1 1 1 0 1 1 1 1 0 0 0 0 0 0 1 1 1 1 0 0 0 0 1 0 1 1 1 0 1 1 0 0 0 0 1 0 0 1 0 0 0 0 0 1 0 1 1 0 0 0 1 1 1 0 0 0 0 0 1	0 0 1 1 0 0 0 1 1 1 0 0 0 0 1 0 0 1 1 0 0 0 0 1 1 0 0 1 0 0 1 1 1 0 1 0 1 0 0 0 0 0 0 0 1 0 0 1 1 0 0 0 1 0 1 1 0 0 1 1 1 0 0 1 0 0 0 1 0 1 1 0 1 0 0 1 0 1 1 1 1 0 1 1 0 0 1 1 1 1 0 0 0 0 0 1 0 0 1 1
IND0046	1 0 0 0 1 1 1 1 1 0 0 0 1 1 0 0 1 1 0 0 0 1 0 1 1 1 1 0 0 1 0 0 0 0 1 1 0 1 0 1 1 1 1 0 1 0 0 1 0 0 0 1 0 1 0 0 0 1 1 0 1 1 0 1 0 1 1 0 0 1 0 1 0 0 0 0 1 0 0 0 1 1 0 0 1 0 1 1 0 1 1 0 1 1 1 1 0 1 1 0	0 0 0 0 0 1 1 1 1 0 0 0 0 0 1 1 1 1 0 0 0 0 0 1 0 1 1 1 0 1 0 0 0 0 1 1 0 0 0 0 1 0 0 0 0 1 1 1 0 0 1 1 0 1 1 1 1 0 0 1 1 0 1 1 0 0 0 1 0 1 0 1 1 1 1 0 1 1 0 1 0 0 1 0 1 0 1 0 0 0 1 1 0 0 0 0 1 0 1 0
IND0047	0 1 0 0 0 0 1 1 1 0 0 1 0 0 0 1 1 1 1 1 0 0 1 1 1 0 0 0 1 0 0 1 0 0 1 1 1 1 1 1 1 0 0 1 1 1 0 1 1 0 0 1 0 1 0 1 0 1 1 1 1 1 0 0 1 0 1 1 1 0 0 0 1 0 1 0 0 1 0 1 0 0 1 1 1 0 1 1 1 0 0 0 0 1 1 1 0 1 0 1	1 1 0 0 1 1 1 1 1 1 1 0 0 0 0 0 0 0 1 0 1 1 0 0 0 1 1 1 1 1 1 0 1 1 1 0 0 0 1 1 1 0 1 1 0 1 0 1 0 1 0 0 0 1 0 1 1 0 0 1 0 0 0 0 0 0 0 1 0 0 1 0 1 1 1 0 1 1 0 1 1 0 1 0 1 0 0 1 0 0 1 0 0 1 1 0 1 0 1 0
IND0048	0 0 1 0 1 0 1 0 1 1 0 1 0 1 0 1 1 0 1 1 0 1 1 0 0 0 0 1 1 1 1 0 0 1 1 0 1 0 1 0 1 0 1 0 0 1 0 0 0 0 1 1 0 0 1 1 1 1 1 0 0 1 0 1 1 0 1 0 1 1 1 1 0 0 0 0 0 0 0 0 0 0 0 0 0 0 1 0 0 0 0 0 1 0 1 1 1 0 1 1	0 0 1 1 1 0 1 1 0 1 1 0 1 0 1 0 1 1 1 0 1 0 1 1 0 1 1 1 1 1 0 1 0 1 0 1 0 1 1 1 1 1 1 1 1 1 1 1 0 1 0 1 1 1 0 0 0 0 1 0 0 0 0 0 0 0 0 0 1 1 0 0 0 1 0 0 0 1 1 1 1 0 0 0 1 0 1 0 0 0 1 1 1 0 1 1 1 1 1 0
IND0049	1 1 1 1 0 1 1 1 0 1 1 1 0 1 0 0 1 0 0 0 1 0 0 0 1 0 1 1 0 1 1 1 0 1 0 1 0 0 0 0 1 0 1 0 1 1 1 1 0 0 0 1 0 1 0 1 0 1 1 1 1 1 0 0 0 1 1 0 1 1 0 0 1 0 1 0 1 0 0 1 0 1 0 0 1 0 0 0 0 1 1 1 0 0 0 1 0 1 1 0	1 1 1 1 0 1 0 0 1 0 1 0 0 0 1 1 0 0 1 1 0 1 0 0 1 0 1 1 1 0 0 1 1 1 0 1 0 1 1 1 0 0 0 1 1 0 0 1 1 0 1 0 1 0 0 1 0 1 1 0 1 0 1 0 0 0 1 0 1 1 1 1 1 0 1 0 1 0 0 0 1 0 1 0 1 1 1 0 0 1 0 0 0 1 1 1 0 1 0 1
IND0050	0 0 1 0 1 1 0 1 0 1 0 0 0 1 0 0 0 0 0 1 0 1 1 0 0 0 1 1 1 1 1 0 1 0 1 1 0 1 0 0 1 1 0 0 0 1 0 0 0 1 0 0 1 0 0 0 0 0 0 0 0 0 0 0 0 1 0 1 1 0 1 0 1 0 0 1 1 0 0 0 1 0 1 0 1 0 1 0 1 1 0 1 0 0 1 1 1 1 0 1	0 1 0 0 0 1 0 0 0 1 1 1 0 1 1 1 1 0 0 0 1 0 1 1 1 0 0 1 0 1 1 0 1 1 0 1 1 1 0 1 1 1 0 0 1 1 0 0 0 0 1 1 1 0 1 0 0 0 0 1 1 1 1 1 0 0 0 0 0 0 1 0 0 0 1 1 1 0 0 0 1 0 0 0 1 1 0 1 0 0 0 0 1 1 0 0 1 0 0 1
IND0051	1 0 1 1 0 0 1 1 1 0 1 1 1 1 0 1 0 1 1 0 1 1 1 1 1 0 1 1 1 0 1 0 0 0 1 0 0 0 1 1 1 1 0 1 0 0 1 1 0 1 0 0 0 0 0 0 0 1 0 0 0 0 1 1 0 1 1 0 0 1 1 1 0 0 0 0 0 1 0 1 1 1 0 1 1 0 0 0 0 0 1 1 1 1 1 0 0 0 1 0	0 1 0 0 0 0 0 0 0 0 1 1 1 0 1 0 0 1 1 1 0 0 1 0 1 1 0 1 1 1 1 0 0 1 0 0 1 0 0 1 0 1 0 0 0 1 0 0 0 1 0 1 0 1 1 1 0 0 0 1 1 0 0 0 1 0 1 1 1 1 1 0 1 1 0 1 1 1 1 0 0 1 1 0 1 1 1 1 0 0 0 1 0 0 1 0 1 0 1 1
IND0052	1 1 0 0 0 1 0 0 1 1 1 1 0 1 1 1 0 1 0 1 1 0 0 1 1 0 1 1 1 1 1 0 1 1 0 1 0 1 1 1 0 1 1 1 1 1 0 0 1 1 0 1 0 1 1 1 1 0 0 1 0 0 1 0 0 1 0 1 1 1 1 1 0 1 0 1 0 0 1 0 0 1 1 1 1 0 0 0 1 1 1 0 0 1 1 1 1 1 0 0	1 1 1 1 1 0 0 1 1 0 1 1 0 0 0 1 1 1 0 1 0 1 0 0 1 0 1 0 1 1 1 1 0 1 1 1 0 0 0 1 0 1 1 0 0 1 0 0 1 1 0 0 0 0 0 1 1 0 0 0 0 0 0 0 0 1 0 1 1 0 1 1 1 0 1 0 1 1 1 1 1 0 1 0 1 1 1 1 1 1 1 0 0 1 1 0 0 1 1 1
IND0053	0 1 0 0 1 0 0 0 1 1 0 1 1 1 0 1 0 1 0 0 1 1 0 1 1 1 0 0 0 0 0 0 1 0 1 1 0 1 1 1 1 0 1 0 0 1 0 1 0 0 0 1 0 0 0 1 0 0 0 0 0 0 0 0 0 1 0 0 1 1 0 1 1 1 0 1 0 0 0 0 0 0 0 0 0 0 0 0 1 0 1 1 0 0 0 0 0 0 0 1	0 1 0 1 0 0 1 0 1 0 0 0 0 0 1 0 0 0 0 0 1 1 0 1 0 0 1 0 0 0 0 0 1 1 0 0 1 1 1 1 1 0 0 0 0 0 0 1 0 1 1 1 1 1 0 1 1 1 1 1 0 1 1 1 1 0 1 1 0 0 1 0 0 0 0 0 0 1 0 1 1 0 1 1 0 1 1 0 1 1 1 1 1 0 0 0 0 0 1 1
IND0054	0 0 1 0 0 0 0 0 1 0 1 0 0 1 1 1 1 0 1 0 1 0 0 1 0 1 1 1 0 1 0 0 0 1 1 1 1 1 0 1 0 1 1 1 0 0 1 1 0 1 0 1 0 1 0 0 0 0 1 1 1 1 0 1 0 1 1 0 0 0 0 1 1 0 0 0 0 1 0 1 1 0 0 1 1 0 0 1 1 1 0 0 0 1 0 0 1 0 0 1	0 1 1 0 1 0 1 0 0 0 0 1 0 0 0 1 1 0 0 1 1 1 0 0 0 0 1 1 0 1 1 0 0 1 0 1 1 1 0 0 0 1 1 0 1 1 0 1 1 0 0 1 0 0 1 1 1 0 0 1 1 1 1 0 0 0 1 1 0 1 0 1 0 1 0 1 0 1 0 0 1 0 0 0 1 0 0 1 0 1 1 0 0 0 0 1 0 0 0 0
IND0055	0 0 0 1 1 1 0 0 1 1 0 1 1 0 0 0 1 0 0 1 1 0 1 0 1 1 0 1 1 1 0 1 0 1 1 1 1 1 1 0 1 0 1 1 1 1 1 0 1 0 1 0 1 1 0 0 1 0 0 1 0 1 0 1 1 0 0 1 0 1 1 0 0 1 0 1 1 1 1 1 1 1 0 0 0 0 0 0 1 1 1 0 1 1 1 1 1 1 1 0	0 0 1 0 0 1 1 1 0 1 1 0 1 0 1 0 0 1 1 0 1 1 0 0 0 1 1 0 0 1 1 1 0 0 0 1 1 0 1 1 1 0 0 1 1 1 1 0 1 0 0 1 1 0 0 1 0 1 0 0 1 1 0 0 0 0 0 0 1 0 1 0 1 1 1 0 0 1 0 0 0 0 1 1 0 0 0 0 0 1 1 0 0 0 1 1 1 0 1 1
IND0056	0 0 1 1 0 1 1 1 0 1 0 1 1 0 0 1 1 1 1 1 0 0 0 1 1 0 0 0 0 0 1 1 1 0 1 1 1 0 0 0 0 1 0 1 0 1 0 0 1 1 1 0 0 1 0 1 1 1 0 0 1 1 0 1 1 0 1 0 1 1 1 0 1 0 0 0 1 1 1 1 1 1 0 1 0 1 0 0 0 0 0 0 0 0 1 1 1 1 1 1	0 0 1 1 0 1 1 1 1 1 1 0 1 1 0 1 0 1 0 1 1 0 1 0 0 1 1 0 1 1 1 0 1 1 1 1 1 1 1 1 0 1 1 0 1 1 0 1 1 0 0 1 0 0 1 1 0 0 1 0 0 0 0 1 0 1 1 1 0 1 1 1 0 0 1 1 0 0 0 0 1 1 0 0 0 0 1 1 1 0 1 0 0 0 0 0 0 1 0 0
IND0057	1 0 1 1 0 1 1 1 0 0 1 1 1 1 1 0 0 1 0 0 1 0 0 1 0 0 0 0 1 1 0 1 0 1 1 0 0 1 1 0 0 0 1 0 1 0 1 0 1 1 0 0 0 1 0 1 1 0 1 1 1 1 1 1 0 0 1 0 1 0 0 0 1 1 0 0 0 1 0 0 1 0 1 1 1 0 1 1 0 0 1 1 1 1 1 1 1 0 1 1	0 1 0 0 1 0 0 0 0 1 1 0 0 1 0 0 1 1 0 0 1 1 1 0 1 1 0 0 1 0 0 0 0 0 1 0 0 0 0 0 1 0 1 0 1 0 0 0 1 0 1 0 0 1 0 0 0 0 0 0 0 1 1 0 1 0 0 0 1 0 1 0 1 0 1 0 0 0 1 1 1 0 0 1 1 0 0 0 0 0 0 0 1 0 1 0 0 0 1 0
IND0058	0 0 1 1 1 1 1 1 0 1 1 0 1 1 1 0 1 1 0 1 0 0 1 0 1 0 0 0 0 0 1 1 0 1 1 0 1 0 0 0 1 0 1 0 1 0 1 1 1 0 1 0 1 0 1 1 0 0 0 0 0 1 0 0 1 1 0 1 0 0 0 1 1 1 1 0 0 0 1 1 0 1 1 0 0 1 0 0 0 0 1 0 0 1 0 0 0 0 0 0	0 0 1 1 1 1 1 0 0 1 0 0 0 0 1 0 1 1 1 1 0 0 1 1 1 0 0 1 0 1 0 1 0 0 0 1 0 0 1 1 1 1 0 0 1 1 0 1 1 1 0 1 1 1 0 1 0 0 1 0 1 0 1 0 1 1 1 1 0 1 1 0 0 1 0 1 1 0 1 0 1 1 0 0 0 1 0 0 1 1 0 0 0 1 1 0 1 1 1 1
IND0059	1 0 0 0 1 1 1 1 1 0 0 1 1 0 1 0 0 1 0 1 1 1 0 1 1 1 0 1 0 0 0 1 1 0 0 1 1 1 1 1 0 1 1 0 0 1 0 1 1 0 0 1 0 1 1 1 0 1 1 0 0 0 1 0 0 1 0 1 0 1 1 1 0 1 0 1 0 0 0 0 0 0 1 1 0 0 0 0 0 0 1 1 0 1 1 1 1 0 0 0	1 1 1 1 1 0 1 0 1 0 1 0 0 1 0 0 1 1 0 1 0 0 1 0 1 0 1 0 1 0 0 0 0 0 0 1 0 1 0 1 1 1 0 0 1 1 0 0 1 0 1 1 1 0 1 0 1 0 0 1 1 1 0 0 1 1 1 1 1 1 1 0 1 1 1 1 1 1 1 1 0 0 1 0 1 0 0 1 0 1 0 0 0 1 0 0 0 1 1 0
IND0060	1 0 1 1 1 0 0 0 1 0 0 0 0 1 1 0 1 1 0 1 0 0 1 1 0 0 1 1 1 0 1 0 1 0 0 1 0 0 0 0 0 1 0 1 1 1 0 0 0 1 1 0 0 0 1 0 1 1 1 0 0 1 0 0 0 1 1 0 1 1 0 0 0 1 0 1 1 1 0 0 1 0 1 1 0 1 1 1 1 0 1 0 1 1 0 0 0 1 0 1	1 0 1 0 0 0 0 0 1 0 0 0 0 0 1 0 0 0 1 1 0 1 1 0 0 1 1 0 0 1 0 1 1 0 1 1 0 0 1 0 1 0 0 0 1 0 1 0 0 1 1 1 0 0 1 1 1 1 1 0 1 1 1 0 1 1 1 0 1 1 1 0 0 0 1 1 1 0 0 0 0 0 1 1 1 1 0 1 1 0 1 0 0 1 1 0 1 1 1 1
IND0061	0 1 0 1 0 0 1 1 1 0 1 1 0 1 1 1 0 0 1 0 0 0 0 1 1 1 1 0 0 0 0 0 0 1 1 0 0 0 1 0 0 1 0 1 0 0 1 0 1 0 0 1 1 0 1 1 0 0 1 1 1 1 0 0 1 1 0 0 0 1 1 0 0 0 1 1 1 0 1 0 1 1 0 0 1 1 0 0 0 0 1 1 1 0 1 1 1 0 0 1	0 0 1 1 1 1 1 1 1 1 1 0 0 0 1 1 1 0 0 0 1 1 1 0 1 1 1 1 1 1 0 1 1 1 0 1 0 1 1 1 1 1 1 1 0 0 1 0 0 1 1 0 0 1 0 0 0 1 1 0 1 0 1 0 0 1 0 0 1 0 1 0 0 0 0 1 0 0 0 1 0 0 1 1 0 0 0 0 1 1 0 0 1 0 1 0 1 1 1 1
IND0062	1 0 1 1 0 1 0 1 1 0 1 1 1 0 1 1 0 0 1 1 0 1 1 0 0 1 1 1 0 0 1 0 1 1 1 1 1 1 0 1 0 0 0 0 1 1 1 0 1 0 0 1 1 1 0 1 1 0 1 1 0 0 1 0 1 1 0 0 1 1 0 0 0 1 0 0 0 0 0 0 1 0 1 1 1 0 1 1 0 1 0 1 0 1 1 0 0 1 0 0	1 1 1 1 1 1 1 1 1 0 1 0 1 0 0 0 1 1 1 0 1 1 0 1 0 0 0 0 0 1 1 1 1 0 1 0 0 1 0 0 1 0 0 0 0 1 1 1 1 1 1 0 1 0 1 1 0 0 0 0 1 1 0 0 1 1 1 0 0 0 1 1 1 0 0 0 0 0 0 0 1 0 1 0 1 0 1 1 0 1 0 0 1 1 1 1 1 1 0 0
IND0063	1 0 0 0 0 1 0 0 0 1 0 0 1 0 0 0 0 0 1 1 1 0 1 1 0 0 0 1 0 1 0 1 0 1 0 1 0 0 0 0 1 0 1 1 0 0 0 1 1 0 1 1 0 1 1 1 1 1 1 1 0 1 0 1 0 0 0 0 1 1 0 0 1 0 0 1 0 0 1 1 0 1 0 0 1 0 0 0 0 0 0 0 1 1 0 0 0 1 0 0	0 0 0 1 0 0 0 0 0 1 0 1 1 0 0 0 1 1 0 0 1 1 1 1 0 1 0 0 1 0 1 0 1 1 1 0 1 0 1 0 1 0 0 1 1 1 1 1 1 1 0 1 0 1 0 0 1 0 1 1 0 1 1 0 0 0 0 0 0 0 0 1 0 0 1 0 1 0 1 0 0 1 0 0 1 1 0 1 1 0 1 0 1 0 1 0 0 0 1 0
IND0064	1 1 1 1 1 1 0 1 0 0 1 1 1 1 0 0 0 0 1 1 1 1 0 1 1 0 1 0 1 1 1 0 0 1 1 0 1 0 1 0 0 1 0 1 1 1 1 0 1 1 1 1 1 1 0 1 1 0 0 1 1 0 0 0 1 0 1 0 1 1 1 0 0 1 0 0 0 1 0 1 0 1 0 0 0 0 0 1 0 1 0 0 1 0 1 0 1 0 1 0	1 0 0 0 0 1 1 1 1 1 0 1 0 1 0 1 0 1 1 0 0 0 1 1 1 0 0 1 0 1 1 0 1 0 0 0 0 1 1 0 1 1 1 1 0 1 1 0 1 0 0 0 1 0 0 1 1 0 1 0 1 0 1 0 1 1 1 1 0 1 0 1 1 1 0 0 0 0 1 0 1 1 1 1 0 1 1 1 1 1 1 1 0 0 1 0 1 0 0 0
IND0065	1 1 1 0 1 1 1 1 1 0 1 0 0 0 0 0 0 1 1 1 0 1 1 0 1 0 1 0 1 1 0 1 1 0 1 1 0 0 0 1 1 1 0 1 0 0 0 0 0 1 0 1 0 0 1 0 0 1 0 1 0 1 0 1 1 1 1 1 1 1 0 1 0 1 1 1 0 1 0 0 1 0 0 0 0 1 0 1 1 1 1 1 0 1 1 0 0 1 1 1	1 1 0 0 1 1 1 0 1 0 1 0 0 1 1 1 0 0 0 1 1 0 0 0 1 1 1 0 0 1 1 0 0 1 1 1 1 0 1 0 1 0 0 0 1 1 0 1 1 1 0 1 1 1 0 1 0 1 0 1 0 0 0 0 1 1 0 0 0 0 0 0 0 1 0 1 1 1 0 1 0 1 1 1 1 1 1 0 1 1 0 1 1 1 0 0 0 1 1 1
IND0066	1 1 1 0 1 1 0 0 1 0 1 1 1 1 1 1 0 0 0 0 0 0 0 0 0 0 1 0 1 0 1 0 1 1 0 0 0 1 1 1 0 0 0 1 0 1 0 0 0 1 1 0 1 1 1 0 1 1 0 1 1 1 1 0 0 1 1 1 1 0 1 0 1 1 0 1 1 1 1 1 0 1 1 1 1 0 1 1 0 1 0 0 0 0 0 0 1 1 0 0	1 0 0 0 0 0 1 0 0 1 1 0 1 1 1 1 1 1 0 1 0 0 0 1 0 0 1 0 1 0 0 0 1 0 0 1 1 0 0 1 1 1 0 1 1 0 0 1 0 0 0 0 1 0 0 0 0 0 1 0 0 1 0 1 1 1 0 1 1 0 1 0 0 0 1 0 1 1 1 0 1 0 0 0 1 1 1 1 1 0 1 0 1 1 0 1 1 0 1 1
IND0067	0 1 1 0 0 1 1 0 1 1 1 1 0 0 1 1 1 0 0 1 1 1 1 0 1 0 0 1 0 1 0 0 0 0 1 1 0 1 0 1 0 1 0 0 0 1 1 0 1 0 1 1 0 0 0 0 0 0 1 1 0 0 1 1 0 0 1 1 0 0 0 0 0 1 0 0 0 1 1 1 0 0 1 1 1 0 0 0 0 1 0 0 1 1 0 0 1 0 0 1	1 0 1 0 0 0 0 1 0 0 1 0 1 0 0 0 0 0 0 1 1 1 1 1 0 1 0 0 0 1 1 0 1 0 1 0 0 0 0 1 1 1 1 1 1 1 1 0 1 1 1 1 1 1 0 1 1 1 1 1 0 0 1 0 0 1 0 1 0 1 0 0 0 1 0 0 0 1 0 0 0 1 1 0 0 0 0 1 0 0 1 0 0 0 0 0 0 1 1 0
IND0068	0 0 0 0 1 1 1 1 0 0 1 1 0 1 0 0 0 0 0 1 0 1 1 0 0 1 0 1 0 1 1 0 0 1 0 0 0 1 0 1 0 0 1 0 0 1 1 1 1 1 1 0 0 0 1 1 0 0 1 0 1 1 0 0 1 1 1 1 1 0 1 1 0 0 1 1 1 0 0 1 1 0 1 0 0 1 1 1 1 0 0 1 1 0 1 0 1 0 1 0	1 0 1 0 1 1 1 0 1 1 1 1 0 1 1 1 0 1 1 1 1 0 1 0 0 0 1 1 1 1 1 1 0 1 1 1 0 1 0 0 0 1 0 1 0 0 1 1 1 0 0 0 0 1 1 1 1 0 0 1 0 1 0 0 1 0 1 1 0 1 0 0 0 0 1 1 1 0 0 1 1 0 0 1 1 1 0 1 0 1 0 1 1 0 0 1 1 0 0 1
IND0069	1 0 1 0 0 1 0 0 0 0 1 0 0 0 1 1 0 0 0 0 1 0 1 1 1 1 0 1 0 0 0 1 0 1 0 1 1 1 0 0 0 1 1 0 0 1 0 1 0 0 1 0 1 1 0 1 1 1 0 0 0 0 1 0 0 0 1 1 1 0 1 0 1 1 1 1 0 0 1 1 1 0 1 0 0 0 1 0 1 1 0 0 1 0 0 0 0 0 0 0	0 1 0 1 1 0 1 0 1 1 1 0 1 1 0 0 1 1 0 1 0 0 0 0 1 0 1 0 0 0 0 0 0 1 1 0 0 1 1 1 0 1 0 0 0 0 1 0 0 0 0 0 1 1 0 0 0 1 1 1 1 1 0 0 0 1 1 0 0 1 0 1 1 0 0 1 1 1 1 0 0 0 0 1 1 1 0 0 1 0 1 0 0 0 1 1 0 0 0 0
IND0070	1 0 0 1 1 0 1 0 1 1 1 0 0 1 1 1 1 1 1 1 0 0 1 0 0 0 1 1 0 1 0 1 0 1 1 0 1 1 1 1 1 0 0 0 0 1 0 1 0 1 1 1 1 0 0 0 1 1 0 0 0 0 1 0 0 1 0 1 0 0 0 1 1 0 1 1 1 0 1 0 0 1 0 1 1 0 0 1 0 1 0 1 1 0 1 1 0 1 1 0	0 0 1 0 0 0 0 1 1 0 1 0 1 0 1 1 1 1 1 0 0 1 1 0 1 0 0 1 1 0 0 0 1 0 0 0 1 0 0 0 0 0 1 0 1 0 0 0 1 1 1 1 1 0 1 1 0 1 1 1 1 0 1 1 1 1 1 0 1 0 1 1 1 1 1 0 0 1 0 1 1 1 1 1 0 0 1 0 1 1 0 1 1 1 1 1 1 0 1 1
IND0071	0 1 1 0 0 0 0 1 1 1 1 0 0 1 0 0 1 0 0 1 0 1 0 0 1 0 0 0 1 0 0 1 0 0 0 0 0 1 0 1 1 1 1 0 0 0 1 0 0 1 0 0 1 0 0 1 1 1 1 0 1 1 0 1 1 0 0 0 1 1 0 0 1 0 1 0 1 0 0 1 1 1 0 1 1 1 1 1 1 0 0 0 0 1 0 1 1 0 1 1	0 0 0 0 1 0 1 1 0 1 1 1 1 1 0 0 0 0 1 1 1 1 0 1 0 0 1 1 1 0 0 1 0 0 0 1 0 0 1 1 1 0 0 0 1 1 0 1 1 0 1 1 1 1 0 1 1 0 1 1 0 0 0 1 0 0 0 1 0 1 1 0 0 0 0 1 1 0 1 1 1 0 1 0 1 1 1 1 1 1 1 1 0 0 0 0 0 0 1 1
IND0072	0 0 1 0 1 0 0 0 0 0 0 1 1 0 0 1 0 0 0 0 1 1 1 0 0 0 1 0 1 1 0 1 1 1 1 1 0 0 0 0 1 1 1 0 0 1 0 0 1 0 1 1 1 1 0 0 0 0 1 0 0 1 1 1 1 1 0 1 1 1 1 0 1 1 0 1 0 0 0 1 1 0 0 0 0 1 0 1 0 1 0 1 0 0 0 1 0 1 1 0	1 0 0 1 1 1 1 1 0 0 0 1 1 0 1 0 0 1 0 1 0 1 1 0 1 0 1 1 1 0 0 1 0 1 1 1 1 1 0 1 0 0 1 0 0 0 0 1 0 1 0 1 0 1 1 1 1 0 1 0 0 1 1 0 1 1 1 1 0 0 1 0 1 0 0 0 1 1 1 0 0 0 1 1 0 1 0 0 1 0 0 0 1 0 0 1 1 0 0 0
IND0073	1 0 1 0 0 1 1 0 1 1 1 0 1 1 1 0 0 1 1 0 0 0 0 1 0 1 0 1 1 1 1 0 1 1 0 0 0 1 1 1 1 0 1 0 1 1 0 1 0 0 1 0 0 0 1 1 0 1 0 0 1 0 1 0 0 0 1 0 0 1 0 0 1 1 1 0 1 1 1 0 0 1 0 1 1 1 1 1 1 0 1 0 0 1 1 1 1 1 0 1	1 1 0 1 0 0 1 0 1 1 1 1 1 1 1 1 0 0 0 1 0 1 0 0 1 0 1 0 0 0 1 1 0 0 0 1 1 0 0 0 1 0 0 0 1 0 0 0 0 1 1 0 1 0 0 0 0 0 1 0 0 1 0 1 0 0 1 0 1 1 1 1 1 0 1 1 0 1 0 0 1 1 0 1 1 0 0 0 0 1 1 0 0 1 1 1 0 0 0 1
IND0074	1 1 0 1 1 0 0 1 1 0 0 0 0 1 0 1 0 1 1 0 0 1 0 1 1 1 0 0 1 1 1 1 1 1 0 0 1 0 0 1 0 1 0 1 0 1 0 1 1 0 0 0 0 1 1 1 0 0 1 1 0 0 0 1 1 0 0 0 1 1 1 0 0 0 1 0 1 0 1 0 1 0 0 1 0 0 0 1 1 0 0 1 0 1 1 1 0 1 1 1	1 0 1 1 0 1 1 1 0 1 1 1 0 1 0 0 1 1 0 1 0 0 1 1 1 0 0 0 0 0 0 1 0 1 1 1 0 0 1 1 1 0 0 1 1 1 0 1 1 0 1 1 1 1 0 0 0 1 0 0 0 1 1 1 1 1 1 1 1 0 0 1 0 1 1 0 0 1 1 1 1 1 1 0 1 0 1 0 0 0 0 0 0 1 1 0 1 1 1 1
IND0075	0 0 0 0 1 0 0 0 1 0 1 1 1 0 1 0 1 1 1 1 1 0 0 0 0 1 1 1 0 0 1 1 1 0 1 0 1 1 0 1 1 1 1 0 1 0 1 0 1 0 1 0 0 1 1 1 0 1 0 1 1 0 1 1 1 0 1 1 0 0 1 0 1 1 1 1 0 0 1 1 1 0 0 1 0 0 0 0 1 1 0 1 0 1 0 1 0 1 0 0	1 1 1 1 0 0 0 0 0 0 1 1 0 1 0 0 0 0 0 1 0 1 1 0 0 0 1 0 0 1 0 0 1 1 0 1 0 1 1 0 0 0 0 1 0 0 1 0 1 0 0 0 0 1 0 0 1 0 0 0 0 0 1 0 0 1 0 0 0 0 0 1 0 0 1 0 0 0 1 0 0 0 0 0 1 1 1 1 1 1 0 1 0 0 0 1 1 0 0 1
IND0076	1 1 1 0 0 0 0 0 1 0 0 0 0 0 1 1 0 1 0 1 0 0 1 1 1 1 0 0 0 1 1 0 1 1 1 1 1 1 1 0 0 0 0 1 1 1 0 1 0 1 1 0 0 0 0 0 1 1 0 0 1 0 1 0 0 1 1 0 1 1 1 1 1 0 1 0 0 1 1 1 1 1 0 0 0 0 0 1 1 0 1 1 0 1 0 0 0 1 1 1	0 0 0 0 1 0 1 1 0 0 1 1 0 0 1 0 0 1 1 0 1 1 0 0 1 0 0 0 1 0 1 1 1 0 0 1 0 0 0 1 1 0 0 1 0 0 1 0 1 0 0 1 1 0 1 0 0 0 1 1 0 0 0 0 1 0 1 1 1 1 0 1 0 0 0 0 0 1 1 1 0 0 0 0 0 0 1 1 1 1 0 1 1 1 1 1 0 1 0 1
IND0077	1 0 0 1 0 0 1 0 1 1 0 0 0 0 0 1 1 0 0 1 1 1 0 1 0 0 0 0 1 1 0 0 1 0 1 1 1 1 1 0 1 1 0 0 0 0 1 0 1 0 1 0 0 1 0 1 1 1 0 0 0 1 1 1 0 0 0 0 0 1 0 0 0 1 0 1 0 1 0 1 0 0 0 0 1 1 1 1 1 0 0 0 0 0 1 0 1 1 1 1	0 1 1 0 0 0 0 0 0 1 0 0 0 0 0 1 1 0 1 1 1 0 1 1 0 1 1 0 1 1 1 1 1 1 1 0 0 1 1 0 1 1 1 1 0 1 1 0 0 0 1 1 0 1 1 0 0 1 1 0 1 1 1 0 0 0 1 0 1 0 0 0 1 1 1 0 1 1 1 1 0 0 1 1 0 0 1 0 1 1 1 1 1 1 1 1 0 1 0 0
IND0078	0 0 0 0 1 1 0 0 1 0 1 0 0 1 0 1 0 1 0 1 0 1 1 0 1 0 0 0 1 0 1 1 0 1 1 1 0 0 0 1 1 1 0 0 0 0 1 0 1 1 1 1 1 1 1 1 1 0 0 1 1 0 1 1 0 1 0 0 0 1 1 1 1 1 0 1 0 0 1 0 0 0 1 1 1 1 0 0 0 0 1 0 1 0 1 0 1 1 1 1	1 1 0 1 1 0 1 0 1 0 1 0 0 0 1 0 1 0 1 0 0 0 1 1 0 1 0 1 1 0 1 1 1 1 1 1 0 1 0 0 0 0 1 0 0 1 1 1 0 1 1 0 1 1 1 1 0 0 0 0 0 0 0 0 0 1 0 0 0 0 0 0 1 1 0 1 1 1 1 0 0 0 0 1 1 1 1 1 1 1 1 0 0 1 0 0 1 0 0 0
IND0079	1 1 0 1 0 0 1 0 1 0 1 1 0 1 0 1 0 0 1 0 1 1 0 0 0 0 0 1 1 0 1 0 0 0 1 0 0 0 1 1 1 1 1 0 1 0 0 0 0 1 1 0 0 0 0 1 1 1 1 1 0 1 0 0 1 0 1 0 0 0 1 0 0 0 0 1 1 0 1 0 0 0 1 1 1 0 1 0 1 1 0 1 0 1 1 0 0 1 1 0	1 0 0 0 1 1 1 0 1 0 1 0 0 0 0 1 0 0 1 1 1 0 0 0 0 1 0 0 0 0 1 0 0 0 1 1 1 1 0 0 1 0 1 1 0 0 0 0 0 1 0 1 0 1 1 1 1 1 0 1 1 1 0 1 0 0 1 0 1 0 0 0 1 1 0 0 0 0 0 1 0 1 0 0 1 0 1 1 1 1 0 0 1 1 0 1 1 1 0 0
IND0080	1 0 0 1 0 0 0 0 0 1 0 0 1 0 1 0 0 1 0 1 0 1 0 1 0 1 1 1 1 0 0 1 1 0 1 0 1 0 0 0 0 0 0 1 1 0 0 0 1 1 1 1 0 1 1 0 1 0 0 1 1 1 0 0 0 1 0 1 0 0 0 0 1 1 1 0 0 0 0 1 1 0 1 1 1 1 1 0 1 1 1 1 0 1 1 0 0 1 1 1	0 1 1 1 0 0 0 0 0 1 1 1 0 0 1 1 1 0 1 0 0 0 1 1 1 0 0 0 0 1 1 0 0 0 0 0 0 1 0 1 1 1 0 1 0 0 0 0 0 1 1 0 1 1 1 0 0 1 1 0 0 1 0 1 1 1 1 1 1 1 1 1 1 1 1 0 1 1 1 0 1 0 0 0 0 0 0 0 1 1 0 1 0 1 0 0 0 1 1 0
IND0081	0 0 0 0 1 1 0 0 1 1 0 0 1 1 0 0 1 1 1 0 0 1 0 1 0 1 0 0 1 0 0 1 1 0 1 1 0 1 1 1 0 1 1 0 1 1 0 1 1 0 1 0 0 1 1 0 0 1 0 0 1 0 0 1 1 1 0 1 0 0 1 1 1 1 0 1 0 0 0 0 0 0 1 0 0 0 1 1 0 0 1 1 1 0 0 1 1 1 0 0	0 0 0 0 0 0 1 0 0 1 1 0 1 0 1 0 0 0 1 0 1 0 1 1 0 1 0 1 0 1 1 1 1 1 0 1 0 1 0 1 1 0 0 0 0 0 1 0 1 1 0 1 1 0 0 0 0 1 1 1 0 1 1 1 1 1 1 1 1 0 0 0 1 0 0 1 0 1 0 0 1 0 0 1 0 0 0 0 1 0 0 0 0 1 1 1 0 1 1 1
IND0082	0 0 0 1 1 0 0 0 1 0 0 0 1 1 1 0 0 1 0 1 1 1 0 0 1 0 1 1 0 0 1 0 1 1 0 1 0 1 0 1 0 0 0 1 0 1 0 1 0 0 0 1 0 1 0 1 0 1 1 1 1 0 1 0 0 1 1 0 0 1 1 1 0 0 0 1 0 1 1 1 1 1 1 1 0 1 0 0 1 0 1 1 0 1 1 0 1 1 0 1	1 0 0 0 1 0 1 0 0 1 1 0 0 1 0 0 1 0 1 1 0 0 1 1 1 1 1 0 0 1 0 1 1 1 0 1 1 0 0 1 0 0 0 0 0 0 1 1 1 1 1 0 1 1 1 1 1 1 1 1 1 1 1 1 1 0 1 1 0 0 0 0 0 1 1 1 1 1 1 0 0 0 1 0 0 0 1 1 0 1 0 0 0 0 0 0 1 0 0 1
IND0083	1 0 0 0 0 1 0 0 1 1 0 1 1 1 1 1 0 1 0 1 1 0 0 1 0 0 0 0 0 0 1 0 0 1 0 0 1 0 1 1 1 0 1 1 1 1 0 1 0 0 0 1 0 0 1 0 0 1 0 1 0 0 0 0 0 1 0 0 1 1 1 0 0 0 1 1 0 1 0 1 0 1 0 0 1 0 1 1 1 0 1 0 1 0 0 0 0 1 0 0	0 1 0 1 1 1 0 1 1 0 0 1 1 1 0 0 1 1 1 1 0 0 0 1 0 0 0 0 0 1 1 0 0 1 0 1 0 1 0 1 0 0 1 0 1 1 1 1 1 1 1 0 1 0 0 1 0 1 1 0 1 0 0 1 1 0 0 1 0 1 1 0 1 1 0 0 1 0 0 1 0 1 0 1 1 0 0 0 0 1 1 0 1 1 1 0 0 0 0 1
IND0084	0 0 1 1 1 1 0 0 0 1 1 1 0 0 1 1 0 0 0 1 1 0 0 0 1 0 0 0 1 1 1 0 1 0 1 1 1 1 0 0 0 1 0 1 0 1 1 0 1 0 1 0 1 1 0 0 0 1 1 1 1 1 0 0 1 1 0 0 0 0 0 1 1 0 0 1 0 0 0 1 0 1 1 1 1 0 1 1 1 1 1 1 1 1 0 1 1 1 0 0	0 1 0 1 0 1 0 1 1 0 0 1 1 1 1 1 1 0 1 1 1 1 0 1 0 1 0 0 0 1 1 0 1 1 0 1 0 0 0 0 1 1 0 0 1 1 1 0 0 1 1 1 1 0 0 1 0 0 0 1 1 0 0 1 1 0 0 0 1 1 1 1 0 1 1 0 0 0 0 0 1 0 0 1 0 0 0 0 0 0 1 0 1 0 0 1 0 1 0 0
IND0085	0 1 1 0 1 1 0 0 1 0 0 1 1 1 1 1 0 0 0 0 1 0 1 1 0 1 0 1 0 1 0 0 0 1 0 0 1 1 0 0 0 0 0 0 0 1 1 1 0 0 1 1 0 0 1 0 0 0 0 0 1 0 1 1 0 1 1 0 0 0 1 0 1 0 0 0 0 0 0 0 1 1 0 0 0 1 0 0 0 1 1 1 1 1 1 0 1 1 1 0	1 1 0 0 0 0 0 1 1 0 0 0 0 1 0 1 0 0 1 0 1 1 0 1 1 1 0 0 0 1 1 1 1 1 1 0 0 0 1 1 1 0 1 0 0 1 0 0 1 0 1 0 0 0 0 1 0 0 0 0 1 0 0 1 1 0 0 0 1 0 0 1 1 1 1 0 1 0 1 1 0 0 0 0 0 0 1 0 1 0 0 0 0 1 1 1 0 1 0 0
IND0086	0 1 0 1 0 0 1 1 0 0 1 0 1 1 0 0 0 0 1 1 1 0 1 0 0 0 1 0 0 0 0 0 0 1 1 1 1 0 1 1 0 1 1 0 1 0 1 1 0 0 1 0 1 1 1 0 1 1 0 1 1 1 0 0 1 0 0 0 1 0 1 1 1 1 0 0 1 1 0 1 0 0 1 0 1 1 1 1 0 0 0 1 1 0 0 1 1 1 0 0	1 0 0 0 1 0 0 1 0 1 1 1 1 0 1 1 0 1 1 1 1 0 1 1 0 0 0 1 1 0 1 0 0 1 0 1 1 0 1 0 1 0 1 0 1 1 0 1 1 0 1 0 1 1 1 0 0 0 0 1 0 0 0 1 1 0 0 0 0 0 1 1 0 1 1 1 1 0 1 0 0 1 1 0 1 0 1 1 0 0 0 1 0 1 1 0 0 0 1 1
IND0087	1 1 1 0 0 1 1 1 1 1 0 0 0 0 0 1 0 1 1 1 1 1 0 1 1 0 1 1 0 0 0 1 0 0 1 0 1 0 0 0 0 0 1 0 0 1 1 1 1 1 1 1 0 0 0 0 1 0 1 0 0 1 0 1 0 1 0 0 1 1 1 0 1 1 0 1 0 1 0 0 0 0 1 1 0 1 1 0 0 0 0 0 0 0 1 0 1 1 1 1	1 1 0 1 0 0 0 0 1 1 0 1 0 1 1 1 1 1 1 1 0 0 0 1 1 1 0 0 0 1 0 0 1 1 1 0 1 1 0 0 0 0 0 0 1 1 1 0 0 1 1 0 0 0 1 1 1 0 0 0 0 1 0 1 0 0 1 0 0 1 0 1 1 0 1 0 1 1 0 1 1 1 0 0 1 1 0 1 0 0 1 0 1 0 0 1 1 1 0 0
IND0088	0 0 1 1 1 1 0 1 1 0 1 1 0 1 1 1 1 1 0 1 1 1 1 0 1 1 1 1 0 1 1 0 1 1 1 0 0 0 0 0 1 0 0 1 1 0 1 0 1 0 0 0 1 1 0 0 0 0 0 0 1 1 1 0 1 1 1 1 1 1 1 1 1 1 0 1 1 1 0 1 0 0 0 1 1 0 0 0 1 0 1 1 0 0 0 0 1 0 0 1	1 0 1 1 0 1 1 0 1 0 0 0 1 0 1 1 0 0 0 0 1 1 1 0 1 0 0 1 0 1 0 0 1 0 1 0 0 0 1 0 0 0 1 1 0 1 0 1 1 1 0 0 1 0 0 0 1 1 0 1 0 1 0 0 0 1 1 1 1 1 0 0 0 0 1 1 0 0 1 1 0 0 0 1 1 1 0 0 0 1 0 0 0 1 0 1 0 0 1 1
IND0089	1 0 0 0 1 0 1 0 0 0 0 0 0 0 1 0 1 0 0 0 1 1 1 0 1 1 1 1 0 0 1 1 1 1 0 0 0 0 0 0 0 1 0 1 0 0 1 1 1 1 0 1 1 0 0 0 0 1 0 1 0 1 0 0 0 1 0 1 0 1 1 1 0 0 0 0 0 0 0 1 0 0 1 0 1 1 1 1 0 1 1 1 1 1 0 0 0 1 1 1	1 1 1 0 0 1 1 1 0 0 1 1 0 1 0 1 1 0 1 1 0 0 0 1 1 0 0 0 1 0 0 0 0 0 1 0 0 1 0 0 1 1 0 0 1 1 0 0 1 0 0 0 0 0 1 1 1 0 0 1 0 1 0 0 0 0 1 0 0 0 1 1 1 0 1 1 1 1 0 1 0 1 0 1 1 1 1 0 0 1 0 0 0 0 0 0 1 1 1 1
IND0090	0 0 1 0 0 0 0 0 1 0 1 1 0 0 0 1 1 0 0 0 1 0 1 1 0 0 1 1 1 1 1 0 0 1 0 1 1 1 1 0 0 0 1 0 0 1 1 0 0 0 0 0 0 0 0 0 1 1 0 0 1 1 1 0 1 0 1 0 1 1 0 0 0 0 1 0 0 0 1 0 0 1 0 0 0 1 1 0 0 0 1 0 0 1 0 0 0 1 0 1	0 0 0 1 1 1 0 0 0 1 1 1 1 1 0 0 0 1 0 1 1 0 1 1 0 1 1 1 0 1 1 1 1 0 0 1 0 0 0 1 1 0 1 1 1 0 0 0 0 1 1 0 1 1 0 1 0 1 0 1 1 1 0 0 0 0 1 1 0 0 0 0 1 1 0 0 1 1 1 0 1 1 1 1 1 0 1 0 0 0 1 1 1 1 1 1 0 1 0 0
IND0091	0 1 1 1 0 0 1 0 1 1 1 1 0 0 1 1 0 1 0 1 1 1 1 0 1 0 1 0 0 0 0 0 1 1 0 1 1 1 1 0 1 0 1 0 1 0 1 0 1 0 1 1 0 0 1 1 0 1 1 1 1 1 0 1 0 1 0 1 1 1 0 1 1 1 0 0 1 0 1 1 0 1 0 0 0 1 1 0 1 1 0 0 1 0 0 1 0 1 1 0	0 0 0 0 1 0 0 1 1 1 1 0 1 0 0 1 1 0 1 0 0 1 1 1 0 1 0 1 1 0 1 1 0 0 0 0 0 1 1 0 0 0 1 1 1 1 1 0 1 1 1 0 1 1 0 0 1 1 0 0 1 0 0 0 0 0 1 1 0 1 0 0 0 0 1 1 1 1 0 0 0 1 0 0 1 0 0 1 1 1 1 1 1 0 1 1 0 1 1 0
IND0092	1 0 0 0 1 1 0 0 1 1 1 1 0 1 1 1 0 0 1 0 1 0 0 0 0 1 1 0 0 1 0 1 0 0 1 0 0 0 1 0 1 1 1 1 0 1 0 0 1 1 1 0 1 1 0 0 1 0 0 0 1 1 0 1 1 1 1 1 1 0 1 1 1 0 1 0 0 0 0 1 0 1 0 0 0 0 1 0 0 1 0 0 1 0 1 1 1 1 0 1	1 0 0 1 0 0 0 0 1 0 1 1 1 0 0 1 0 1 1 0 1 1 1 1 0 1 1 1 1 1 0 1 0 0 1 1 0 1 0 0 1 0 1 1 0 1 0 0 0 0 0 1 1 0 1 0 1 1 0 0 1 0 1 1 1 0 0 1 0 1 1 1 0 1 1 1 1 1 0 1 0 0 0 1 0 0 0 0 1 1 1 0 0 0 0 0 0 1 0 1
IND0093	1 0 1 1 1 0 1 0 1 0 0 1 0 1 1 1 0 1 0 1 1 1 0 0 0 1 1 1 0 1 0 1 0 1 1 0 0 0 1 0 0 0 1 1 0 1 1 0 0 1 0 0 0 0 1 1 1 1 1 0 0 0 0 0 0 0 0 1 0 1 0 1 0 1 0 0 1 1 0 0 0 1 1 0 0 1 1 0 1 0 0 1 1 1 0 0 1 0 1 1	0 1 1 1 1 1 0 1 1 0 0 0 1 0 1 0 1 1 1 1 0 0 1 1 1 1 0 1 1 0 1 1 1 1 1 0 0 0 0 0 0 1 0 1 0 0 1 1 1 1 1 1 0 1 1 0 1 0 1 1 1 0 0 1 1 1 1 1 1 0 0 1 1 1 0 1 0 0 1 1 0 1 1 0 1 1 0 0 1 1 1 1 1 1 1 1 0 1 1 1
IND0094	1 1 0 1 0 0 0 0 0 1 0 0 1 0 1 1 0 0 0 0 0 1 0 0 0 0 0 0 0 1 1 0 0 0 0 0 0 0 1 1 1 1 0 1 0 0 1 1 1 0 1 1 1 0 1 0 1 1 0 1 0 1 0 1 1 1 0 1 0 1 1 1 1 0 1 1 0 0 1 0 1 1 0 1 0 0 1 1 1 0 0 0 0 1 0 0 1 0 0 0	0 1 0 1 0 1 1 0 1 1 0 1 1 0 1 0 0 0 1 1 0 0 0 0 1 1 0 0 1 1 1 0 0 1 1 1 1 1 0 0 0 1 0 1 0 1 1 0 1 0 1 1 1 0 1 0 0 1 0 0 1 0 1 0 1 0 1 1 1 1 0 0 0 0 1 1 1 1 0 0 0 0 0 0 0 0 0 1 0 0 1 0 0 0 0 0 1 0 1 0
IND0095	0 0 0 0 1 1 0 1 1 1 1 1 1 0 0 0 0 0 1 0 1 0 1 1 1 1 1 0 0 0 1 0 0 1 1 0 1 1 1 0 0 0 1 0 0 1 1 1 1 1 1 1 1 1 0 1 0 1 0 0 1 1 1 1 0 0 1 1 1 0 0 0 1 0 0 1 1 0 0 0 1 0 1 1 0 1 0 0 1 1 0 1 0 1 0 0 0 0 0 1	1 0 1 1 0 1 1 0 1 0 0 0 1 1 0 1 1 0 1 1 1 1 1 1 1 1 0 0 0 0 1 1 0 1 0 1 0 1 1 1 0 0 0 1 0 0 0 0 1 0 1 1 1 0 1 0 1 0 0 0 0 1 0 1 0 0 0 1 0 1 1 0 1 0 0 1 1 1 1 1 0 1 0 1 0 1 0 0 1 0 1 1 1 1 0 1 1 0 1 0
IND0096	0 0 1 1 0 1 0 0 1 1 1 0 0 1 1 1 1 1 0 1 1 0 1 1 0 1 1 1 0 0 0 0 0 0 1 1 0 1 1 0 0 0 1 0 1 1 1 1 1 1 0 1 0 0 1 1 0 1 0 1 0 0 0 0 0 1 1 1 1 0 0 0 1 0 0 0 0 0 1 0 1 0 1 0 0 1 1 0 1 1 1 1 1 1 1 1 1 1 0 0	0 1 1 0 0 1 0 0 0 0 1 0 1 1 0 0 0 1 1 0 1 0 1 1 0 1 0 1 0 0 1 0 0 1 1 0 0 0 0 0 0 0 1 1 1 0 0 1 1 0 1 0 1 0 1 0 0 1 1 0 0 1 0 0 0 1 1 1 1 0 0 0 0 1 0 1 1 0 0 0 0 0 1 0 1 1 1 1 0 1 1 0 1 0 1 0 0 0 1 1
IND0097	1 1 0 0 1 1 1 0 1 1 0 0 0 0 1 0 1 0 1 0 1 0 0 0 1 1 1 0 0 0 1 1 1 1 0 1 1 0 0 0 1 0 1 1 1 0 1 1 1 1 0 0 1 1 0 1 0 1 0 1 0 0 1 0 1 1 0 0 1 1 0 1 0 1 0 1 1 0 1 1 0 0 0 0 1 0 1 1 0 0 1 0 0 1 0 1 0 1 1 1	1 1 1 0 1 0 0 0 0 0 0 1 0 0 1 0 1 1 1 0 0 0 0 0 1 1 0 1 0 0 1 1 1 1 1 1 1 0 1 1 0 0 0 1 1 1 0 1 0 1 1 0 0 0 1 1 0 1 0 0 0 1 0 0 1 1 1 0 0 1 1 1 0 0 0 1 1 1 1 0 0 0 1 1 1 1 1 1 1 1 0 0 1 1 0 1 1 0 0 0
IND0098	1 1 0 1 0 1 0 1 0 0 0 0 0 1 0 1 0 0 1 1 0 0 1 0 0 1 0 1 1 0 1 0 0 0 0 1 0 1 1 1 0 1 0 1 0 1 0 1 0 0 1 1 0 0 1 1 0 0 0 1 0 1 1 1 0 0 0 0 0 0 0 1 1 0 0 0 0 1 0 0 0 0 1 1 1 1 1 1 0 1 1 1 1 1 1 1 1 0 1 0	0 0 0 0 0 1 0 0 0 1 1 1 0 1 1 1 1 1 1 1 0 1 1 0 0 1 0 1 1 1 0 0 1 0 0 1 1 0 0 1 1 0 1 0 0 0 0 0 0 0 0 1 1 1 0 1 1 1 1 1 1 0 0 1 1 0 0 0 1 1 0 1 0 0 0 1 0 0 1 1 0 0 1 1 1 1 1 1 1 1 1 1 0 0 0 1 1 0 0 0
IND0099	1 1 0 1 1 0 0 1 0 1 0 1 0 1 0 1 0 1 0 1 0 1 1 0 1 0 1 0 1 1 0 0 0 1 0 1 1 1 1 0 1 0 0 0 0 0 0 0 1 1 1 0 0 1 0 1 0 1 0 0 1 0 0 0 0 0 1 1 1 0 1 0 0 0 0 0 1 0 0 1 1 0 0 0 1 1 0 0 0 0 0 1 0 1 0 1 0 0 1 1	1 1 1 0 0 1 0 1 0 1 1 1 1 0 0 1 0 0 0 0 0 1 1 0 1 0 0 0 0 0 0 0 0 1 1 1 1 1 1 0 1 1 1 0 0 1 1 0 1 1 0 0 1 0 0 1 0 0 1 0 0 1 1 0 1 1 1 1 0 0 0 1 0 0 0 0 1 0 0 1 0 1 1 1 0 1 0 1 0 1 0 0 1 0 1 0 0 0 1 0
IND0100	1 1 1 1 0 1 1 1 0 0 1 1 0 0 0 1 1 1 1 1 1 0 1 0 0 0 0 1 1 1 0 0 1 1 0 0 0 0 0 1 1 1 1 1 1 0 1 0 0 0 0 1 1 1 1 1 1 0 1 0 0 1 1 0 0 1 0 1 0 0 1 1 0 0 0 1 0 1 0 0 1 1 0 1 1 0 1 1 1 0 0 1 1 1 0 1 0 0 0 1	1 1 0 0 1 1 1 1 1 1 0 1 1 0 0 0 0 0 1 0 0 1 0 1 1 0 0 1 0 1 0 0 1 1 0 1 1 0 0 1 0 0 1 0 0 1 0 0 1 0 0 1 1 1 1 1 1 0 0 0 0 1 1 0 0 1 0 0 1 0 0 0 0 0 0 1 0 1 0 1 1 1 1 1 1 1 1 0 1 1 0 0 0 1 0 0 0 0 1 0
IND0101	1 0 1 0 0 1 1 1 1 0 1 0 1 0 0 1 0 1 1 0 1 0 0 1 1 0 1 1 1 1 0 1 1 0 1 0 0 1 1 1 0 0 1 0 0 1 0 1 1 0 1 0 1 0 1 1 1 0 1 0 1 1 1 0 0 1 0 0 0 0 1 0 1 0 1 1 1 0 1 1 0 0 1 0 1 1 1 0 1 0 1 0 1 1 0 1 1 0 1 0	1 0 1 1 1 1 0 1 0 1 0 1 1 1 1 0 0 1 0 0 1 1 1 1 1 0 1 1 1 0 0 0 1 0 1 1 1 0 1 1 1 0 0 0 0 1 0 0 0 1 1 0 0 0 0 1 0 1 0 1 0 0 1 1 0 1 0 0 0 1 1 1 1 1 1 1 1 1 1 0 0 0 0 1 1 1 0 1 1 0 1 0 0 0 0 1 0 0 1 1
IND0102	0 0 0 1 0 1 1 1 1 0 1 0 1 1 1 0 0 1 1 1 0 1 1 0 1 0 0 0 1 1 1 0 1 1 1 1 1 1 1 0 0 1 0 0 1 0 0 1 0 0 1 1 1 0 0 1 0 1 1 1 0 1 1 0 1 0 1 0 0 0 0 1 1 1 0 1 0 1 0 0 0 0 1 1 0 1 0 1 0 0 0 0 1 1 1 0 0 0 0 1	1 0 0 0 1 1 1 0 1 1 1 1 0 0 0 0 1 0 0 0 1 0 1 1 0 0 0 1 1 0 0 1 1 1 1 0 0 0 0 0 0 0 1 0 1 0 1 1 0 1 1 1 0 1 1 1 0 1 0 0 1 1 0 1 0 0 0 1 1 1 0 1 0 0 1 1 0 1 1 1 1 1 1 1 1 0 1 1 0 0 1 0 0 1 0 0 1 0 1 1
IND0103	1 0 0 1 0 1 0 1 1 1 1 0 0 1 0 0 0 1 0 0 0 0 0 0 1 1 0 0 1 1 0 1 1 1 1 0 0 0 1 0 1 0 1 1 1 0 0 1 1 0 0 0 0 0 1 1 1 0 1 0 0 1 0 0 0 1 0 0 0 1 1 0 1 0 1 0 1 1 0 0 1 1 0 1 1 0 0 1 1 1 0 0 0 0 0 1 0 0 1 0	1 0 1 0 0 1 0 1 0 1 0 1 1 0 0 1 0 0 0 1 0 0 0 0 1 1 1 1 1 0 0 0 0 0 0 0 0 1 1 0 0 0 0 0 1 1 0 1 0 0 0 1 1 1 0 1 1 1 1 1 0 1 0 1 0 0 0 0 1 1 1 1 1 1 0 1 0 0 0 0 1 1 1 0 0 1 1 0 0 1 1 1 0 0 0 0 0 0 1 1
IND0104	0 0 1 1 0 1 1 0 1 1 1 1 1 0 1 0 1 1 1 1 1 1 0 1 0 0 1 0 1 1 1 1 0 1 0 1 1 1 1 1 0 1 0 1 0 0 1 0 0 1 0 0 1 0 1 0 1 0 0 0 0 1 1 1 0 0 0 1 0 0 0 0 1 0 1 0 1 1 1 0 1 1 1 0 0 0 1 0 0 1 1 0 1 0 0 1 1 1 1 0	1 1 1 1 1 1 0 0 0 1 0 1 1 1 0 0 1 0 1 0 0 1 1 0 1 0 1 1 0 1 0 0 0 1 1 0 1 0 0 1 0 1 0 0 0 0 1 1 1 0 0 1 0 0 1 0 1 0 0 1 0 1 1 1 1 1 1 1 0 1 1 0 1 1 0 0 0 1 0 0 1 0 1 1 0 0 1 1 0 1 1 0 1 1 1 0 1 1 1 0
IND0105	0 1 0 0 0 1 0 1 0 1 1 0 0 0 1 0 1 1 1 0 1 1 0 0 0 0 1 0 1 0 0 0 0 0 1 1 0 0 0 0 0 0 0 1 0 1 0 0 1 0 0 0 0 1 1 1 1 1 1 1 0 0 0 1 0 1 0 1 0 0 1 1 0 0 0 0 1 1 1 0 0 0 1 1 0 0 1 0 0 1 0 1 1 0 0 0 0 0 1 1	0 1 1 0 0 0 0 1 1 1 1 1 1 0 1 0 1 0 1 0 0 1 1 0 0 0 1 0 1 1 1 0 1 0 0 0 0 0 0 0 1 0 1 0 1 0 1 1 1 1 1 1 0 1 1 0 0 1 1 0 0 0 1 0 0 0 1 1 0 0 1 0 0 0 0 0 0 0 1 1 1 0 1 1 0 1 1 0 1 0 0 1 1 0 0 1 0 1 0 0
IND0106	0 1 0 0 1 1 1 1 0 0 0 1 0 0 1 0 1 1 1 0 1 1 1 1 1 1 1 1 1 1 0 0 0 1 1 1 0 1 0 1 0 0 0 1 0 1 0 1 0 1 0 0 0 0 0 1 0 0 1 0 1 0 1 0 0 1 1 0 0 0 0 0 1 1 1 0 1 1 0 0 0 0 1 1 0 0 0 1 0 1 0 1 0 0 0 0 1 0 0 0	1 1 0 0 0 0 0 0 0 0 1 1 0 1 1 1 0 0 1 1 1 1 0 0 1 1 0 0 0 1 1 0 1 1 1 0 1 0 0 0 1 1 0 0 0 0 1 0 1 1 1 1 0 0 1 0 1 0 0 0 1 1 0 1 0 0 0 0 1 0 0 1 0 1 0 0 1 0 0 1 1 0 0 1 0 0 1 0 1 0 1 1 1 1 0 0 1 1 1 0
IND0107	0 0 0 1 1 0 1 1 0 0 0 1 1 1 0 1 1 1 1 1 0 1 1 1 1 1 1 0 0 1 0 0 0 1 0 1 1 0 0 1 1 0 0 0 0 1 0 1 1 0 0 1 1 0 1 1 1 1 1 1 0 1 1 0 1 1 0 0 1 1 0 1 0 1 1 0 0 0 1 1 1 1 1 0 1 0 0 1 1 0 1 0 0 1 1 0 0 1 1 0	0 0 0 1 1 1 1 0 1 0 0 1 0 0 0 1 1 1 1 0 0 1 0 1 0 1 1 0 0 0 1 0 0 0 0 1 1 0 0 0 0 0 0 1 1 1 1 1 0 1 1 0 0 1 0 0 0 1 1 0 0 0 0 0 1 0 1 1 1 1 0 0 0 1 1 0 0 0 1 0 1 0 0 1 1 0 1 1 1 0 0 1 0 0 1 0 1 1 1 1
IND0108	0 1 0 1 1 1 1 1 1 0 0 1 0 0 0 1 1 0 0 1 1 1 1 1 1 1 1 0 1 0 0 0 0 0 0 0 1 0 0 1 1 0 0 1 0 0 0 1 1 1 1 0 0 0 0 0 1 0 0 0 0 0 0 1 1 1 0 0 1 0 1 1 0 0 0 1 1 1 1 1 0 1 0 0 0 1 0 0 0 0 0 1 1 0 0 0 0 0 1 0	1 0 1 0 1 0 0 0 1 0 0 1 1 1 0 0 0 0 1 1 0 0 1 0 1 0 0 1 0 1 0 1 1 1 0 1 0 1 0 0 1 0 0 0 1 1 0 1 0 1 1 1 0 0 0 0 1 0 1 0 0 0 1 1 1 1 1 0 0 1 0 1 1 1 0 1 0 1 1 0 1 1 1 0 0 0 1 0 1 0 0 0 1 0 0 1 0 0 0 0
IND0109	0 1 0 1 1 0 1 0 0 1 1 0 1 1 0 0 0 1 1 1 1 0 0 1 0 0 0 1 1 1 0 0 0 0 0 1 0 1 1 0 1 1 0 1 1 1 0 1 1 0 1 0 1 1 0 1 1 0 1 1 1 0 1 1 0 1 1 1 0 1 0 0 1 0 1 0 1 0 1 1 1 0 0 0 1 0 1 1 1 0 0 0 0 1 0 1 0 0 1 0	0 0 0 1 0 1 1 0 0 0 0 1 1 0 1 0 1 1 1 1 1 0 0 1 0 0 0 0 1 0 1 1 0 0 1 1 1 1 1 0 1 0 0 0 1 1 0 1 0 0 1 1 1 1 0 1 0 1 1 0 0 0 1 1 1 0 1 0 1 1 1 1 0 0 1 1 1 1 0 1 1 0 1 0 1 0 1 0 0 0 0 1 0 0 1 0 1 1 0 1
IND0110	1 1 1 1 1 1 0 1 1 0 0 0 1 1 0 0 1 0 0 1 1 1 0 1 0 1 1 0 1 1 0 0 0 1 0 0 1 1 0 1 1 1 0 0 0 1 0 1 1 1 0 1 1 1 1 1 0 0 0 0 1 0 1 0 1 1 0 0 0 1 1 1 1 0 0 1 0 1 0 1 1 0 1 1 0 1 1 1 0 0 1 0 1 0 1 0 0 1 1 0	0 0 0 0 1 0 1 0 0 0 0 0 1 1 0 1 1 0 0 1 1 1 1 0 0 1 0 0 0 1 0 1 1 1 0 1 1 1 0 0 0 0 1 0 1 0 1 0 0 0 1 0 0 0 0 1 1 1 1 0 1 0 1 1 0 0 1 1 1 1 0 1 1 1 1 1 1 1 1 0 0 1 0 1 0 1 0 1 0 1 1 1 1 1 0 1 1 1 0 0
IND0111	1 0 1 0 1 1 1 0 1 1 0 0 0 1 0 1 0 0 0 0 1 0 1 0 0 0 1 1 1 1 0 0 0 0 0 1 0 1 1 0 0 0 0 1 1 1 0 0 1 0 0 1 1 0 1 0 1 1 0 0 0 0 1 0 0 1 1 1 0 1 1 0 1 1 1 0 1 1 0 1 1 0 1 1 1 0 0 0 0 0 1 0 1 0 1 0 1 0 0 0	1 1 1 0 1 0 1 0 1 1 0 0 0 1 0 0 0 1 1 0 0 0 0 1 0 0 1 1 1 1 0 0 1 0 0 0 1 0 1 1 0 1 0 1 0 0 0 1 0 1 1 0 0 1 1 0 1 0 0 1 0 0 1 0 1 1 1 1 0 0 0 0 1 1 0 0 1 0 1 1 1 0 1 1 0 1 0 1 0 0 1 1 1 1 1 1 0 0 0 0
IND0112	1 1 0 1 1 1 0 0 1 0 0 1 0 1 1 0 1 0 1 1 1 1 0 1 1 1 0 1 1 0 0 1 1 0 0 1 0 0 0 1 1 1 1 0 1 0 1 0 1 0 0 1 0 1 0 1 1 0 1 1 0 1 0 1 1 1 0 1 0 1 0 1 0 0 1 1 0 1 1 0 1 0 0 1 1 1 0 1 0 1 1 0 1 0 1 0 0 0 0 0	1 0 1 0 0 1 1 0 0 1 0 1 0 1 0 0 1 0 0 1 0 0 0 1 0 0 0 1 1 1 1 1 1 1 0 1 0 1 1 0 1 0 1 1 0 0 1 1 0 1 1 1 1 1 0 1 1 1 0 1 1 1 1 0 1 1 1 0 0 1 1 0 0 1 1 0 1 0 0 0 0 1 0 1 1 0 1 1 0 1 0 0 1 1 1 0 0 1 0 1
IND0113	1 0 1 0 0 1 0 0 0 1 1 0 1 0 0 1 0 0 0 1 0 1 0 1 1 0 0 1 1 0 1 0 1 0 0 1 1 0 0 1 1 0 1 1 1 1 1 1 0 0 1 1 0 1 0 1 1 0 0 0 0 1 1 0 0 1 0 1 0 1 0 0 0 1 1 1 0 1 1 1 1 0 1 1 0 1 1 1 0 0 1 0 1 1 0 0 0 0 0 1	0 0 0 1 1 1 0 1 1 0 1 1 0 0 0 0 0 1 0 0 1 1 1 0 0 0 0 1 1 1 1 1 1 1 1 0 1 1 0 0 1 1 0 0 1 1 1 1 1 0 1 0 1 0 0 1 1 0 0 1 1 1 1 0 1 1 1 1 1 0 0 0 0 1 0 1 1 1 0 0 0 0 0 0 0 1 1 1 0 0 0 1 1 0 0 0 0 1 0 1
IND0114	1 1 1 0 0 0 0 0 1 1 1 1 1 1 0 1 1 0 1 1 1 0 1 0 0 1 1 1 1 1 1 0 0 1 0 0 1 1 1 0 1 1 1 1 0 1 0 1 1 0 0 0 1 0 0 1 0 0 1 0 0 1 0 0 0 1 1 0 1 1 0 1 0 1 0 0 1 1 0 0 1 1 0 1 0 0 1 1 1 1 1 0 0 1 1 1 0 1 1 0	0 0 0 1 1 1 0 1 1 1 1 0 0 0 0 0 1 1 1 0 1 0 1 1 1 0 1 1 1 1 1 0 0 0 1 1 1 1 1 0 1 1 1 1 0 1 0 1 0 1 0 1 0 0 0 1 0 0 1 1 0 1 1 1 0 0 0 1 1 1 0 1 1 0 0 0 0 0 0 0 0 0 1 0 1 1 0 1 0 1 1 0 1 1 1 1 1 0 1 0
IND0115	0 1 1 1 0 1 0 1 1 1 1 1 1 0 1 0 1 0 1 1 0 0 0 0 0 1 0 0 0 1 0 0 1 0 1 1 1 0 1 0 1 0 0 1 1 1 0 0 0 1 1 1 0 1 1 0 1 1 1 0 1 0 0 1 1 0 0 1 0 0 0 1 0 0 0 0 0 0 0 0 1 0 0 0 1 0 0 1 0 1 1 1 0 1 1 1 0 1 1 0	0 1 0 0 1 0 1 0 0 0 1 0 1 0 1 0 1 1 1 0 0 1 1 0 0 1 1 1 0 0 0 1 0 0 1 1 1 0 1 0 0 1 1 1 1 0 0 1 1 0 0 1 1 1 1 1 1 1 1 0 1 0 1 1 1 0 1 0 1 1 1 1 1 1 0 0 0 1 0 1 0 1 0 0 0 0 1 0 1 0 1 1 0 0 1 0 1 1 0 1
IND0116	1 0 1 1 0 1 0 1 0 1 1 1 1 1 0 0 0 1 1 1 0 0 1 1 0 1 1 0 1 1 0 1 1 1 1 0 0 1 1 1 0 1 1 0 1 1 0 1 1 1 0 0 0 1 1 1 0 0 0 0 0 1 1 1 1 1 1 0 0 0 1 1 0 1 0 1 0 1 1 0 0 0 1 1 0 1 0 0 1 1 0 1 0 0 1 1 0 1 0 0	0 1 0 1 0 0 0 0 1 1 0 0 0 0 1 0 0 0 0 0 0 1 0 0 1 0 1 1 0 1 1 1 1 1 0 1 0 0 1 1 0 1 1 0 0 1 1 0 0 1 1 0 0 1 0 1 0 0 0 1 0 1 1 0 0 1 0 1 0 0 0 1 0 0 1 1 1 0 0 0 0 0 0 0 0 0 0 1 1 0 0 1 1 0 0 0 0 1 0 1
IND0117	1 0 0 1 0 0 0 0 1 0 1 1 1 0 0 0 0 0 0 1 1 1 1 1 0 1 0 0 1 1 0 0 1 1 0 1 0 0 0 1 0 0 0 0 0 0 1 0 1 1 1 0 1 0 0 1 0 1 0 1 0 1 0 1 0 1 0 1 0 1 1 0 1 0 0 1 0 1 1 0 1 0 1 0 1 0 0 0 0 0 1 1 1 0 1 1 1 1 0 1	0 1 0 1 0 0 0 0 1 0 0 1 0 0 1 0 0 0 1 1 1 1 1 1 1 1 1 0 0 0 0 1 0 0 1 1 0 1 1 1 1 1 0 0 0 1 0 1 1 0 1 1 0 1 0 0 1 0 1 0 0 1 1 0 1 1 0 0 0 1 1 0 1 0 1 0 0 1 1 1 0 0 1 0 1 0 1 1 1 0 0 1 1 1 1 0 0 1 0 0
IND0118	0 0 1 1 0 0 1 1 1 1 1 1 1 0 1 1 1 1 1 0 1 1 1 1 0 1 1 1 0 0 1 0 1 0 1 0 1 1 0 0 0 1 1 0 0 1 1 0 0 1 1 0 1 1 1 1 0 0 0 0 1 0 0 0 1 0 1 1 1 1 0 1 1 0 0 0 0 0 1 1 0 0 1 1 0 0 0 1 0 0 0 1 0 0 1 0 1 1 0 1	0 1 1 1 0 0 1 0 1 0 1 1 0 0 0 0 1 0 0 0 0 0 0 1 1 1 0 0 1 1 0 1 1 0 0 1 0 1 1 1 1 1 1 1 1 1 1 1 0 0 1 0 1 0 0 1 0 0 0 0 1 0 1 1 0 0 1 1 0 1 1 1 0 0 1 1 0 0 0 1 0 0 1 0 1 0 1 1 1 0 0 0 0 0 0 0 1 1 1 1
IND0119	0 1 1 1 0 0 1 1 0 0 0 0 1 0 0 0 1 0 0 1 1 0 0 0 1 1 0 1 1 1 0 0 0 1 1 1 1 0 0 1 0 0 1 0 1 0 0 1 1 1 0 1 0 0 0 1 0 0 0 1 1 0 1 0 1 0 1 0 1 0 1 1 1 1 1 1 0 1 1 1 0 1 1 1 1 1 0 1 1 1 1 0 1 1 0 1 1 0 1 0	1 0 0 0 0 1 1 1 1 0 1 0 1 1 0 0 0 0 0 1 1 0 1 1 0 1 0 0 0 1 1 0 1 0 0 1 0 0 1 1 0 0 1 1 1 0 0 1 0 1 0 1 1 0 0 1 0 0 0 0 0 0 0 0 0 0 0 1 1 1 0 1 1 0 0 1 0 1 1 1 0 1 1 1 0 0 0 0 1 1 0 1 0 0 0 0 0 0 0 0
IND0120	1 1 0 1 0 0 1 0 0 1 1 0 0 0 0 0 0 1 0 1 0 1 0 1 0 0 1 1 0 1 1 1 1 1 1 0 0 0 0 1 1 0 1 1 0 0 0 1 1 1 0 1 1 0 0 1 1 1 0 0 0 0 1 0 0 0 1 0 0 1 1 0 0 1 1 1 1 0 0 0 1 1 0 0 1 1 1 0 0 1 0 0 1 0 1 0 0 1 1 1	1 1 0 0 0 0 1 1 1 0 0 1 0 0 1 0 1 0 0 1 1 1 0 1 1 1 1 1 0 1 0 0 1 0 0 0 1 0 0 1 1 1 1 0 1 1 1 0 0 0 1 1 1 1 1 1 0 0 1 0 1 0 1 0 0 0 1 1 0 0 0 1 0 1 0 1 0 0 0 0 1 0 1 1 1 1 1 1 1 1 1 1 0 1 0 1 1 1 0 0
IND0121	0 0 1 1 0 1 0 0 0 0 1 0 0 1 0 1 0 1 0 1 0 0 1 0 1 1 1 0 1 0 0 1 0 0 1 0 1 1 0 0 1 0 0 0 1 0 1 1 0 1 1 1 0 0 1 0 0 0 0 0 0 0 0 1 0 0 1 1 1 1 0 1 1 0 0 1 1 1 0 1 0 0 0 1 0 1 1 1 1 1 1 1 1 1 1 0 1 0 0 0	1 0 1 0 1 1 1 0 0 0 0 1 0 0 0 1 1 0 1 0 0 1 0 0 0 0 0 1 1 0 1 1 1 0 0 1 1 1 0 0 0 1 1 0 0 1 1 0 1 1 0 1 0 1 1 1 1 1 1 0 1 0 0 1 1 0 1 1 1 1 0 1 1 1 0 0 0 1 1 0 1 1 0 0 1 0 0 0 0 1 1 1 1 1 0 1 1 0 0 1
IND0122	0 1 1 1 0 1 1 1 0 0 1 0 0 0 0 0 1 0 0 1 1 1 1 1 0 0 1 1 1 0 0 0 0 1 1 1 0 0 1 1 0 1 0 0 1 1 0 1 1 0 0 0 0 1 0 1 0 1 1 1 0 0 1 1 0 1 1 1 0 0 1 0 1 1 1 1 1 0 1 1 0 0 0 0 1 0 1 0 1 1 1 1 0 0 0 0 1 0 1 0	1 0 1 0 1 0 1 0 0 0 1 0 1 0 1 0 0 1 0 0 0 0 0 1 0 0 1 0 1 0 0 1 0 1 1 0 0 1 1 0 0 1 0 0 1 1 1 0 1 0 1 1 1 1 0 1 1 1 0 0 1 0 1 0 0 0 1 0 0 0 0 1 0 0 1 1 1 1 1 1 0 0 0 0 1 0 0 1 0 1 1 1 0 0 0 0 1 1 0 0
IND0123	0 1 1 0 1 1 0 0 0 0 0 0 1 0 0 1 0 1 1 0 0 0 0 0 0 0 0 0 0 1 1 0 1 1 1 1 1 0 0 0 1 1 0 0 1 0 0 0 1 0 1 1 1 0 0 0 0 1 0 1 1 0 1 0 0 0 0 1 0 0 0 1 0 1 1 0 1 1 1 1 0 0 0 0 1 1 1 1 1 1 0 0 0 0 1 1 1 0 1 0	1 0 1 0 0 1 1 0 0 0 1 1 1 1 1 0 0 1 1 1 0 1 0 1 0 1 0 1 1 1 0 1 0 1 0 0 0 1 0 1 1 1 0 1 0 1 1 0 0 0 0 0 0 1 1 1 0 0 0 1 1 0 1 1 0 0 1 0 0 1 1 1 1 0 0 0 1 1 0 1 0 0 0 1 1 1 1 1 0 0 0 1 0 1 1 0 0 1 0 0
IND0124	0 1 0 0 1 0 1 1 1 0 0 1 1 1 1 1 0 1 0 0 1 0 1 1 1 1 1 1 0 0 0 0 0 0 0 1 1 1 1 1 0 1 1 1 1 1 0 1 1 0 0 1 0 1 1 0 0 0 0 0 0 0 1 1 1 1 0 0 0 1 0 1 1 1 0 0 1 1 0 1 0 0 1 0 1 1 1 1 0 0 1 0 1 0 1 1 1 0 0 1	0 1 0 0 0 1 1 1 1 1 1 0 1 0 1 1 1 0 1 1 0 1 0 0 1 0 1 0 1 0 1 0 1 1 1 1 0 0 1 0 0 1 1 0 0 0 0 0 0 1 1 1 0 1 0 0 1 1 1 0 0 1 1 0 1 1 1 0 1 0 1 0 0 0 1 1 1 0 1 0 0 0 0 0 1 0 1 0 1 1 0 0 0 1 1 0 0 1 0 1
IND0125	0 0 0 0 0 1 1 0 1 0 1 1 1 0 0 1 1 1 1 1 0 1 1 1 1 1 0 0 1 1 0 1 1 0 0 1 1 0 1 0 0 0 1 0 0 1 1 0 1 0 0 0 0 1 0 0 1 1 0 1 0 1 1 0 0 1 1 1 0 1 1 1 0 1 0 0 1 1 0 0 0 0 1 0 0 1 0 1 1 0 0 1 0 1 1 0 0 0 1 1	0 0 1 0 0 1 1 0 0 0 0 1 0 1 1 0 0 1 1 1 0 0 0 1 1 0 0 1 0 1 0 0 1 0 1 1 0 1 0 1 1 1 1 0 1 1 1 0 0 0 0 0 1 1 0 1 0 0 1 1 0 0 0 0 1 1 1 1 0 1 1 0 0 0 1 0 0 0 0 0 0 1 0 0 1 1 1 0 0 0 1 1 1 0 1 1 1 1 0 0
IND0126	1 1 0 0 0 1 1 1 1 1 0 1 0 0 1 0 1 0 0 1 1 1 0 0 0 1 1 0 0 0 1 0 1 0 0 1 0 0 0 0 1 0 0 1 0 0 0 1 0 1 1 1 1 1 0 1 0 1 1 1 0 1 0 0 1 1 0 0 1 1 0 1 0 1 1 1 1 1 0 1 1 0 0 1 0 1 1 1 1 0 0 1 0 1 0 0 0 1 1 0	1 1 1 1 0 1 1 0 0 1 0 1 1 1 1 1 1 1 0 1 0 1 1 1 0 1 0 1 0 0 1 0 0 0 1 0 1 0 1 1 0 1 0 0 0 0 0 0 1 0 0 1 0 0 1 1 0 0 1 1 0 1 0 1 1 0 0 1 0 1 0 0 0 0 1 1 1 1 1 0 1 1 0 0 0 0 0 0 1 1 1 1 0 1 1 0 0 1 0 1
IND0127	0 1 0 0 1 0 1 0 0 1 0 0 0 1 1 1 1 0 1 0 1 0 0 0 1 0 1 0 1 0 0 1 0 0 0 0 1 1 1 1 1 0 1 0 1 1 0 0 1 1 1 1 0 0 1 0 0 0 1 0 1 1 0 1 1 1 0 1 0 1 0 1 1 1 1 1 0 0 0 0 1 1 1 0 0 0 0 0 1 0 0 0 1 1 1 1 0 0 1 1	0 1 1 0 0 0 0 1 1 0 0 1 0 0 1 1 1 1 1 1 0 0 1 1 1 0 1 1 0 1 0 1 0 0 1 1 1 1 1 1 1 1 0 0 0 1 0 1 1 0 1 1 0 0 0 0 0 1 0 1 0 1 0 0 0 1 0 1 0 0 1 0 0 1 1 0 1 0 1 0 1 1 1 1 1 1 1 1 1 1 1 1 1 1 0 0 1 1 1 1
IND0128	1 1 0 0 0 1 0 0 0 1 1 1 0 1 1 0 0 0 1 1 1 1 1 0 1 0 0 0 0 0 0 0 0 0 0 0 0 1 1 1 1 0 1 0 0 1 1 1 1 0 1 1 0 0 0 0 1 1 0 1 1 0 0 0 0 1 0 0 1 0 0 0 0 1 1 0 0 1 0 1 0 1 0 0 1 0 1 0 0 1 1 0 0 1 1 1 0 1 1 0	0 0 0 1 0 0 1 1 0 0 0 1 1 1 1 0 1 1 1 1 1 1 0 0 1 1 1 1 0 0 1 0 1 1 1 1 1 0 0 1 0 0 1 1 0 1 0 1 1 1 1 1 0 1 1 1 0 1 1 0 0 0 0 1 0 0 1 1 1 1 0 1 0 0 0 0 1 0 0 0 0 1 0 1 0 1 0 1 0 1 0 1 1 0 0 1 0 0 1 0
IND0129	0 0 0 1 0 1 0 0 0 1 1 1 1 1 0 1 0 1 0 1 1 1 1 1 0 1 1 0 0 1 0 1 0 0 1 1 0 1 0 1 1 1 0 0 0 0 0 1 0 1 0 1 1 0 1 0 0 1 0 0 1 0 0 0 1 1 1 0 1 0 1 1 0 1 1 1 0 0 0 0 0 0 1 1 0 1 0 0 0 1 1 0 0 0 0 1 0 0 0 1	0 0 1 1 1 0 1 1 1 1 1 1 0 1 0 1 1 1 1 1 1 1 0 0 1 0 1 0 1 0 1 0 0 0 0 0 0 0 0 1 0 1 1 1 0 0 0 0 1 0 1 1 0 1 1 1 0 1 0 0 0 0 0 0 0 1 0 0 0 1 0 1 0 0 1 1 0 0 0 0 1 0 1 1 1 0 1 0 0 1 1 0 0 0 0 0 0 0 0 0
IND0130	0 1 0 0 0 1 1 0 1 0 1 1 0 1 0 0 1 0 1 1 1 1 0 0 1 0 0 0 0 0 1 0 0 1 1 1 1 0 1 0 1 1 1 0 0 1 1 0 1 0 0 0 0 1 0 1 1 0 1 1 0 1 0 0 1 0 0 1 1 1 1 0 0 0 1 0 0 1 1 1 1 1 1 1 0 1 0 1 0 1 1 0 1 0 1 0 0 1 1 0	1 0 0 0 0 1 1 0 0 0 1 0 1 1 0 0 1 0 0 1 1 1 1 1 0 1 0 1 0 1 0 1 0 0 1 0 0 1 1 1 0 0 1 0 1 0 1 0 0 1 1 0 0 1 0 1 0 0 0 0 1 1 1 1 0 0 1 1 1 0 1 1 1 0 1 0 1 0 0 0 1 0 1 0 1 0 0 1 1 1 1 1 1 0 1 0 0 1 0 0
IND0131	0 0 1 0 1 1 0 1 0 1 1 1 1 0 0 1 0 0 1 0 1 0 0 1 0 0 0 1 1 1 1 0 0 1 1 0 1 1 0 1 1 1 1 0 1 0 0 1 1 0 0 1 0 0 0 1 0 1 0 1 1 0 1 0 1 0 0 0 0 1 1 0 1 1 1 1 0 1 1 1 0 0 0 0 1 0 1 0 1 1 1 1 1 0 0 0 1 0 0 0	1 0 1 0 1 1 1 1 0 0 0 0 1 0 1 0 1 0 0 1 0 1 1 0 1 0 0 1 0 0 0 1 1 1 0 0 0 1 1 0 1 0 1 1 1 1 1 0 0 0 1 1 1 0 1 0 0 1 1 1 1 0 0 0 1 0 0 0 0 1 1 1 1 0 0 1 0 1 1 0 0 1 1 0 1 1 0 0 1 0 0 0 0 1 1 1 0 1 1 1
IND0132	1 1 1 0 0 0 0 1 0 1 1 1 0 0 0 0 1 1 1 1 1 0 0 1 1 0 0 0 1 0 0 1 0 0 1 0 0 1 1 1 1 1 0 0 1 0 0 0 0 1 1 1 0 0 0 1 1 0 0 0 0 1 0 1 1 1 0 1 0 0 1 1 1 0 1 1 1 1 1 1 1 0 0 0 1 0 1 1 0 1 1 0 1 1 0 0 0 0 0 0	1 1 0 0 1 1 1 1 0 0 0 1 0 1 1 0 1 1 0 0 1 0 0 1 1 1 1 1 1 0 0 0 0 1 0 1 1 1 1 0 0 1 1 1 1 0 0 0 0 1 0 1 0 0 1 0 0 0 0 0 0 1 1 0 0 0 1 0 1 1 1 1 1 1 1 0 0 1 0 1 0 0 1 0 0 1 0 0 1 1 1 1 0 0 0 1 0 1 0 0
IND0133	1 1 0 1 1 1 1 1 1 0 0 1 1 1 0 1 0 1 0 0 1 1 1 1 0 0 0 1 0 1 1 0 0 1 1 1 0 0 0 1 1 1 0 0 1 0 0 1 1 0 0 1 1 0 0 0 0 0 0 0 1 0 0 1 0 0 0 1 1 0 0 0 1 0 1 0 0 1 0 1 1 1 1 1 1 0 1 1 1 0 0 0 1 1 0 1 1 1 0 1	0 0 1 0 0 0 1 0 0 1 0 1 0 0 0 0 0 0 0 0 0 1 0 0 1 1 1 0 1 0 0 0 0 1 1 0 1 0 0 1 1 0 0 0 0 1 1 0 1 1 1 1 1 1 0 0 0 0 1 0 1 0 1 1 1 1 0 0 0 1 0 1 1 1 1 1 0 0 0 1 0 0 0 0 1 0 1 0 0 0 1 0 0 0 0 1 0 1 1 0
IND0134	0 0 0 0 0 1 0 1 1 0 0 0 1 0 0 1 1 0 1 0 0 0 1 0 0 1 0 0 1 0 0 1 1 1 1 0 0 1 1 0 0 1 1 0 0 0 1 1 1 1 0 1 1 0 0 1 0 0 0 1 1 0 1 0 1 0 1 1 0 0 0 0 0 1 1 0 0 1 1 0 0 1 0 0 1 1 0 1 0 0 0 0 1 1 0 1 0 0 0 1	1 1 0 1 1 1 0 0 1 1 0 0 0 0 0 0 0 1 0 0 0 0 0 0 0 0 0 0 1 0 0 0 0 0 0 1 1 0 1 1 0 1 0 0 1 0 0 0 1 1 0 1 1 1 1 1 1 1 1 0 0 1 0 0 0 1 0 0 0 1 0 1 0 0 0 0 0 0 0 0 1 0 0 1 0 0 0 1 0 0 0 1 0 0 1 1 0 0 1 1
IND0135	1 1 1 0 1 0 1 0 1 1 0 0 1 1 1 0 0 1 1 1 1 1 1 1 0 0 1 1 0 0 0 1 1 0 0 1 0 1 1 0 1 1 1 0 0 1 0 0 0 0 0 0 0 1 1 1 1 1 1 1 0 1 0 1 1 1 1 1 1 0 1 1 1 1 1 1 1 0 0 0 0 1 1 1 0 0 1 1 0 1 1 0 1 0 0 0 1 1 1 1	0 1 0 0 1 0 0 1 1 0 1 1 1 0 0 0 1 0 1 0 0 0 0 0 1 0 1 1 1 0 1 0 1 0 0 0 0 0 0 0 0 0 0 0 0 1 1 0 1 0 0 1 0 0 0 1 1 0 1 0 1 0 0 1 1 0 0 0 1 0 1 1 0 1 0 0 1 1 0 1 1 0 0 0 1 0 0 1 0 1 1 1 1 1 0 0 1 0 1 1
IND0136	0 1 0 0 0 0 0 0 0 0 1 0 1 0 1 1 0 1 1 1 0 1 1 0 0 0 1 0 0 0 0 1 0 1 1 0 0 1 0 1 1 1 1 1 0 0 0 1 0 0 0 1 0 1 1 1 0 1 0 0 1 0 1 1 0 1 1 1 0 1 1 0 0 1 0 0 0 0 0 1 0 1 1 1 1 0 0 1 1 0 0 1 0 0 1 0 1 1 1 1	0 0 0 1 1 0 0 0 1 1 1 0 0 0 0 0 0 0 0 0 1 1 1 1 1 1 0 1 0 1 0 1 0 0 1 0 0 1 1 0 1 1 0 1 0 1 1 1 0 0 0 0 0 0 1 0 1 0 1 0 0 1 1 1 1 1 1 0 1 0 1 0 0 1 0 0 0 0 0 1 1 0 0 1 0 0 0 0 0 0 1 0 0 1 1 0 0 0 1 1
IND0137	0 1 1 1 1 0 1 0 0 1 0 0 1 1 1 1 1 0 1 0 0 1 1 1 1 0 0 1 0 1 0 0 1 1 0 1 1 1 0 0 0 0 0 1 0 0 1 1 1 0 0 0 0 0 1 1 0 0 0 1 1 0 0 0 1 0 1 1 0 0 1 1 1 0 0 0 0 1 1 1 1 0 1 0 1 0 1 0 0 0 1 0 0 0 0 0 1 0 0 0	0 1 0 0 0 1 0 1 0 0 1 1 0 0 0 1 0 0 1 1 0 1 0 0 0 1 0 1 1 0 1 1 0 1 0 0 0 1 1 1 1 1 1 0 1 0 0 1 1 1 0 0 1 0 0 1 1 1 1 1 0 1 0 1 1 0 1 1 0 1 0 0 0 1 1 1 1 0 1 0 1 1 1 1 1 1 0 0 0 0 0 0 0 0 0 1 1 0 0 1
IND0138	1 0 0 0 0 1 0 1 0 1 1 1 0 0 1 1 1 0 0 1 0 1 0 0 0 0 0 0 0 0 0 1 0 0 1 1 1 0 0 1 0 1 0 0 1 1 1 1 0 1 1 0 0 1 0 0 0 1 1 1 1 0 0 0 1 1 0 0 1 0 1 1 0 0 1 1 0 0 0 0 0 1 0 1 1 1 1 0 0 1 1 1 1 1 0 0 0 1 0 1	1 1 0 1 0 0 0 0 1 1 1 0 0 1 1 0 0 1 0 0 1 1 0 1 0 0 0 1 0 0 0 0 1 1 0 0 1 1 0 0 1 0 0 0 1 1 0 1 1 1 1 1 1 0 1 0 1 1 0 1 1 0 1 1 0 0 0 0 0 1 0 1 1 1 0 0 1 1 0 1 1 0 0 1 1 1 1 0 1 0 1 1 0 1 1 0 0 1 0 0
IND0139	0 1 0 1 1 1 1 0 1 0 1 0 0 0 1 1 1 0 1 1 1 1 1 1 0 0 1 0 0 0 0 0 1 0 0 0 0 1 1 1 0 1 0 0 0 0 0 1 1 1 1 0 0 0 1 0 1 1 1 1 1 1 1 0 0 0 1 1 1 1 1 0 0 1 1 0 0 0 0 0 1 1 1 0 0 1 1 1 1 1 1 1 1 1 1 0 0 0 0 0	0 0 1 0 0 1 1 1 1 1 0 0 1 1 1 1 1 1 0 0 1 0 0 0 0 1 1 0 0 1 0 0 0 0 0 1 1 0 0 0 0 0 1 0 0 1 1 0 0 0 0 1 0 0 0 0 0 0 0 1 0 1 0 0 0 0 1 0 0 1 1 1 1 1 0 1 1 0 0 0 1 1 1 1 0 1 0 0 1 0 1 1 1 0 1 0 1 0 0 0
IND0140	1 0 1 1 0 0 0 0 1 1 0 1 1 0 0 1 1 1 0 0 0 1 1 1 1 1 1 1 1 1 0 1 0 0 1 1 1 1 1 0 0 0 1 0 1 0 0 1 0 1 1 1 0 1 0 1 1 1 1 0 1 0 0 0 1 1 0 0 1 1 0 0 1 0 0 1 0 1 0 1 1 0 1 0 1 0 0 1 0 1 1 0 1 1 0 0 1 0 1 0	0 1 1 1 0 0 1 1 1 0 0 0 1 0 1 0 1 1 1 0 1 0 0 1 0 1 0 1 1 0 1 1 1 0 0 1 1 0 0 1 0 0 0 1 0 1 1 0 0 1 0 0 1 1 0 0 1 1 1 1 1 0 1 0 1 0 0 1 0 1 0 1 0 1 0 1 1 1 0 0 1 0 0 1 1 0 1 1 0 1 0 1 0 0 1 1 0 0 1 1
IND0141	1 0 1 1 0 1 0 1 0 0 0 1 1 0 0 1 0 0 1 0 1 1 0 1 0 0 0 0 0 1 0 0 0 0 1 0 1 1 0 0 0 0 1 1 0 0 1 1 0 0 0 0 1 1 1 1 1 1 0 0 1 1 0 0 1 0 0 0 1 1 0 0 0 1 1 1 0 0 0 1 1 1 1 1 0 0 1 1 0 1 0 1 1 0 0 1 1 0 0 1	1 0 0 0 1 0 0 1 1 0 0 0 1 1 0 1 0 1 0 1 0 0 1 1 0 0 1 0 0 0 0 0 0 1 0 0 0 1 1 0 0 0 1 0 1 1 0 1 0 1 0 0 1 0 1 0 1 1 1 1 0 0 0 1 1 1 0 0 0 1 1 0 1 0 0 1 0 0 1 0 0 0 1 1 0 1 1 1 1 1 1 1 0 1 1 1 1 1 1 1
IND0142	0 1 0 0 0 1 0 0 0 1 1 1 0 0 1 0 1 1 0 0 0 1 0 0 1 0 0 1 0 0 0 1 1 0 1 0 1 1 1 1 0 1 0 1 0 1 1 1 1 0 1 0 1 1 1 1 0 0 1 1 0 1 1 0 1 1 0 1 1 0 1 1 1 0 1 0 1 1 1 0 0 1 1 0 0 0 1 1 0 1 1 1 1 0 0 0 1 1 0 1	0 1 1 0 0 0 0 1 0 1 1 1 1 0 0 0 0 0 0 1 0 1 1 1 1 1 0 1 0 1 1 0 1 1 0 0 0 0 1 1 0 1 0 0 1 1 1 0 1 0 0 1 1 0 1 0 1 0 0 0 1 1 0 0 1 0 0 1 0 1 0 1 1 1 0 0 0 1 0 1 0 0 0 0 0 0 0 0 0 1 0 1 1 1 0 1 1 1 0 0
IND0143	0 1 0 1 1 0 0 1 0 0 0 0 1 0 1 0 1 0 0 1 1 1 0 0 1 1 1 0 1 1 1 1 0 0 1 1 0 1 1 1 0 1 0 1 0 0 0 0 1 1 0 1 0 0 1 1 0 1 0 1 1 0 0 0 0 1 1 0 1 1 0 0 0 1 1 1 0 0 1 0 0 0 0 1 0 0 1 0 1 1 0 0 1 0 1 0 1 1 0 1	1 1 1 0 0 0 0 0 1 1 1 1 0 0 0 1 0 0 1 0 1 1 0 1 1 0 1 0 0 1 0 1 0 1 1 0 0 0 1 0 1 0 1 1 1 0 1 1 0 1 1 1 0 0 1 1 1 1 1 0 0 1 1 1 1 0 1 0 1 0 1 1 0 0 0 1 1 1 0 0 0 0 1 0 0 1 0 0 1 1 0 0 1 0 0 0 0 1 1 0
IND0144	0 1 0 0 0 0 1 1 1 0 1 0 1 0 0 1 0 1 0 1 0 1 0 0 0 0 1 1 1 0 0 0 0 1 1 0 1 0 1 1 0 0 1 0 1 1 0 1 0 1 1 0 0 1 1 0 0 1 0 0 0 1 1 1 1 0 0 1 1 1 0 0 1 1 0 0 1 1 0 1 1 1 0 0 1 1 0 1 1 1 0 1 0 1 0 0 0 1 0 1	0 0 0 0 1 1 1 1 0 0 0 0 1 0 1 0 1 1 0 0 0 0 0 1 1 0 0 1 1 0 1 0 1 1 0 0 1 1 1 1 0 0 0 1 1 1 1 1 1 0 0 1 0 0 1 0 0 0 0 0 0 1 1 0 1 1 1 1 1 1 1 0 1 1 1 0 0 1 0 1 1 0 1 1 1 0 1 1 0 0 1 1 1 1 0 0 0 1 0 0
IND0145	1 0 1 1 1 0 0 1 0 1 1 1 0 0 0 0 0 1 0 1 1 1 0 1 0 1 1 0 1 0 1 0 1 1 0 1 1 1 0 1 0 1 1 1 1 1 1 1 1 0 0 0 0 1 1 0 0 1 1 1 0 1 1 1 0 0 1 1 0 0 1 1 0 1 0 1 0 0 1 1 1 1 1 1 1 1 0 1 1 1 1 1 1 0 0 1 1 0 1 1	0 1 1 0 0 1 1 0 1 0 1 0 1 1 0 1 0 1 1 1 0 1 0 0 0 1 0 0 0 1 0 0 0 0 1 1 0 1 1 1 1 0 1 1 1 0 1 0 1 1 0 1 0 1 1 1 1 1 1 0 0 0 1 0 0 1 1 0 1 0 0 0 0 0 0 1 1 1 1 1 1 0 0 1 1 1 1 0 0 0 0 1 1 1 0 1 0 1 0 0
IND0146	0 0 1 0 1 0 0 1 1 1 0 0 1 1 1 0 0 0 1 0 0 0 1 0 1 0 0 1 0 0 0 1 1 1 1 1 0 1 1 0 0 0 0 1 1 0 1 1 1 0 0 1 0 1 1 0 0 0 1 1 1 1 1 0 1 0 1 0 1 1 1 1 1 0 1 1 0 1 0 1 0 0 1 1 1 0 0 1 1 0 1 0 0 0 0 0 0 1 0 1	0 0 1 0 1 0 1 1 0 0 0 1 1 0 0 1 0 0 0 1 1 0 1 1 0 1 0 0 1 1 0 0 1 1 0 0 1 1 0 1 1 1 1 0 0 1 1 0 1 1 0 0 0 0 0 0 0 1 0 0 0 0 0 0 1 0 1 1 0 1 0 1 1 0 0 0 1 1 0 1 1 1 1 0 1 1 0 1 0 1 0 0 0 0 1 0 1 1 1 0
IND0147	0 1 1 0 1 0 1 1 0 0 0 0 0 0 0 0 1 1 1 0 0 1 0 1 1 1 0 0 0 0 1 1 1 0 1 0 0 1 0 1 1 1 1 0 0 1 1 1 1 0 0 1 0 0 0 1 0 0 0 1 1 0 1 1 0 1 0 1 1 1 1 1 1 1 1 0 0 1 1 1 0 1 1 0 1 1 0 0 1 1 1 0 0 1 0 1 0 0 0 1	1 1 1 0 1 1 0 1 0 0 1 0 1 1 0 1 0 1 1 0 1 1 1 0 1 0 1 1 1 1 0 1 0 0 1 0 1 0 1 0 1 1 1 0 0 0 1 1 0 1 1 0 0 1 0 1 1 0 1 1 1 1 1 1 0 1 1 0 0 1 0 1 1 0 1 1 1 1 1 0 0 1 1 1 1 0 1 0 0 1 1 1 1 0 1 1 1 1 1 0
IND0148	0 1 0 0 0 1 0 0 0 0 0 0 0 0 0 0 0 1 1 0 1 0 0 1 0 1 0 1 0 1 0 0 1 0 1 0 1 1 1 1 0 0 1 0 0 0 0 0 0 1 1 1 0 0 1 0 0 0 1 0 1 1 1 1 1 0 0 1 0 1 1 1 0 1 1 0 1 0 0 0 0 1 0 1 1 0 0 0 0 1 0 0 0 0 1 0 1 1 0 1	0 0 0 1 0 1 1 0 0 0 0 1 0 0 1 0 0 1 1 0 0 1 0 0 1 0 1 1 1 0 1 1 0 1 1 0 1 1 0 0 0 0 1 0 0 1 1 1 1 1 1 1 1 0 0 0 0 1 1 1 1 0 0 1 1 1 0 1 1 1 1 1 0 1 0 1 1 0 0 1 1 1 0 0 0 0 0 1 0 0 0 1 0 0 0 0 1 0 1 1
IND0149	1 1 1 0 1 1 1 0 1 1 1 0 1 0 1 1 1 1 1 1 1 0 0 0 0 0 1 0 1 1 0 1 1 1 0 0 1 1 0 0 0 0 0 1 0 1 0 0 0 0 0 1 1 1 0 0 1 1 0 0 1 0 1 1 1 1 0 1 0 1 0 1 0 1 0 1 1 0 1 0 0 0 0 1 1 0 0 1 0 0 1 1 0 1 0 1 0 1 0 0	0 1 1 0 1 1 1 1 1 1 1 1 1 1 1 1 1 1 0 0 1 0 1 0 1 0 0 0 0 1 0 1 1 0 1 0 0 1 0 0 1 1 0 1 1 0 0 0 1 1 0 1 0 1 0 1 0 1 1 0 1 0 1 1 0 0 1 1 1 0 0 0 1 0 0 0 0 1 1 1 1 0 0 0 1 0 0 0 1 1 0 0 1 0 0 0 0 0 0 1
IND0150	1 0 1 0 1 1 0 0 0 1 1 1 0 1 1 0 0 0 1 1 0 0 1 0 1 0 0 0 1 0 1 1 0 1 0 0 1 1 0 1 0 0 0 0 1 0 1 0 0 0 0 0 1 1 1 1 1 1 0 0 1 0 0 1 0 1 1 0 0 1 0 1 1 1 0 1 1 0 0 1 0 0 1 1 1 0 0 1 0 0 0 0 1 1 1 0 1 1 0 0	0 1 0 1 1 0 1 0 1 1 1 0 0 1 1 1 1 1 1 1 1 1 1 0 1 1 0 1 1 0 0 1 0 1 1 0 0 0 1 0 0 0 1 1 0 1 0 0 1 1 1 0 0 1 0 0 1 1 0 1 0 0 1 1 0 0 1 0 0 0 0 1 1 0 1 1 0 0 1 1 1 1 0 0 1 0 1 1 1 0 0 1 1 1 1 0 0 1 1 0
IND0151	0 0 0 0 1 1 0 0 0 1 0 0 0 1 0 1 0 1 1 1 1 1 0 1 1 0 0 0 0 1 0 0 1 1 0 0 0 0 1 1 1 0 1 0 0 0 1 0 0 0 0 1 0 0 0 1 1 0 1 0 1 1 1 0 0 0 0 0 1 1 0 0 1 0 1 1 1 1 1 1 1 1 0 1 1 0 0 1 0 0 1 1 1 0 0 0 1 1 0 1	1 0 1 1 0 1 1 0 0 1 0 1 1 0 0 0 1 0 1 0 1 0 0 0 0 1 0 1 1 0 1 1 1 1 0 0 1 1 0 0 1 0 1 1 1 1 0 1 0 1 1 0 0 1 0 1 1 0 1 1 1 1 1 0 0 0 0 1 0 1 1 0 1 1 1 0 0 1 1 1 0 0 1 1 1 1 1 1 0 1 1 0 1 0 0 0 1 1 1 0
IND0152	1 1 0 1 1 1 1 1 1 1 0 1 1 0 0 0 1 1 1 0 0 1 1 0 1 0 1 1 1 0 1 0 1 0 1 0 1 1 1 1 1 1 0 1 1 1 0 1 1 1 0 1 0 1 1 1 0 0 0 0 1 0 0 1 1 1 0 1 0 1 1 1 0 1 0 1 1 0 0 0 1 1 1 1 1 1 0 0 0 0 1 1 1 0 0 0 0 1 0 1	0 1 1 0 1 1 0 1 0 0 0 1 1 0 0 0 1 0 0 0 1 1 1 1 1 0 1 0 0 0 1 1 0 1 1 0 0 1 1 1 1 0 1 0 1 1 1 1 0 1 0 1 0 1 0 1 1 1 1 1 1 1 1 0 1 0 1 1 1 1 0 1 1 1 0 0 0 1 1 1 0 1 0 1 1 0 0 0 1 1 0 0 1 0 0 1 0 0 0 0
IND0153	0 0 1 1 0 1 1 1 1 1 1 0 0 0 1 1 0 1 0 0 1 0 0 0 1 1 1 1 0 0 1 1 1 0 0 0 1 1 1 1 0 1 1 1 1 0 1 1 1 1 0 0 1 0 1 0 1 1 0 1 0 1 0 1 1 0 0 1 1 1 0 1 1 1 1 1 0 0 1 0 1 1 1 0 1 0 1 1 0 1 0 0 0 1 1 0 1 0 1 1	1 0 1 0 0 1 0 1 0 0 1 1 1 0 0 0 1 0 0 0 1 0 1 1 0 1 0 0 1 0 1 1 1 1 1 0 1 1 1 1 0 0 1 0 1 0 1 0 0 0 0 1 0 1 1 1 1 1 1 1 0 1 0 0 0 0 1 1 1 0 1 1 0 0 1 0 1 1 1 1 1 1 0 0 0 0 0 1 1 1 0 1 0 0 0 0 1 1 0 1
IND0154	1 1 0 0 0 0 0 0 1 1 0 0 1 0 1 1 1 0 0 1 1 1 1 1 1 1 1 0 1 0 0 0 1 1 0 1 1 1 1 1 0 0 0 0 0 1 0 0 0 0 0 1 0 0 0 1 1 0 0 1 0 1 1 1 0 1 0 1 0 1 0 1 0 0 0 0 0 0 0 1 0 1 1 1 0 1 1 1 0 1 1 0 0 1 1 0 1 1 1 1	1 1 0 1 0 1 1 1 1 1 0 0 0 1 0 1 0 0 1 0 0 0 0 0 1 1 1 0 1 1 1 0 1 0 0 0 0 0 1 0 1 0 1 1 0 1 0 0 1 1 0 0 0 0 0 0 1 1 0 1 0 1 1 0 1 1 0 0 0 0 0 1 0 0 0 0 1 0 1 1 0 1 0 0 1 0 1 1 1 0 1 1 0 1 0 1 1 1 1 1
IND0155	0 0 1 0 1 0 1 1 0 1 1 1 0 0 1 0 0 0 1 1 1 1 0 1 1 0 1 0 0 1 1 0 0 1 0 1 1 0 1 0 1 0 1 0 1 1 1 0 1 1 0 1 1 0 0 0 0 0 1 1 1 0 1 0 0 1 1 0 1 0 1 0 1 1 0 1 1 1 1 0 1 1 1 0 1 0 0 1 1 1 1 0 0 0 0 1 0 1 1 0	1 0 0 1 0 0 1 1 1 1 1 0 0 0 0 0 1 0 1 1 1 1 0 1 0 0 1 1 1 1 0 0 0 1 0 1 0 0 1 1 1 1 1 0 1 0 1 1 1 0 1 1 0 1 0 1 1 0 0 0 0 1 0 1 0 1 0 0 0 1 1 0 1 0 0 1 0 0 1 1 0 0 0 0 0 0 0 1 1 1 1 0 0 0 0 1 0 1 1 0
IND0156	1 0 0 1 0 1 0 1 0 1 1 1 1 0 1 1 0 0 0 1 0 0 0 0 0 1 0 0 1 0 0 1 1 1 0 1 1 0 0 1 1 1 1 1 0 1 1 1 1 0 0 1 1 1 1 0 0 0 1 1 1 0 0 1 0 0 1 1 0 1 0 1 1 0 1 1 0 0 1 0 1 1 0 0 0 0 0 0 1 1 1 0 0 0 1 0 1 0 1 0	1 0 0 1 1 1 1 1 1 1 0 1 1 1 0 1 0 0 0 1 0 1 1 1 0 0 1 1 1 1 0 1 1 1 1 0 1 1 1 0 1 0 0 1 0 1 1 1 1 1 0 0 1 0 0 0 1 0 1 0 0 0 1 0 1 1 0 1 1 0 0 1 0 1 1 0 1 1 0 1 1 1 0 1 0 0 0 0 1 1 1 0 1 1 1 1 1 1 0 0
IND0157	0 1 1 1 1 0 0 1 0 1 1 1 0 0 1 0 1 0 1 0 0 0 1 0 1 1 1 1 0 0 1 1 0 1 1 0 0 0 1 0 1 0 0 0 1 1 0 0 0 1 1 1 1 0 0 1 1 0 0 0 1 1 0 1 1 0 0 0 1 0 1 1 1 1 0 1 0 1 1 1 1 1 0 1 1 0 0 1 0 0 1 0 0 1 1 1 0 1 1 0	1 1 1 1 0 1 0 0 0 1 0 0 1 0 1 1 1 1 0 0 1 0 0 0 0 1 1 1 1 0 0 0 0 1 1 0 0 1 0 0 0 0 1 1 0 0 0 1 0 0 1 1 0 0 0 1 1 0 0 0 0 0 1 1 0 1 0 0 0 0 1 0 0 1 1 0 1 0 0 1 1 0 1 1 0 1 0 0 0 0 1 0 1 1 1 0 0 1 1 0
IND0158	1 1 0 1 0 0 0 0 1 0 1 0 0 0 1 0 1 1 0 1 1 0 1 1 0 1 0 1 1 1 1 1 1 1 0 0 0 0 1 1 0 0 1 1 0 1 0 1 0 0 0 0 1 1 0 1 1 0 1 1 0 1 0 0 0 0 0 0 0 0 0 0 1 1 1 0 0 0 0 1 1 0 1 1 0 0 0 1 0 1 0 0 1 1 1 1 1 0 0 1	0 1 1 0 1 0 0 0 0 1 1 0 1 0 0 1 0 1 0 1 1 1 0 1 0 0 0 0 0 0 1 1 0 1 0 0 0 1 0 0 1 0 1 0 0 1 0 0 0 1 1 1 0 1 1 0 0 0 0 1 0 1 1 0 0 1 1 0 1 1 0 1 1 1 0 0 0 1 0 0 0 1 0 1 1 1 0 1 0 1 1 1 0 1 0 1 1 0 1 1
IND0159	0 0 0 1 1 1 1 0 0 1 0 0 1 0 0 0 0 1 1 1 1 0 0 0 0 1 1 1 1 0 0 0 0 0 0 1 1 0 1 0 1 0 0 1 1 1 0 1 1 1 0 1 0 0 0 0 0 0 0 1 1 0 1 0 1 0 0 0 1 0 0 0 0 1 0 0 0 1 1 0 1 1 1 1 0 1 1 0 1 0 0 0 0 0 1 1 0 0 0 0	1 1 1 0 1 0 0 0 0 1 0 0 1 1 0 1 0 1 1 0 1 1 1 0 1 0 1 1 0 0 0 1 0 0 0 1 0 0 1 1 0 0 0 1 1 1 0 0 0 0 1 0 1 1 0 1 1 0 0 1 0 0 1 0 1 1 0 1 0 0 1 1 0 1 0 0 1 1 1 0 1 1 1 0 1 0 1 1 1 0 1 1 1 1 0 0 0 1 1 1
IND0160	1 0 1 0 1 0 1 1 1 0 0 1 0 1 1 0 0 1 0 1 0 1 0 0 1 1 1 0 0 0 0 1 1 0 1 0 1 0 1 1 0 0 0 1 1 1 0 1 1 1 0 0 1 0 0 0 0 1 1 0 1 0 1 1 0 1 1 0 0 0 0 1 1 0 1 0 1 1 0 1 1 0 0 0 1 1 1 1 1 1 1 0 0 0 0 0 1 0 0 1	0 0 0 1 0 1 0 0 0 1 1 1 1 1 1 1 1 0 0 0 1 0 1 0 0 1 0 0 0 0 1 0 1 0 0 1 1 0 1 1 1 0 0 0 0 1 0 0 0 0 1 1 1 0 1 1 1 0 0 1 1 0 1 0 0 0 1 0 1 1 0 1 1 0 0 0 1 0 0 0 1 1 1 1 0 0 1 0 1 0 0 1 1 1 1 0 1 1 1 1
IND0161	1 0 1 0 1 0 1 1 0 0 0 1 0 0 1 0 1 0 0 1 1 1 0 0 1 0 1 0 1 0 0 0 1 1 1 1 0 0 0 1 0 1 1 0 1 0 0 0 1 1 1 0 0 1 0 0 0 1 0 1 0 1 0 1 0 0 0 0 1 0 1 0 1 1 0 1 1 1 1 1 0 1 0 0 1 1 0 0 0 1 0 0 0 1 1 1 1 0 1 0	0 1 0 0 0 0 1 0 0 0 0 0 0 0 0 1 1 0 0 1 1 0 0 1 0 0 1 1 0 0 0 0 1 1 0 0 1 1 1 0 1 0 1 0 1 0 0 0 1 0 0 0 1 1 0 0 0 1 0 0 0 0 1 0 0 1 0 0 0 0 1 0 1 0 1 0 1 1 1 1 1 1 0 1 0 0 1 1 1 0 1 1 0 0 1 1 0 1 0 0
IND0162	1 0 1 0 1 0 1 1 1 0 0 0 1 1 1 1 1 0 1 1 0 0 1 1 1 0 0 1 1 1 0 0 0 1 0 0 0 0 1 1 0 1 0 1 0 1 0 1 1 0 0 1 0 0 0 1 0 1 0 1 1 1 0 0 1 1 1 1 1 0 0 0 0 1 1 1 1 1 0 1 0 1 0 1 1 1 1 1 1 1 1 1 1 0 0 0 0 0 0 0	0 0 1 0 1 1 1 0 1 1 1 1 0 0 1 1 0 1 1 1 0 1 0 1 0 1 1 1 0 1 1 1 1 1 1 0 0 0 0 1 1 1 0 0 1 0 1 1 1 0 1 0 0 1 1 1 1 0 0 0 0 1 1 0 1 1 1 1 0 0 1 1 1 0 1 0 0 1 0 0 1 1 0 0 1 1 1 1 1 1 1 1 0 0 1 1 1 1 0 0
IND0163	0 0 1 0 0 1 1 0 0 1 1 1 1 1 1 0 0 1 0 0 0 1 1 0 1 0 0 0 1 0 0 0 0 1 1 1 0 0 1 1 0 1 0 0 0 0 1 0 1 1 1 1 1 1 1 1 1 0 1 1 1 1 1 1 0 1 0 1 1 0 0 0 0 0 1 1 1 1 0 1 1 0 0 0 0 0 0 1 1 1 1 0 0 0 1 1 1 0 1 0	1 0 0 1 0 0 0 1 0 0 0 0 1 0 1 0 0 1 1 0 0 0 1 0 0 0 1 0 0 1 1 1 1 0 0 0 1 0 1 1 0 0 1 0 0 0 0 1 0 0 1 0 0 0 0 1 1 1 0 1 0 0 0 0 1 1 1 0 0 0 0 0 0 1 0 1 1 1 0 0 1 1 1 1 1 1 1 0 1 1 1 0 1 0 0 1 0 1 0 1
IND0164	0 1 0 1 1 1 0 1 1 0 1 1 1 0 0 0 1 1 1 0 0 1 1 1 0 1 1 1 1 0 0 0 1 0 1 0 1 1 0 1 0 0 1 0 0 1 0 1 1 1 0 1 1 1 1 1 1 0 0 1 1 0 0 1 0 0 1 1 0 1 1 0 1 1 0 0 0 0 1 0 1 0 0 1 0 0 0 1 1 0 0 0 1 1 1 1 1 0 0 0	1 0 1 1 0 0 1 1 1 0 0 1 0 0 0 1 0 0 1 0 0 0 0 0 0 1 1 1 1 1 1 0 0 0 1 0 1 1 0 0 0 0 0 0 0 1 1 0 1 1 0 0 0 0 1 1 1 0 0 0 1 1 1 0 1 1 1 0 0 1 0 0 0 1 0 0 0 1 1 0 1 1 0 0 1 1 1 0 1 1 0 1 0 0 1 0 1 1 0 1
IND0165	0 0 0 0 0 1 1 1 1 0 0 0 1 1 1 1 0 1 1 1 1 1 0 0 0 1 0 0 1 1 1 0 1 1 1 0 0 0 1 1 0 0 1 1 1 0 0 1 1 1 1 1 1 0 0 0 0 0 1 1 1 0 1 1 0 1 0 1 1 0 0 0 0 1 1 1 1 0 0 1 0 1 0 1 0 1 1 0 1 0 0 1 1 0 1 0 0 0 0 1	1 0 1 0 1 0 0 0 1 0 1 0 0 0 1 1 0 1 0 0 0 0 1 1 0 1 1 1 1 1 1 0 0 0 0 1 0 1 0 1 1 1 1 1 0 0 1 1 1 1 0 1 0 1 0 1 1 1 0 1 0 0 0 0 0 1 1 0 1 0 0 0 1 0 1 0 1 0 0 1 0 1 1 0 1 0 0 1 1 1 1 0 1 0 0 0 0 0 1 0
IND0166	1 0 0 1 1 0 1 0 0 0 1 0 1 0 1 0 1 0 0 1 0 1 1 0 1 1 1 0 0 1 1 0 0 0 0 0 0 0 1 0 1 1 0 1 1 0 1 0 0 1 1 0 0 1 1 1 1 0 1 1 0 1 1 0 1 0 1 1 0 1 0 0 1 0 1 0 1 1 1 1 0 1 1 1 0 0 1 1 1 0 0 1 0 0 1 1 1 1 0 1	1 0 1 0 0 1 1 1 0 1 1 1 0 0 0 1 1 0 1 1 1 0 0 0 0 1 1 0 1 1 1 1 0 1 0 1 0 1 1 1 1 1 1 0 1 1 0 1 0 1 0 0 0 0 0 1 0 1 0 0 1 0 1 0 0 1 1 0 1 1 1 1 0 0 0 0 1 0 1 0 0 1 1 0 1 1 1 1 0 1 1 0 1 1 0 1 1 1 1 1
IND0167	0 1 0 1 0 0 0 1 1 0 1 0 1 0 0 0 1 1 0 1 0 1 0 1 1 1 0 0 0 0 0 0 0 1 0 0 1 0 1 0 1 1 1 0 1 0 0 0 0 1 0 0 0 0 1 0 1 1 0 1 1 1 0 1 1 1 0 0 1 0 0 0 0 1 1 0 0 1 1 0 1 0 1 0 1 0 0 0 0 0 1 0 0 1 0 0 0 1 0 0	0 0 1 1 1 0 0 1 1 0 1 0 0 1 1 1 0 1 0 0 1 1 0 0 1 0 1 1 1 0 0 0 0 0 1 1 1 1 1 1 1 0 0 1 1 0 1 1 0 0 0 1 0 1 1 0 1 1 1 1 1 1 0 1 1 0 0 1 1 0 1 1 1 1 1 1 1 0 1 1 0 0 0 0 0 0 0 1 0 1 0 1 0 0 0 0 0 1 0 0
IND0168	1 0 1 0 0 0 0 1 1 1 1 0 1 0 0 1 1 0 0 1 0 1 1 0 1 1 0 0 0 0 1 1 0 0 1 0 1 1 0 0 0 1 1 1 0 0 1 0 1 0 1 0 0 1 0 0 1 0 0 1 0 0 0 1 0 0 1 0 1 1 0 0 0 1 1 1 0 1 1 1 1 0 1 0 0 1 1 1 0 1 0 1 0 0 0 1 0 1 1 1	1 1 1 0 1 1 0 0 1 0 1 0 0 0 1 1 1 1 1 1 1 0 1 0 1 0 1 1 0 1 0 0 1 0 0 1 0 1 1 0 0 1 0 0 1 1 0 1 1 1 0 1 0 1 1 1 0 1 0 1 1 1 1 1 0 0 1 1 0 1 0 1 0 0 0 0 1 0 0 0 0 1 1 1 0 1 1 0 0 1 0 0 1 0 1 1 0 1 1 1
IND0169	0 0 0 0 0 1 1 0 0 1 0 0 0 1 1 0 1 0 0 1 0 0 1 0 1 1 0 0 1 0 0 1 1 0 0 0 0 1 1 0 0 0 0 1 0 0 0 1 0 0 1 0 0 0 1 1 1 0 1 0 1 1 0 0 0 1 0 0 1 0 1 1 0 0 0 1 0 0 1 1 0 1 0 1 1 0 1 0 1 1 1 1 1 0 1 1 0 0 0 0	0 1 1 1 1 0 1 0 0 1 1 1 1 1 0 1 1 0 0 1 0 0 0 1 0 0 0 1 1 0 1 0 0 0 0 1 0 0 1 0 1 1 0 0 1 0 0 1 1 1 0 1 1 0 1 0 1 0 0 1 1 0 0 1 0 1 1 1 1 1 0 1 1 1 0 1 0 1 0 1 1 0 1 1 0 0 0 1 0 0 0 1 0 1 0 1 0 1 1 1
IND0170	0 0 1 0 1 1 1 0 0 1 1 1 1 0 0 0 1 0 1 1 1 0 0 1 1 0 0 0 1 0 0 0 1 0 0 1 0 1 0 0 1 1 1 0 1 0 0 0 1 0 1 1 1 1 0 0 1 0 1 0 1 1 1 0 0 0 1 0 1 0 0 1 0 1 1 0 1 1 0 0 1 1 0 1 0 1 0 1 0 1 1 0 1 1 1 1 0 1 0 1	0 0 0 0 0 1 1 1 1 1 1 0 1 1 0 0 1 0 0 0 1 1 0 0 0 0 0 0 0 0 1 0 0 0 0 0 0 1 0 1 0 1 1 1 0 1 0 1 0 0 1 1 1 1 1 0 1 1 0 0 1 0 0 0 1 1 0 1 0 0 0 1 0 0 0 1 0 1 0 1 1 0 1 0 1 0 1 0 1 0 0 1 0 1 0 1 1 1 1 1
IND0171	0 0 0 1 1 1 0 0 0 0 0 1 1 1 0 0 0 0 1 0 0 1 0 0 1 0 1 0 0 1 1 0 1 0 1 1 0 0 0 0 0 1 0 1 0 1 0 1 1 0 0 0 1 1 0 1 0 0 1 0 0 0 1 1 1 0 1 0 1 0 1 1 1 0 1 1 0 0 0 0 0 0 1 0 0 1 1 1 1 1 1 1 0 1 0 1 0 0 1 0	1 0 0 0 0 1 1 1 0 1 0 0 0 0 0 1 1 1 1 1 0 1 0 1 0 0 0 0 1 0 0 0 1 1 0 0 1 1 0 0 0 0 1 0 1 1 0 1 1 0 1 0 1 0 1 1 1 1 1 1 1 1 1 0 1 0 0 1 1 0 1 1 1 1 0 1 0 1 0 0 1 0 0 0 0 0 0 0 0 1 0 0 0 0 0 1 1 1 0 0
IND0172	0 0 1 0 1 1 0 0 0 1 1 0 0 0 1 0 1 1 1 1 0 1 1 0 1 0 1 1 1 0 1 1 1 1 1 1 1 0 1 0 0 0 0 0 0 1 1 0 1 0 1 1 0 1 1 1 0 0 0 0 1 1 1 0 0 0 0 1 1 1 1 1 0 0 1 0 0 1 0 1 1 0 1 0 1 1 0 1 0 1 1 0 0 0 0 1 1 0 0 1	1 1 1 0 1 0 0 0 1 1 1 1 1 1 0 1 1 1 0 0 1 1 0 1 1 1 1 0 1 0 0 1 1 0 1 1 0 0 0 1 1 0 0 1 0 1 0 0 1 0 1 1 1 1 1 1 0 0 1 0 0 0 1 1 0 1 1 0 0 0 1 1 1 0 0 0 0 1 0 1 1 1 1 0 0 1 0 0 1 0 0 0 0 1 0 0 0 0 0 0
IND0173	1 0 0 0 0 1 1 0 0 0 1 0 1 0 1 1 1 1 1 1 1 0 1 1 0 0 0 0 0 1 0 1 1 0 0 0 0 0 0 1 0 0 0 1 0 1 0 0 0 1 1 0 0 0 1 1 1 0 0 1 1 0 0 1 0 0 0 1 0 0 0 1 0 1 0 1 1 1 1 0 0 1 0 1 0 1 1 0 1 1 0 1 0 1 0 0 0 1 0 1	1 0 1 0 0 1 1 1 0 0 0 1 1 0 1 1 0 0 1 1 0 1 1 1 1 0 1 1 0 0 0 0 0 1 0 1 0 0 0 1 1 0 0 0 0 0 1 0 1 1 0 1 1 0 1 1 0 0 1 1 0 0 0 1 0 1 0 1 1 1 0 0 0 1 1 0 0 0 0 1 0 0 0 0 1 0 1 1 0 0 0 0 1 0 0 0 1 0 0 1
IND0174	0 1 1 0 1 1 1 0 0 0 1 1 1 0 0 1 0 1 0 0 0 1 1 0 1 0 1 1 0 1 1 0 0 0 0 0 1 1 1 0 0 0 0 1 0 0 1 1 1 1 1 0 1 1 1 1 1 1 1 1 0 0 1 1 0 0 1 1 1 1 0 0 1 1 1 1 1 1 1 1 1 1 1 0 1 1 0 1 1 1 0 1 0 1 0 1 1 1 0 0	1 0 0 1 1 1 1 0 0 0 0 1 1 1 0 0 1 0 1 0 1 0 0 1 1 0 1 0 0 1 0 1 1 0 0 1 0 1 1 1 1 0 1 1 0 1 0 0 0 0 1 0 1 1 1 1 0 0 0 1 0 0 1 1 0 1 0 0 1 0 1 0 0 1 1 0 1 1 1 1 1 0 1 1 0 0 0 0 1 1 1 1 0 0 1 0 0 1 1 1
IND0175	1 1 1 1 0 1 1 1 1 1 1 1 0 0 0 0 1 0 1 1 0 0 0 0 0 1 0 1 0 0 0 0 0 0 1 0 1 0 1 0 0 1 1 0 0 1 0 0 1 0 1 1 1 1 1 1 0 0 0 1 0 1 1 0 1 0 0 0 0 1 1 0 1 1 1 1 0 0 1 0 1 1 1 1 0 1 0 0 1 1 1 1 0 0 0 0 1 1 1 0	1 0 0 0 0 0 1 0 1 0 0 1 1 1 1 1 0 1 1 1 0 1 0 0 0 1 0 0 0 1 0 0 1 0 1 0 0 0 1 1 0 1 1 0 1 0 0 1 1 1 0 1 1 1 1 0 0 1 0 0 0 0 1 1 0 0 1 1 0 1 1 1 0 1 1 0 1 0 1 1 1 1 0 0 0 0 0 1 0 1 0 1 0 1 0 0 0 0 1 0
IND0176	0 1 1 0 0 0 1 1 1 1 0 0 1 0 0 1 0 0 0 1 1 1 0 1 0 0 0 1 0 1 1 1 1 1 1 0 0 0 0 1 1 0 1 0 1 0 1 1 0 0 1 1 0 1 1 0 0 1 0 0 0 0 0 0 1 1 0 0 1 0 1 1 1 0 0 0 0 0 1 0 0 0 0 1 0 1 0 0 0 1 1 1 1 0 1 1 0 1 0 1	0 0 1 0 1 0 0 0 1 1 1 1 1 0 1 0 0 0 0 0 1 1 1 1 1 0 0 0 0 1 0 0 1 1 1 0 1 0 0 0 0 0 1 0 0 1 1 0 0 0 1 1 1 0 0 1 1 0 0 1 1 1 0 0 0 0 1 0 1 0 0 1 0 0 0 1 0 1 0 0 0 0 0 0 0 1 0 1 1 1 1 0 1 0 0 0 1 1 1 1
IND0177	0 0 1 1 0 0 0 0 1 1 1 0 1 1 1 1 0 1 1 0 1 0 0 0 1 1 1 0 0 1 0 0 1 0 1 1 0 1 0 0 0 1 1 1 1 0 1 1 1 0 1 0 0 1 1 0 0 0 0 1 1 1 0 0 1 1 1 0 0 0 1 0 1 0 0 0 1 1 0 0 1 1 1 1 1 0 1 1 0 1 0 0 0 1 1 0 1 0 0 0	1 1 0 1 0 1 0 1 0 0 1 0 0 1 1 1 1 1 1 1 1 0 1 1 1 0 0 0 1 0 0 1 0 1 1 0 1 0 1 0 1 1 1 0 1 0 0 0 0 1 1 1 0 1 0 0 0 0 0 1 1 1 0 1 0 0 1 0 1 0 1 0 0 1 0 0 0 1 0 0 1 0 1 0 0 0 1 1 0 1 1 0 0 0 1 0 0 1 0 1
IND0178	0 0 1 1 1 1 1 0 0 0 0 1 1 1 1 0 0 1 1 1 0 1 0 1 0 0 0 1 0 0 1 0 0 0 0 1 0 0 1 1 0 0 1 0 0 0 1 1 1 0 0 0 1 0 0 1 0 1 0 0 0 1 1 0 1 0 1 1 0 0 1 0 1 0 0 0 0 1 1 1 1 0 0 1 1 0 0 1 0 1 1 1 0 0 0 1 1 1 0 0	1 0 0 0 1 1 1 0 0 0 0 0 1 0 1 0 0 0 0 0 1 0 1 0 0 1 1 0 1 1 1 1 0 1 0 1 0 1 1 1 1 0 1 0 0 0 1 0 0 0 0 1 1 0 0 0 0 0 0 1 1 0 0 1 1 1 1 1 1 1 1 0 1 1 1 1 0 1 1 0 0 1 1 1 1 1 1 1 0 0 1 0 0 0 1 1 1 1 0 0
IND0179	0 0 0 0 0 0 1 1 0 0 1 0 1 0 0 1 0 1 0 0 0 0 0 1 0 0 0 0 1 1 0 0 0 0 1 0 0 1 0 0 0 0 1 1 1 0 1 1 0 1 0 1 0 0 0 0 1 0 1 0 0 0 1 0 0 0 1 0 0 0 0 0 0 1 1 0 1 1 1 1 0 1 1 1 1 0 1 0 1 0 0 0 1 1 0 1 1 0 1 1	0 1 1 0 1 1 0 1 0 0 1 1 0 1 0 0 0 1 0 0 0 0 0 1 0 1 1 0 0 1 1 0 1 0 1 1 0 1 1 0 1 1 1 1 1 1 0 1 0 0 0 0 0 0 0 1 0 1 0 0 1 1 1 0 0 0 1 0 0 0 0 0 1 1 1 1 0 1 1 0 1 0 0 1 0 1 1 1 1 0 0 1 1 0 0 0 0 1 0 1
IND0180	0 0 1 1 1 1 1 1 0 1 0 0 0 0 0 0 1 1 1 1 1 1 1 0 1 1 0 1 1 1 1 0 0 1 1 1 1 0 0 0 0 1 0 0 0 1 1 1 0 0 0 1 1 0 0 1 0 0 1 0 1 0 0 1 0 1 1 0 1 0 0 0 1 1 0 0 1 1 0 0 1 1 1 1 1 0 1 1 0 0 1 1 0 1 0 0 0 1 1 0	0 1 1 1 1 0 0 0 1 0 1 0 1 1 0 1 0 1 0 0 0 0 0 0 0 0 1 0 0 0 0 1 0 0 0 0 1 0 0 0 0 1 1 0 0 1 1 0 1 0 0 1 0 0 0 1 0 1 1 0 1 1 1 1 1 1 0 0 0 1 0 1 0 1 1 0 1 1 1 0 0 0 0 0 1 1 1 1 1 1 0 1 1 1 0 0 0 1 1 0
IND0181	1 1 1 0 0 1 1 0 1 0 0 0 1 1 0 0 1 0 1 1 1 1 0 1 1 1 1 0 0 0 0 1 0 0 0 0 1 1 1 1 1 1 1 1 0 0 0 0 1 0 1 0 1 1 0 0 1 1 1 0 1 1 1 0 0 0 0 0 0 0 1 1 0 0 0 0 1 1 0 0 1 1 1 1 1 1 0 1 1 1 0 0 0 1 0 0 1 1 1 1	1 0 1 1 1 0 1 0 1 1 0 1 0 0 0 1 1 1 1 1 0 0 0 1 0 1 1 0 1 1 0 1 0 1 1 1 0 1 0 0 0 0 1 0 1 0 0 1 1 1 1 0 0 0 1 0 1 1 0 0 0 1 1 1 1 0 0 0 1 1 0 1 1 1 0 0 0 0 0 1 1 1 0 1 1 0 0 0 1 1 1 1 1 1 0 1 0 0 1 1
IND0182	1 0 0 1 1 1 0 1 0 1 1 1 1 1 0 0 1 1 1 1 0 0 0 1 1 1 1 1 1 0 1 1 0 0 1 0 0 1 0 1 1 0 1 0 1 0 1 1 0 0 1 0 1 1 1 0 0 1 0 1 1 1 1 0 1 0 1 0 0 0 1 1 1 0 0 1 1 1 1 0 1 0 0 0 0 0 0 1 0 0 0 1 0 0 1 0 1 0 0 0	1 1 0 1 0 0 0 1 0 1 1 1 1 1 1 0 1 0 1 0 0 0 0 0 1 0 1 0 0 1 0 1 0 1 1 0 1 0 1 0 1 0 1 1 0 1 1 0 1 1 1 1 0 1 0 1 0 1 1 1 1 1 0 1 0 1 1 1 1 1 0 0 1 1 1 1 0 1 1 1 0 0 0 1 1 1 0 1 0 0 1 1 0 1 1 1 1 0 1 0
IND0183	0 1 1 0 1 1 1 0 0 0 0 1 0 0 0 0 0 1 0 0 0 0 1 0 1 0 1 1 0 1 0 0 1 1 0 0 1 1 1 1 1 1 1 1 0 1 0 0 0 0 1 0 1 0 1 1 1 1 0 1 1 1 0 1 1 1 0 0 1 1 0 1 1 0 0 0 1 1 1 1 1 0 0 0 1 1 1 0 0 1 0 0 1 1 0 1 0 0 0 0	0 1 1 1 0 1 1 1 1 0 1 0 1 0 1 1 1 0 0 1 0 1 1 1 0 1 1 1 1 0 0 0 0 0 1 0 0 0 0 1 1 1 1 0 0 1 0 1 0 1 0 0 1 0 1 0 0 1 1 0 0 1 0 0 0 1 0 0 0 0 1 1 0 1 0 1 0 1 1 0 0 0 0 1 1 0 1 0 1 1 1 1 0 0 1 1 1 0 0 1
IND0184	0 1 0 0 0 0 0 0 0 1 1 1 1 1 0 1 1 0 0 1 0 1 1 1 1 1 0 0 1 1 1 0 0 0 0 0 0 0 0 0 0 0 0 1 0 1 0 1 1 1 0 0 0 1 0 1 0 0 1 1 0 0 1 0 0 0 0 0 1 1 0 1 0 1 0 0 1 1 0 0 1 0 1 0 0 0 0 0 1 1 0 1 0 0 1 1 1 1 1 0	1 0 0 1 0 0 0 0 0 0 1 1 0 0 1 1 1 0 1 1 0 0 1 0 1 0 0 1 0 0 0 0 0 1 0 1 0 0 0 0 0 0 1 1 1 0 1 1 1 0 0 1 0 1 0 1 1 0 1 0 0 1 1 0 1 0 0 1 0 1 1 0 1 0 1 1 1 1 1 1 1 1 0 0 0 1 1 0 1 0 1 0 0 1 1 0 0 0 0 1
IND0185	0 1 0 1 1 1 1 0 0 1 0 0 0 1 1 1 1 1 0 0 0 1 1 0 0 0 1 0 1 0 1 1 1 0 1 1 1 1 0 0 0 1 1 0 1 1 1 1 1 0 0 1 1 0 1 0 1 0 1 0 0 1 1 1 1 0 0 1 1 0 0 1 0 0 0 0 1 0 0 0 0 1 0 0 1 1 0 0 0 0 1 1 1 1 1 0 1 0 1 1	0 1 0 0 0 1 0 0 0 1 0 0 0 0 1 0 0 0 0 1 0 0 1 1 0 1 0 1 1 0 0 0 1 0 1 0 0 0 0 0 0 1 0 1 1 0 0 1 1 0 1 1 0 0 0 0 0 0 0 0 0 1 1 1 0 1 1 0 0 1 1 0 0 1 1 0 1 1 1 1 1 1 1 1 0 1 0 1 1 1 1 1 1 1 1 0 0 1 1 1
IND0186	1 0 1 0 1 1 0 0 0 1 0 0 0 0 1 0 1 0 0 0 0 1 1 1 1 1 0 0 0 1 1 0 0 1 1 1 0 1 1 0 0 0 0 1 0 0 1 0 0 0 0 1 0 1 0 1 1 1 0 1 0 1 1 1 1 0 1 1 0 0 1 1 0 0 0 0 0 0 0 0 0 1 1 0 0 1 1 1 0 0 1 0 0 0 1 0 1 1 0 1	1 1 0 1 1 0 1 1 0 0 1 1 1 0 0 1 1 1 1 1 0 1 1 1 1 1 1 0 1 0 1 0 0 1 1 0 1 1 0 0 1 0 1 0 0 1 0 1 0 0 0 0 1 0 1 0 1 1 1 0 1 0 0 1 0 1 0 0 0 0 1 0 0 1 1 1 1 1 1 0 1 1 1 0 0 0 0 0 1 0 0 0 0 0 0 1 1 1 0 1
IND0187	1 0 1 1 1 0 0 1 0 1 0 1 0 0 0 1 1 0 0 1 0 0 1 1 0 1 1 0 0 0 1 1 1 0 0 0 1 0 0 1 1 1 0 1 0 0 0 0 1 1 0 0 1 0 0 1 1 0 0 0 0 1 1 1 0 1 1 0 1 1 0 0 1 0 0 1 1 0 0 0 0 0 0 1 0 0 0 1 0 1 1 1 1 1 1 1 1 1 1 0	0 0 1 1 0 1 0 1 1 1 0 0 0 1 0 0 1 1 0 1 1 1 1 0 0 1 1 1 0 1 0 0 0 1 1 1 0 1 1 0 1 0 1 0 1 0 1 0 0 0 0 1 1 0 1 1 1 0 1 0 1 0 1 1 1 1 0 1 0 1 0 1 1 1 1 1 0 1 1 0 0 1 1 0 1 0 1 0 0 0 1 1 1 1 0 1 1 0 0 1
IND0188	1 0 1 1 1 0 1 0 1 0 1 0 0 0 1 0 0 0 0 1 1 0 0 0 1 0 0 0 1 0 1 1 1 1 0 1 0 1 1 1 1 0 1 1 1 1 0 1 1 0 1 1 0 1 0 0 0 0 0 1 1 0 1 1 0 0 0 1 1 0 0 0 1 0 0 0 0 1 1 0 0 1 1 0 0 1 0 1 1 1 1 0 0 0 0 1 0 0 1 0	1 1 0 0 1 0 0 0 1 1 0 0 1 0 0 1 1 1 0 0 1 0 1 1 0 1 0 0 1 0 1 1 1 1 0 1 1 0 0 1 0 1 0 0 0 0 1 1 0 1 1 1 1 0 0 0 0 0 0 1 1 1 0 0 0 0 0 0 0 1 1 0 1 0 1 0 0 0 0 0 1 1 0 1 0 1 1 0 0 1 0 0 1 0 0 1 1 1 1 1
IND0189	1 0 0 0 0 1 1 0 1 1 1 0 0 0 0 1 0 0 0 0 1 1 1 0 0 1 1 1 1 1 1 0 0 0 0 1 1 0 1 0 0 1 0 1 1 0 1 1 1 0 1 0 1 0 1 0 0 0 0 1 0 0 1 1 1 0 1 0 0 1 1 0 1 1 0 1 0 1 1 0 0 0 0 1 1 1 1 1 0 0 1 0 0 0 1 0 1 0 0 1	0 0 1 0 1 1 0 1 1 0 1 0 1 0 0 0 1 1 1 1 1 1 1 1 0 0 0 1 0 0 0 0 1 1 0 0 1 0 1 0 1 1 0 1 0 1 1 0 0 0 1 1 1 1 1 0 1 0 0 1 1 0 0 1 1 1 0 0 0 1 0 0 0 1 1 0 1 1 1 1 1 1 1 1 0 0 1 1 0 0 0 1 1 0 0 0 1 0 1 1
IND0190	0 0 0 1 0 1 0 0 1 0 1 1 1 0 0 1 1 1 0 0 1 1 0 0 1 1 0 1 1 0 1 0 1 0 0 1 1 1 1 1 0 1 0 0 1 1 1 0 1 1 0 0 0 1 1 1 1 0 1 1 0 1 1 1 1 1 1 1 1 1 1 0 0 1 0 0 0 0 1 1 1 1 0 1 0 1 0 0 0 0 1 1 1 0 0 1 1 1 0 1	0 0 1 1 0 1 0 1 0 1 1 0 1 1 0 1 1 1 0 0 0 0 0 0 1 1 1 1 1 1 1 0 0 0 0 0 0 1 1 1 0 1 0 1 1 0 0 1 0 0 1 1 0 1 1 0 0 1 1 0 0 1 1 1 0 1 0 0 0 0 0 0 0 1 0 0 1 0 1 1 1 0 0 0 1 1 1 0 1 0 1 0 1 0 1 1 0 1 1 0
IND0191	0 0 0 0 0 0 0 1 1 1 0 0 1 1 1 0 1 0 1 0 0 0 1 1 1 0 1 1 0 1 1 0 1 1 1 0 0 1 0 0 0 1 1 1 1 1 1 0 1 1 0 0 0 0 0 0 1 0 1 1 0 1 0 1 1 1 0 0 1 0 1 1 0 0 0 1 1 1 0 0 0 0 0 1 1 1 1 0 0 1 0 1 0 1 0 0 1 1 0 1	1 1 0 1 0 0 0 0 1 0 0 0 1 0 0 0 0 1 1 0 1 0 1 1 1 0 1 1 1 1 0 1 1 1 0 1 0 0 1 1 1 1 0 1 0 1 0 1 1 0 1 0 1 0 0 1 1 1 0 0 1 1 0 1 0 1 1 0 1 0 0 0 1 1 0 1 1 0 0 1 1 0 1 0 1 0 1 1 1 1 0 0 1 0 1 1 1 1 1 1
IND0192	1 1 0 0 0 0 1 1 1 0 1 0 0 1 0 1 1 0 0 0 1 0 1 1 1 1 1 1 0 0 0 0 0 1 1 1 0 0 0 0 1 1 1 1 1 0 0 1 1 0 0 1 0 0 0 1 1 0 0 0 0 0 1 1 0 0 1 1 1 1 1 0 0 1 0 0 1 0 1 1 0 1 0 0 1 1 0 1 1 1 1 1 1 1 0 1 0 0 0 0	0 1 1 0 0 0 0 1 1 1 0 0 1 0 1 1 0 0 0 1 0 1 1 0 0 0 0 0 0 1 0 0 0 1 1 1 1 0 1 1 1 1 0 0 0 1 1 1 1 1 0 0 1 0 0 0 0 1 0 0 1 1 1 0 0 0 1 0 0 0 0 1 0 0 0 1 1 1 0 1 1 1 0 0 0 1 1 0 0 0 0 0 0 1 0 1 1 0 0 1
IND0193	1 0 0 0 1 1 0 1 1 1 0 1 1 0 0 0 1 1 0 1 1 1 1 0 0 0 0 0 1 0 0 0 0 1 0 1 0 0 0 0 1 1 1 1 1 1 1 1 1 0 1 1 0 0 0 1 1 0 0 0 1 0 0 1 1 0 1 1 1 1 0 1 1 1 1 0 0 1 1 1 0 1 1 0 1 0 0 1 1 0 1 0 0 1 1 1 0 1 0 1	1 0 0 0 1 1 0 0 0 0 1 0 1 1 0 0 0 0 1 0 1 1 1 0 0 0 0 1 0 0 0 0 1 1 0 0 1 0 1 0 0 0 1 0 1 0 1 0 1 0 1 0 1 0 0 1 0 1 0 1 1 1 1 0 0 1 0 0 0 1 0 1 0 1 1 1 0 0 1 0 1 1 1 1 0 0 1 1 1 1 0 1 0 1 0 1 1 0 0 0
IND0194	0 1 1 1 0 0 0 0 0 1 0 0 1 1 0 1 0 0 0 1 1 1 0 1 0 1 0 1 1 1 0 1 1 0 1 1 1 1 1 0 1 1 0 1 0 0 0 0 0 1 0 0 1 1 1 1 0 1 1 0 1 0 0 1 1 0 1 0 1 1 0 1 0 1 0 1 0 0 0 0 0 1 0 0 0 0 1 0 1 1 1 0 0 1 0 0 1 1 0 1	0 0 1 1 1 0 0 1 0 0 0 0 1 1 0 0 0 0 1 0 1 1 1 0 0 0 0 0 1 0 1 1 1 1 0 0 1 1 1 1 0 0 0 1 1 0 1 1 1 1 0 0 0 1 0 1 1 1 0 0 1 0 1 0 0 1 1 0 0 0 1 1 1 1 0 1 0 1 0 0 0 0 0 0 0 1 1 0 1 0 0 1 1 1 0 1 1 0 1 0
IND0195	1 1 0 0 0 1 0 0 0 0 0 1 1 0 1 0 0 0 1 0 0 0 1 1 1 1 0 0 1 1 0 1 1 1 0 1 0 1 0 1 1 0 0 1 1 1 0 1 0 0 0 1 0 1 1 0 0 1 0 0 1 1 0 1 1 0 0 1 0 0 0 0 0 1 0 1 1 0 0 0 0 1 1 1 0 1 0 1 0 1 0 0 1 0 0 0 1 0 1 0	1 1 1 1 0 1 0 1 1 0 1 0 1 1 1 0 1 0 0 0 1 1 1 0 0 0 0 0 1 0 1 1 1 0 0 1 0 1 0 0 1 0 1 1 1 0 0 0 1 1 1 0 1 0 0 1 0 0 0 0 1 1 1 1 0 0 1 1 0 0 1 1 0 1 1 1 0 0 0 1 0 1 0 0 0 0 1 1 0 0 0 0 0 0 0 1 0 1 1 1
IND0196	1 0 0 1 0 0 0 0 0 0 0 0 1 0 1 0 0 1 1 0 0 0 1 1 1 1 0 1 1 1 1 0 1 1 0 1 1 1 0 1 1 0 1 0 1 0 0 1 1 0 0 1 0 1 1 0 1 1 1 1 0 1 0 0 0 1 1 1 0 0 1 0 0 0 0 0 0 0 1 0 0 1 0 1 0 1 1 1 0 0 0 1 0 1 0 1 1 0 0 1	0 1 1 1 0 0 1 1 0 1 0 1 0 1 0 1 1 0 0 1 1 0 0 0 0 1 1 1 1 0 0 1 1 0 0 1 0 1 1 1 0 0 1 1 0 0 1 1 0 1 0 0 1 1 0 1 0 0 1 0 1 0 0 1 0 1 0 1 0 1 0 1 0 0 1 1 0 1 1 1 0 1 1 0 1 1 0 0 1 0 1 0 0 0 0 0 1 1 0 1
IND0197	0 1 1 0 1 1 0 1 1 0 1 0 0 0 0 1 0 1 1 1 0 1 1 0 1 0 0 1 1 0 0 1 1 0 0 1 0 1 1 1 1 1 1 1 0 1 0 1 0 1 0 1 1 0 1 1 1 0 0 0 1 0 1 0 0 0 1 0 0 0 0 1 1 1 1 1 0 1 1 0 1 0 1 1 0 0 1 1 0 1 1 0 1 1 1 0 1 1 1 1	0 1 0 0 1 1 1 1 0 0 1 1 0 0 1 1 1 1 1 0 0 0 1 0 0 0 0 0 0 0 1 0 1 1 0 1 0 0 0 0 1 0 1 1 1 1 1 0 0 1 0 1 1 0 0 0 0 1 1 1 1 1 0 0 1 0 1 1 1 0 0 0 0 1 0 1 1 1 0 0 1 1 1 0 0 0 0 0 0 1 0 1 1 1 0 1 0 0 0 1
IND0198	0 1 1 0 0 1 0 1 0 0 0 1 0 0 1 1 1 0 1 1 1 1 1 1 1 1 0 0 1 0 0 0 1 0 1 1 0 1 1 0 1 0 1 0 1 0 1 1 0 1 0 1 1 1 0 1 1 0 1 1 0 0 1 1 0 1 0 1 0 0 1 1 0 0 0 0 1 0 0 0 1 1 0 1 0 0 1 1 1 1 1 0 1 1 0 1 0 1 1 1	0 1 1 0 0 1 1 0 1 1 0 1 1 1 1 0 1 0 0 0 0 0 0 0 1 1 1 0 0 0 1 1 0 1 1 1 1 1 1 0 1 1 1 0 0 0 0 1 1 1 1 1 0 1 0 0 1 1 1 1 0 1 0 1 0 0 1 1 1 1 0 0 1 0 1 0 1 0 1 1 0 1 1 0 0 0 0 1 0 1 1 1 1 1 0 0 1 0 0 1
IND0199	1 0 1 0 1 1 0 1 1 1 0 0 0 0 1 1 0 0 1 0 0 0 0 0 1 0 0 1 0 1 0 0 0 1 0 0 1 0 0 0 1 1 0 1 0 0 0 1 1 0 0 0 1 0 0 0 1 0 0 1 0 1 0 0 1 1 0 0 0 1 1 1 0 1 0 0 1 0 1 1 1 0 1 1 0 1 0 1 0 0 0 1 1 1 1 0 1 1 0 0	1 1 0 1 0 1 0 1 1 1 1 1 1 1 1 0 1 0 0 0 1 1 0 0 1 1 1 1 1 1 0 0 1 0 1 1 0 1 0 0 0 1 1 0 1 0 0 1 0 0 0 1 1 0 1 0 1 1 0 1 0 0 1 1 1 1 0 0 1 1 1 1 0 0 1 0 1 0 0 0 0 0 0 1 0 1 1 0 1 1 1 0 1 1 0 1 1 1 0 0
IND0200	0 1 1 0 1 0 1 0 0 1 0 0 1 1 1 1 1 0 1 0 1 0 1 1 1 1 0 0 0 1 0 0 0 1 0 1 0 1 0 1 1 0 1 0 1 0 1 0 0 0 0 1 0 0 0 1 0 1 1 1 1 1 1 0 1 0 0 0 0 0 1 0 0 0 1 1 1 1 0 0 1 1 0 1 1 1 1 0 0 1 1 0 1 1 1 0 1 0 1 0	1 0 0 1 0 1 0 1 0 0 0 0 0 0 0 1 0 0 0 0 0 0 1 1 0 0 1 0 1 0 1 0 1 0 0 0 0 0 0 0 0 1 1 0 1 0 1 0 0 1 0 1 1 0 1 0 1 0 1 0 1 1 0 0 0 0 0 0 0 0 0 1 0 1 1 0 1 0 0 0 1 0 0 1 0 0 0 1 1 1 1 0 0 0 0 1 0 0 1 1
