IND0001	0 1 1 0 0 1 1 1 0 0 1 0 1 1 1 1 1 0 0 0 1 1 0 1 1 1 0 0 1 0 0 0 1 0 1 0 1 1 1 1 0 0 1 1 0 0 1 0 0 1 0 1 1 0 0 1 1 1 1 0 0 1 1 0 1 1 0 0 1 0 0 1 1 0 1 0 1 0 1 1 0 0 1 1 0 1 0 0 0 1 0 1 1 1 0 1 0 1 0 0	0 1 0 0 0 0 1 1 1 1 0 1 0 1 1 1 1 1 0 1 1 1 0 1 1 0 1 0 1 1 0 1 0 0 1 0 1 1 1 0 0 0 0 0 0 1 1 0 0 1 0 0 1 1 1 0 0 1 0 0 1 0 0 1 1 1 1 0 1 1 1 0 1 1 0 0 1 0 1 0 0 0 1 1 0 1 0 1 1 0 1 1 1 0 0 0 1 1 1 0
IND0002	1 1 1 0 1 1 1 0 0 0 1 1 0 0 0 0 0 1 0 1 0 0 1 0 1 0 0 1 1 0 0 1 1 1 0 1 0 0 1 1 0 0 1 1 0 0 0 0 1 0 1 1 0 0 0 1 1 0 1 0 1 1 1 1 1 0 1 0 1 1 1 1 1 0 1 0 1 0 1 1 1 0 0 0 0 1 1 0 1 1 0 0 1 0 1 0 0 1 0 0	1 1 0 0 1 0 0 0 0 1 1 1 0 0 1 1 0 0 1 1 0 0 0 1 0 0 1 0 0 0 1 0 0 0 1 1 1 0 1 1 1 1 1 1 0 0 0 1 1 0 0 1 0 1 0 0 0 0 1 1 1 1 0 0 1 0 1 0 0 1 1 1 1 0 0 0 1 0 0 1 1 1 1 1 1 1 1 1 0 0 1 0 0 1 1 1 1 0 1 1
IND0003	0 0 0 0 1 0 1 0 1 0 0 1 0 1 1 1 0 0 0 1 1 1 0 1 0 0 1 0 0 0 1 1 1 1 0 1 0 0 0 1 1 0 1 0 1 0 0 0 1 0 1 1 0 0 1 0 0 1 0 0 1 1 1 0 1 1 1 1 0 0 1 1 1 1 1 1 0 0 1 0 1 0 0 1 1 0 1 0 0 0 1 1 0 0 0 0 0 0 1 1	1 1 1 1 1 0 1 0 1 1 1 1 1 0 1 1 1 0 0 1 1 1 1 0 1 1 0 1 1 0 0 0 1 1 1 0 1 0 1 1 1 0 0 0 1 1 1 0 1 1 1 1 0 0 0 0 0 0 1 0 0 1 0 0 0 0 0 0 0 0 1 0 1 1 0 0 0 0 0 0 1 1 0 0 0 0 0 1 0 1 0 0 0 0 0 1 1 1 0 1
IND0004	1 0 0 0 1 1 1 0 1 0 1 0 0 1 1 1 0 1 1 1 0 1 0 1 0 1 0 0 0 0 1 1 1 0 0 0 0 1 1 0 0 0 1 0 1 1 1 0 1 0 1 1 1 1 1 0 0 0 0 0 1 1 1 1 0 1 0 1 0 0 1 1 1 0 0 1 1 1 0 0 1 0 1 0 0 1 0 1 1 0 1 1 1 0 1 1 0 0 1 1	1 0 0 1 1 1 1 0 1 0 1 1 0 1 1 1 0 1 1 1 1 1 0 0 0 0 0 1 0 0 0 0 1 1 0 1 1 1 1 0 1 1 0 0 1 1 1 0 0 1 0 1 0 0 0 0 0 0 0 1 0 1 0 1 0 0 1 0 1 1 1 1 1 1 1 1 1 1 1 1 0 1 1 1 1 0 1 0 1 0 1 0 0 1 1 0 1 0 1 1
IND0005	0 0 1 1 1 0 0 0 0 1 1 0 0 0 1 1 1 1 1 1 0 1 0 1 1 1 1 0 0 1 0 0 0 1 1 1 1 0 0 1 0 1 0 0 1 1 1 0 0 1 1 0 1 1 0 1 1 1 0 0 0 0 0 0 1 1 1 1 0 1 1 0 1 1 1 1 1 1 1 0 1 0 1 0 1 0 1 1 0 1 1 1 0 0 1 0 1 1 0 0	1 0 0 1 0 1 0 0 0 1 0 0 1 0 1 1 1 1 0 0 1 1 0 0 0 0 1 0 1 1 1 1 1 0 1 0 0 1 1 1 1 0 1 0 0 1 1 0 1 0 0 1 1 1 1 1 1 0 0 0 0 0 0 1 1 1 1 0 1 0 0 1 1 1 0 1 1 0 1 0 1 0 1 0 1 0 0 1 1 1 1 0 1 1 0 0 1 0 1 0
IND0006	1 1 0 1 1 0 1 1 0 1 0 1 0 0 0 1 0 0 0 1 1 0 1 1 1 1 1 1 0 0 0 0 0 1 0 0 0 0 0 1 1 1 0 1 0 0 0 0 0 0 0 1 0 0 1 0 1 1 1 1 0 1 0 0 1 0 0 1 1 0 0 1 1 1 0 1 1 1 1 1 1 1 1 0 0 0 1 1 0 0 1 1 1 0 0 0 0 1 0 1	0 1 1 1 1 0 0 1 1 1 0 0 1 1 1 0 0 0 0 1 1 1 1 0 0 1 0 0 0 0 1 1 0 0 0 0 1 0 1 0 0 0 1 0 0 1 0 1 1 0 1 1 0 1 1 0 0 1 1 0 0 1 0 1 0 1 0 0 1 1 1 1 0 1 1 0 1 1 0 1 0 0 0 1 0 1 1 1 1 1 1 0 1 1 1 0 0 1 1 0
IND0007	0 1 0 1 0 1 1 1 0 1 0 1 0 1 0 1 0 0 0 0 0 1 0 1 1 1 0 0 0 1 1 1 1 0 1 0 0 1 0 0 0 1 1 1 1 1 1 0 0 1 1 0 1 1 1 1 1 0 0 0 1 0 0 1 1 0 0 1 1 0 0 0 1 0 1 0 0 0 0 0 0 1 1 1 0 0 1 0 0 0 1 1 1 1 0 1 1 1 1 1	0 0 0 1 0 0 0 1 1 0 0 0 0 0 1 1 0 1 0 1 0 1 0 1 0 0 0 1 1 0 1 1 0 1 1 1 1 1 1 0 1 1 0 1 1 0 1 1 1 1 1 1 1 0 1 0 0 0 1 1 0 0 1 1 0 1 0 1 1 1 0 0 1 0 1 1 1 1 0 1 0 1 1 1 0 1 1 0 1 1 0 0 0 0 1 0 1 0 1 0
IND0008	0 1 1 1 1 1 1 0 1 0 1 1 1 1 0 1 0 0 0 1 0 0 0 0 0 1 1 0 1 0 0 0 0 1 1 0 0 0 1 1 1 0 0 1 1 0 0 1 1 0 1 1 1 0 1 0 0 0 1 1 0 0 0 0 0 0 0 0 1 0 1 0 1 1 0 1 0 1 1 0 1 0 1 1 1 0 0 1 1 1 1 1 0 1 0 1 1 0 0 0	1 0 1 1 1 1 1 1 1 0 0 0 1 0 1 0 0 0 1 1 1 1 1 0 0 1 0 0 1 0 1 0 1 0 1 1 0 0 1 0 1 1 1 1 0 0 0 1 0 0 1 1 0 1 1 0 1 0 1 0 0 1 0 1 1 1 0 1 0 1 0 1 1 1 0 1 1 0 1 0 1 0 0 1 0 0 1 1 1 1 1 1 0 1 1 0 0 0 0 1
IND0009	0 0 1 0 0 0 1 0 0 0 0 1 0 1 0 1 1 1 0 1 1 1 0 0 1 0 0 0 1 1 1 0 0 0 1 0 0 1 1 1 0 0 0 1 1 1 0 1 0 1 0 1 1 1 0 0 1 0 0 1 1 1 1 1 1 1 0 0 1 1 0 0 1 1 1 1 1 1 0 0 1 0 0 0 1 1 0 1 1 1 1 0 0 1 0 1 0 0 0 1	1 0 1 0 1 1 0 1 0 0 0 0 0 0 1 1 0 1 0 0 1 1 0 0 1 1 1 0 0 1 0 1 1 1 1 0 1 1 1 1 0 0 0 1 0 0 0 1 1 1 1 0 0 1 0 0 0 0 1 1 0 0 0 0 1 0 1 0 0 0 0 0 1 1 1 1 1 1 0 1 0 0 0 1 0 1 1 0 0 0 1 0 1 0 1 1 1 0 1 0
IND0010	1 0 0 0 1 1 1 0 1 0 1 1 0 0 0 1 0 1 0 0 1 1 0 0 1 0 1 1 0 0 0 1 0 1 1 1 0 0 0 0 0 1 1 1 1 1 0 1 0 0 0 0 1 1 0 0 0 1 1 1 0 0 1 1 0 0 1 1 0 0 0 0 0 0 1 0 0 0 1 1 1 0 1 0 0 0 1 1 0 0 1 1 0 0 0 1 1 1 0 0	1 0 0 0 1 0 0 1 0 1 1 0 1 1 0 0 1 1 1 0 0 0 0 0 0 1 1 1 0 1 0 1 0 0 0 1 0 0 1 0 0 1 0 0 0 1 0 1 1 1 1 1 1 0 1 1 0 1 1 0 1 1 1 1 0 1 0 1 1 1 0 1 1 1 1 0 0 0 1 1 0 1 0 0 0 0 1 1 1 0 1 0 0 0 1 1 0 0 1 0
IND0011	0 1 1 1 0 0 1 1 1 1 0 1 1 1 0 1 0 0 1 1 0 0 0 0 1 1 1 1 0 1 0 1 0 0 0 0 0 1 1 1 0 1 0 1 1 1 0 0 1 1 0 0 0 0 0 1 1 0 0 1 0 0 0 0 1 1 1 0 1 1 0 0 1 1 1 0 1 0 1 0 0 1 0 1 0 1 1 0 0 1 0 1 0 1 0 0 0 0 0 1	0 0 0 1 0 0 0 0 1 0 0 0 0 0 0 1 1 1 0 0 0 1 0 0 0 0 1 1 0 0 1 0 1 0 0 1 0 1 0 0 1 0 0 1 1 1 0 1 0 0 1 0 1 0 0 1 1 1 0 1 0 1 1 1 0 0 1 1 1 0 0 0 1 1 0 0 0 1 1 0 1 0 1 1 1 1 0 1 0 0 0 1 1 1 0 0 1 1 1 1
IND0012	1 1 0 1 0 0 1 1 1 0 0 1 1 0 0 0 1 1 0 0 1 1 0 1 1 0 0 1 1 0 1 0 0 1 0 1 1 1 1 0 1 1 1 0 1 0 1 1 1 0 0 0 0 1 1 0 1 1 0 1 0 1 1 1 0 1 1 1 0 1 0 0 1 0 0 1 0 0 1 1 0 0 1 0 0 1 0 0 0 1 0 0 0 1 1 1 0 0 0 1	0 1 1 1 0 0 0 1 1 1 1 0 0 1 0 0 1 1 0 0 1 0 1 0 1 1 1 1 0 1 1 1 0 0 1 0 1 0 1 0 0 0 0 1 0 1 0 1 1 1 1 1 0 1 1 0 1 1 1 1 1 1 0 1 1 1 0 0 1 1 0 0 1 1 1 0 1 1 0 0 0 1 1 0 1 1 0 0 0 1 0 0 1 0 1 0 1 0 0 0
IND0013	0 0 1 0 1 1 0 1 1 0 0 0 1 1 1 1 0 0 1 0 0 1 0 0 1 1 1 1 0 0 0 1 0 1 0 1 1 1 0 0 0 1 1 1 0 0 0 1 0 1 1 1 1 1 0 1 1 1 0 1 1 0 0 1 0 0 1 1 1 0 1 1 0 1 1 1 0 1 0 1 0 0 0 1 0 1 0 0 1 1 0 0 0 0 0 0 1 0 1 0	1 1 1 0 1 1 1 1 0 1 1 0 0 1 1 0 1 1 1 1 0 0 0 0 1 0 1 1 1 1 0 1 0 1 1 0 1 0 1 0 1 1 1 1 0 1 0 1 1 0 1 1 1 1 0 1 1 0 1 0 1 0 1 0 0 1 0 1 0 0 0 1 1 1 0 1 1 1 1 0 1 0 0 1 1 1 0 1 0 0 1 0 0 0 0 1 1 0 1 1
IND0014	0 1 0 0 1 0 0 0 1 1 1 0 0 0 1 0 0 0 0 0 0 0 0 0 0 0 1 1 1 0 0 0 0 0 0 0 0 1 1 0 0 1 0 1 1 0 1 0 1 1 1 1 0 1 1 1 1 1 0 0 0 0 0 1 1 1 0 0 0 1 0 0 0 1 0 0 1 1 1 1 1 0 0 0 0 1 0 0 1 1 1 1 0 1 0 0 0 1 1 1	1 1 0 0 1 1 0 0 0 1 0 1 1 0 0 0 1 1 0 0 1 1 1 0 0 1 1 0 0 1 1 0 1 1 1 1 1 1 0 1 1 0 1 1 1 1 1 0 0 0 0 1 0 0 0 1 0 0 1 1 0 1 1 1 1 1 0 1 0 1 1 0 0 0 0 1 0 1 0 0 1 1 0 1 0 0 0 1 1 1 0 1 0 1 1 1 1 1 0 0
IND0015	1 0 0 0 0 0 1 0 0 0 0 1 1 1 0 0 1 1 1 0 1 0 1 1 1 0 0 0 1 0 1 1 0 0 0 0 0 0 1 0 0 0 1 0 0 1 1 1 1 1 0 0 1 0 1 1 1 0 0 0 0 1 1 1 1 1 0 0 1 1 0 0 0 1 0 0 0 0 0 1 0 1 1 1 0 0 0 1 0 1 1 0 0 0 0 1 0 1 1 1	1 0 1 1 0 1 1 0 1 1 1 0 1 1 1 0 0 1 1 1 0 0 1 0 0 1 1 0 1 0 1 0 1 0 1 1 1 0 0 1 0 1 0 0 0 0 0 0 1 0 1 0 1 1 0 1 1 0 1 1 1 1 1 0 1 0 0 1 0 1 1 1 0 1 0 0 1 0 1 0 0 1 0 0 0 1 0 1 1 0 0 1 1 0 1 0 0 1 0 0
IND0016	0 0 0 0 1 1 0 0 0 1 0 1 1 1 1 0 1 0 0 1 0 0 1 0 1 1 0 0 0 0 1 1 0 0 0 0 1 0 0 1 0 1 0 1 0 0 0 1 0 1 0 0 1 0 0 0 0 1 0 1 0 0 1 0 0 0 1 0 0 0 0 0 1 0 0 0 0 0 0 0 0 1 1 0 1 0 0 0 1 0 1 1 0 1 0 0 0 1 1 1	0 1 0 0 1 1 1 0 1 1 1 1 1 1 0 1 0 1 1 1 1 1 1 1 1 0 1 1 0 1 1 1 1 1 1 1 1 1 1 0 0 1 1 1 0 1 0 1 1 1 1 1 1 1 0 0 0 0 0 1 1 1 1 0 1 0 1 0 1 1 1 1 1 1 1 0 1 1 1 1 1 1 1 0 0 0 0 1 1 1 1 1 0 0 0 1 0 1 0 0
IND0017	0 1 0 1 1 0 1 0 0 0 1 0 1 0 0 0 1 1 0 1 0 0 0 1 0 1 0 0 0 0 1 0 1 0 1 0 0 1 0 0 0 0 1 1 0 1 0 1 0 0 0 0 0 0 1 0 0 0 1 0 0 0 1 1 1 1 1 1 0 0 1 0 1 0 0 0 0 0 0 0 1 1 1 1 0 0 1 0 0 0 1 1 1 1 1 0 0 1 0 0	0 1 0 1 1 0 1 0 0 0 1 1 0 1 0 1 0 1 0 1 1 1 1 1 0 1 1 1 1 1 0 0 1 1 1 0 1 1 0 0 1 0 1 0 1 0 0 0 1 0 0 0 1 0 1 1 0 0 1 1 0 0 0 0 1 0 1 0 0 1 0 0 0 1 0 0 0 0 0 0 0 0 0 0 0 0 0 1 1 1 0 1 0 0 0 1 1 1 1 1
IND0018	0 0 0 0 1 0 1 0 1 1 1 0 1 1 1 1 1 1 0 1 0 1 1 0 0 1 0 1 0 0 1 0 1 0 1 0 1 1 0 1 1 0 0 1 1 1 0 1 1 1 0 0 1 1 1 1 0 1 0 1 1 1 0 1 1 1 0 1 0 0 1 0 0 1 0 1 1 1 0 0 1 0 1 0 1 0 1 0 1 0 1 1 0 1 1 1 1 1 0 0	1 1 1 1 1 0 1 1 0 1 0 0 1 0 0 1 1 1 1 0 0 0 0 1 0 1 0 0 1 1 0 0 1 1 0 1 0 0 1 1 0 1 0 0 0 1 0 0 0 1 0 1 0 0 1 1 1 0 0 0 0 0 1 1 1 1 0 0 0 0 1 1 0 1 0 1 0 1 1 1 1 0 1 1 1 1 1 1 1 1 0 1 0 1 1 0 0 1 0 1
IND0019	1 1 0 1 1 1 0 1 1 1 0 1 0 0 1 1 1 0 0 0 1 1 1 0 0 0 0 1 0 1 0 1 1 1 0 0 0 1 0 1 1 0 1 1 1 0 1 1 0 1 1 0 0 1 1 1 0 1 1 1 1 1 1 1 0 1 0 1 1 0 1 1 0 1 1 1 1 0 1 0 1 0 0 1 0 1 1 1 0 0 0 1 0 0 1 1 1 0 1 0	1 0 1 0 1 1 1 1 1 1 1 1 1 0 0 1 0 0 0 0 0 0 0 0 1 1 0 1 0 1 0 1 0 1 0 1 0 1 0 0 1 1 0 1 1 1 1 0 1 1 0 0 0 0 0 1 0 1 0 0 1 1 1 0 0 1 0 0 0 1 0 1 0 0 1 1 0 1 1 0 0 1 0 0 0 0 0 0 0 1 0 0 0 1 0 0 0 1 1 0
IND0020	1 1 1 1 0 0 1 0 1 0 0 0 1 1 1 0 1 1 1 1 1 0 0 0 0 0 0 0 1 0 1 0 1 1 0 1 1 0 0 0 0 1 1 0 0 1 1 0 0 1 0 1 0 0 1 0 0 0 0 1 0 0 1 0 1 0 0 1 1 0 0 1 0 0 0 1 0 1 1 0 1 1 0 0 0 0 1 0 0 0 0 1 0 0 0 1 0 0 0 1	1 1 0 0 1 1 0 0 0 0 0 1 0 0 1 0 0 0 1 1 1 1 1 0 1 1 0 1 0 1 1 0 0 1 1 1 1 0 1 0 1 1 1 1 0 1 0 0 1 1 0 0 1 0 1 0 0 0 1 0 1 0 1 1 0 0 1 1 0 0 0 0 1 0 0 1 0 0 1 0 1 0 0 1 1 1 1 1 1 0 1 0 0 0 0 0 1 0 1 1
IND0021	0 1 0 0 0 0 1 1 0 1 0 1 1 1 0 0 0 0 1 1 0 1 1 0 1 0 1 0 0 1 0 0 0 0 0 1 1 0 0 0 1 0 0 1 1 0 1 0 1 1 0 1 0 0 1 1 1 1 0 0 1 1 0 1 0 1 1 0 0 1 1 1 1 0 0 1 0 1 1 0 0 0 1 0 0 0 0 1 0 0 0 0 1 1 1 1 0 1 1 0	1 1 1 0 1 0 0 0 1 1 1 1 1 1 0 1 0 1 1 1 1 0 0 1 0 1 0 1 0 0 0 0 1 1 1 1 0 1 1 1 0 0 0 1 1 0 1 0 0 1 0 0 0 1 0 1 1 1 0 0 1 1 1 0 1 0 0 1 0 1 1 1 1 1 1 1 0 1 1 1 0 1 1 1 0 1 0 0 0 0 0 1 1 0 1 0 0 1 0 1
IND0022	1 0 0 1 0 0 1 1 0 1 1 0 0 0 0 0 1 0 0 0 0 0 1 1 1 0 1 1 1 1 1 0 1 1 1 0 1 0 1 1 0 1 1 1 0 1 1 1 0 0 0 0 1 0 1 0 0 1 0 1 0 0 0 0 0 0 1 0 0 0 1 1 0 0 1 1 0 1 0 1 1 1 1 1 0 0 0 1 0 0 1 1 1 1 0 1 1 1 0 0	0 0 1 0 1 0 1 1 0 1 1 0 1 0 1 0 0 0 0 0 0 1 0 0 0 1 0 0 0 1 0 1 0 1 0 0 1 0 1 0 0 0 0 0 1 0 0 0 1 1 0 1 1 0 0 0 1 0 1 1 1 1 1 1 0 1 0 1 1 1 1 1 1 1 0 0 1 0 0 0 0 0 1 0 1 1 0 1 0 1 0 1 1 1 1 1 0 0 1 0
IND0023	1 1 1 1 0 0 0 0 0 1 0 1 1 0 1 1 1 1 0 1 0 0 0 1 1 0 1 1 0 0 1 0 1 0 0 1 1 0 0 1 0 0 1 0 1 0 0 0 1 0 1 0 1 0 1 0 1 1 1 0 1 0 1 0 0 0 1 1 0 0 0 1 0 1 0 0 0 1 1 1 0 1 0 1 1 1 1 0 0 1 1 1 1 0 0 1 1 0 0 0	0 0 1 0 0 0 1 0 1 0 1 1 1 0 1 1 1 1 0 1 1 0 0 1 0 0 0 1 1 0 1 0 0 0 1 0 1 0 1 1 0 0 0 0 1 0 0 1 1 0 0 0 0 1 1 1 1 0 1 0 1 0 0 0 1 1 1 0 1 1 0 0 1 0 1 0 0 1 0 1 0 1 0 0 1 1 0 0 0 0 1 0 1 1 0 0 0 0 1 1
IND0024	0 1 1 1 0 1 0 1 1 1 1 1 1 0 0 0 1 1 1 0 1 0 1 0 1 1 1 1 0 0 1 0 0 1 0 0 1 1 1 0 1 1 1 1 0 0 0 1 1 1 0 1 0 1 1 1 1 0 1 1 1 1 1 0 1 0 0 0 0 1 0 0 1 0 0 0 0 1 1 1 0 0 1 1 1 0 1 1 0 1 0 0 0 0 1 0 0 0 1 1	0 0 0 1 0 1 1 0 0 1 0 0 1 0 0 1 1 0 0 0 0 1 0 0 0 1 1 1 1 0 0 0 1 1 0 1 1 1 0 1 0 0 0 0 0 1 1 1 1 0 1 1 1 1 0 0 1 0 0 0 0 1 1 1 0 0 0 0 0 1 0 0 0 1 0 0 0 0 0 1 0 0 1 0 0 1 0 1 1 0 0 1 0 0 1 0 1 0 0 0
IND0025	0 1 0 1 0 0 1 1 0 1 0 0 1 1 0 1 0 0 0 0 0 0 0 1 0 0 1 1 0 0 0 1 1 0 1 1 1 1 0 0 0 1 1 0 1 0 1 1 0 1 1 1 0 1 0 1 1 0 0 1 1 0 0 1 0 1 0 1 1 1 1 0 0 1 0 1 1 1 1 0 0 1 0 0 1 0 1 0 1 0 0 1 0 1 0 0 0 1 0 0	0 0 0 1 1 1 0 0 1 1 1 1 0 0 1 1 1 1 1 1 1 0 0 0 0 1 1 0 0 0 1 1 1 1 0 0 1 1 0 1 1 0 1 1 1 0 0 0 1 0 1 0 0 1 0 1 1 0 1 1 1 1 1 1 0 0 0 0 1 1 1 1 0 1 1 0 1 0 0 1 1 0 0 0 1 0 0 0 1 1 0 1 0 1 0 0 1 0 0 1
IND0026	0 1 1 0 1 0 0 0 1 1 0 1 0 1 1 0 1 0 0 1 1 1 0 1 0 0 0 1 0 0 1 1 1 0 1 1 0 1 1 1 1 1 1 0 1 0 1 1 1 0 1 1 0 0 0 1 0 1 1 0 1 0 0 0 0 1 0 1 1 1 1 0 0 1 1 0 0 1 0 0 0 0 0 0 1 1 1 1 1 1 1 0 1 0 1 1 0 0 1 0	0 0 1 1 0 0 1 1 0 1 0 0 0 1 0 1 1 1 0 0 1 0 0 0 1 1 0 1 0 0 0 0 0 0 0 0 0 0 1 1 0 0 0 0 0 1 0 1 0 1 1 1 1 0 0 1 0 0 0 0 0 0 0 0 1 0 1 1 0 1 1 0 1 0 0 1 1 0 0 1 0 1 1 0 1 0 0 0 0 0 0 0 1 0 0 1 0 1 1 1
IND0027	1 0 0 0 0 0 0 0 0 0 1 0 1 0 0 1 1 0 0 1 1 0 1 1 1 1 0 1 1 0 1 0 0 0 1 1 0 1 0 0 1 0 1 1 0 1 0 0 1 1 1 1 1 1 1 0 1 0 0 1 1 0 1 1 1 0 0 0 0 1 0 1 1 1 1 0 1 0 1 0 0 1 0 1 1 0 0 0 0 1 1 1 1 0 0 1 1 1 0 0	0 0 1 0 0 0 0 1 0 0 1 1 0 1 1 0 1 1 1 1 0 1 0 1 0 1 1 0 1 1 0 1 0 0 0 1 1 0 1 0 1 1 1 0 1 0 0 1 0 1 0 0 1 0 0 1 1 1 0 1 1 1 1 0 0 1 1 1 1 0 0 0 0 1 1 1 1 0 1 1 1 1 1 1 1 0 1 1 0 0 0 0 0 1 1 0 1 0 0 1
IND0028	0 1 0 0 1 0 1 0 1 0 1 1 1 1 0 0 0 0 1 1 0 0 0 1 1 1 1 0 0 0 0 0 1 0 0 1 1 0 0 1 0 1 1 1 1 0 1 1 0 0 1 0 1 0 1 1 0 1 1 0 1 1 0 1 0 1 1 1 0 1 1 0 0 1 0 1 1 1 0 0 1 0 0 0 0 1 1 1 1 1 0 1 1 1 0 0 1 1 0 0	1 1 1 1 0 1 1 0 0 0 0 0 0 1 0 1 0 0 0 1 1 0 0 1 0 1 1 1 1 0 0 1 0 0 0 1 0 0 0 0 1 0 0 1 1 0 1 0 1 1 0 1 0 0 0 0 1 1 0 1 0 0 0 1 0 0 1 0 1 1 1 1 0 1 1 0 0 1 1 0 0 1 1 0 1 0 1 1 0 1 1 1 1 0 1 1 0 1 1 0
IND0029	0 1 0 1 1 0 0 0 0 1 0 1 0 0 1 0 0 0 0 1 1 1 1 0 1 0 0 0 0 0 1 0 0 0 0 1 0 0 1 0 0 0 1 0 1 1 1 1 0 1 1 0 1 0 1 1 0 0 1 1 1 0 0 0 1 1 0 1 0 1 1 1 1 0 0 0 0 0 0 1 0 0 1 1 1 0 0 1 0 0 1 0 0 0 0 1 0 1 1 0	1 1 0 1 0 0 1 0 0 1 1 1 0 1 0 1 1 1 0 0 1 0 0 1 1 1 0 1 1 0 0 0 1 0 0 0 1 1 0 1 0 1 0 1 1 1 1 0 1 0 1 0 0 0 1 0 0 0 1 1 0 0 1 0 1 0 0 0 0 0 1 0 0 1 1 1 0 0 1 0 1 1 1 1 1 0 0 1 0 1 1 1 1 0 1 0 0 0 1 0
IND0030	0 0 0 0 0 0 0 0 0 1 1 0 1 0 0 0 0 1 0 1 1 0 1 1 0 0 1 0 1 1 1 0 1 1 0 1 0 0 0 0 1 1 0 0 0 0 0 1 1 1 1 0 1 0 0 0 0 1 0 1 1 0 1 0 0 0 0 0 0 0 0 1 0 1 1 1 1 0 1 1 0 0 1 0 0 1 0 1 0 1 0 1 1 1 1 1 0 0 0 1	0 1 0 1 0 1 1 1 1 1 1 0 1 1 1 1 0 0 0 1 1 0 0 1 1 1 0 1 0 1 0 1 0 0 0 1 0 0 1 1 0 0 1 1 1 1 1 1 0 0 1 0 0 1 1 1 0 1 0 0 0 1 0 1 0 1 1 0 1 1 1 0 0 0 1 0 1 1 0 1 1 1 0 0 0 0 1 0 1 0 1 1 1 1 1 1 0 1 1 0
IND0031	0 1 0 1 0 0 0 0 0 0 1 1 0 1 0 0 1 0 0 0 1 1 0 1 1 1 0 1 0 0 0 0 1 1 1 0 0 1 0 1 1 0 1 0 0 0 0 1 1 1 1 1 0 0 1 0 1 1 0 1 0 1 1 0 1 0 0 0 0 1 0 1 0 0 0 0 0 0 1 1 1 1 1 1 1 1 1 0 0 0 1 0 0 1 0 1 1 0 1 0	0 1 1 1 1 1 1 0 1 1 1 1 1 0 1 0 1 0 0 1 1 0 0 1 1 1 1 0 1 0 1 0 1 0 1 1 1 1 1 0 0 0 0 0 0 1 1 1 1 0 1 1 1 1 0 0 1 1 1 1 1 0 1 0 1 0 0 1 1 0 0 0 1 1 1 0 1 1 1 1 0 1 1 0 0 1 0 0 0 0 0 0 1 1 0 0 0 0 1 1
IND0032	0 0 1 1 0 0 0 0 1 0 1 0 0 1 0 0 0 0 1 0 1 0 0 1 1 0 1 1 1 0 1 1 1 0 1 0 0 1 0 1 1 1 1 0 1 1 0 0 0 1 1 1 0 1 0 1 0 1 0 0 0 0 0 1 1 0 1 0 0 1 1 1 0 0 1 0 1 1 0 0 1 1 1 1 1 0 0 0 0 1 1 0 1 0 0 0 0 1 1 0	1 1 1 1 0 0 0 1 1 1 1 1 1 1 0 1 0 0 1 1 0 0 0 0 0 1 1 1 0 0 0 0 1 0 1 1 0 1 0 1 1 0 1 0 1 0 1 1 0 1 1 0 1 0 0 0 0 1 0 1 0 1 0 0 1 0 1 0 1 0 1 0 1 1 0 0 1 0 1 0 1 1 0 1 1 1 1 1 0 1 0 0 1 1 1 0 1 0 1 0
IND0033	0 0 1 0 1 0 0 1 1 0 0 0 1 0 1 1 1 0 0 0 0 1 1 1 1 0 1 0 1 0 0 0 0 0 1 0 0 1 0 1 0 0 0 0 0 1 1 1 0 0 1 0 0 0 1 0 0 0 0 1 1 1 1 1 0 1 1 0 0 1 1 1 1 0 0 0 0 0 0 0 1 1 0 1 0 0 1 0 0 1 0 0 0 0 1 1 0 0 0 0	0 1 0 0 1 1 1 1 1 1 0 0 1 0 1 1 1 0 0 0 1 0 1 0 1 1 1 1 1 0 1 0 1 1 1 0 0 1 1 0 0 0 0 1 1 1 1 0 1 1 1 1 0 0 1 1 0 0 0 0 1 1 0 1 1 0 0 1 1 1 0 1 1 1 0 1 1 0 0 0 0 1 0 1 1 0 0 0 0 1 1 1 0 1 1 1 0 0 1 0
IND0034	1 1 0 0 0 0 1 1 1 1 0 1 1 1 1 1 1 0 1 0 1 0 0 1 0 1 1 0 0 1 1 1 1 0 0 0 0 1 1 0 0 1 1 0 1 1 1 0 0 1 1 0 1 0 0 0 0 0 1 1 1 0 0 1 1 0 0 1 0 1 1 1 0 1 1 1 1 0 0 1 1 1 1 0 1 0 0 0 1 1 0 0 1 1 0 1 1 1 0 0	1 0 1 1 1 0 1 0 1 0 1 0 0 0 1 1 1 1 0 1 0 1 0 1 0 0 0 1 1 1 1 1 1 1 1 0 0 1 1 0 1 1 1 1 1 1 1 1 1 0 0 0 1 0 0 0 1 0 1 0 1 0 1 0 0 0 0 0 1 1 1 1 1 0 1 1 1 0 1 1 1 1 0 0 0 1 0 1 1 0 1 1 1 1 1 1 1 0 1 0
IND0035	0 1 0 1 0 0 1 0 0 1 1 1 0 1 1 0 1 1 0 1 1 0 1 1 1 1 0 1 0 0 0 0 1 0 1 1 0 0 0 1 1 0 1 0 1 0 1 1 1 1 1 1 0 1 0 1 1 1 1 1 1 0 0 0 1 0 0 0 1 0 0 0 1 1 1 0 1 1 1 1 1 1 0 1 0 0 1 0 0 0 1 1 0 0 0 1 0 0 1 1	1 0 1 1 0 1 0 0 1 1 1 1 0 1 0 1 1 1 1 1 1 1 0 1 1 1 0 0 0 1 1 1 0 0 0 0 0 0 1 1 1 0 1 1 0 0 1 0 1 1 1 0 0 1 0 1 1 1 1 1 1 0 1 0 1 0 1 1 1 1 1 0 1 0 1 0 1 0 0 0 1 1 0 1 0 0 1 1 1 0 0 1 1 1 1 1 1 1 1 1
IND0036	0 1 0 1 1 1 1 1 1 1 1 1 1 1 0 1 0 0 1 0 1 0 0 0 1 0 0 1 1 1 1 0 1 0 1 0 1 0 1 1 1 1 1 1 1 0 0 0 0 0 1 0 0 1 0 1 1 1 1 1 0 0 1 1 1 1 1 1 0 1 1 0 0 0 1 1 1 1 1 1 1 1 0 0 0 0 0 1 0 1 0 1 1 1 1 1 0 1 0 0	0 0 1 1 1 1 1 0 1 0 0 0 0 0 0 1 0 1 1 1 0 0 1 1 1 1 1 1 1 1 1 0 0 0 1 0 0 0 0 0 0 1 0 0 1 1 0 0 1 1 1 0 0 0 0 1 1 0 1 1 0 0 0 1 0 0 1 1 1 1 0 1 0 1 0 1 0 0 0 0 1 1 0 0 0 1 0 1 1 0 1 1 1 0 1 0 1 0 1 0
IND0037	0 0 0 0 0 1 1 1 0 1 0 1 0 1 0 1 0 1 0 0 0 0 0 1 1 0 1 1 1 1 1 1 1 1 0 0 0 1 1 0 1 1 1 0 0 0 0 0 1 0 0 0 0 0 0 0 1 1 1 1 0 0 1 1 0 0 0 1 0 0 1 1 1 0 0 1 0 1 0 0 0 1 0 0 1 0 0 1 0 1 1 0 1 1 0 1 0 0 1 0	0 0 1 1 1 0 1 0 1 0 1 0 1 1 1 1 1 1 0 0 1 0 1 1 0 0 1 0 1 0 0 0 0 1 0 1 0 0 1 0 0 0 1 1 1 1 1 0 1 0 0 1 0 0 1 0 1 0 0 1 0 1 0 0 0 1 0 0 0 1 0 0 1 1 1 0 0 1 0 1 1 1 1 1 1 1 0 0 1 1 1 0 1 1 0 0 0 1 0 0
IND0038	0 1 0 1 0 0 0 0 0 1 0 0 1 1 1 1 0 1 0 0 0 1 0 0 1 1 0 1 1 0 1 0 0 1 0 1 1 1 1 1 1 1 1 1 0 1 1 1 1 1 1 1 1 0 0 1 0 1 0 1 1 0 1 0 1 0 0 1 0 1 1 0 0 1 1 0 1 1 1 0 0 0 0 0 0 0 1 1 1 0 0 1 1 0 0 1 1 0 0 1	1 1 1 0 0 1 0 0 1 0 1 1 1 1 0 1 1 0 1 1 0 0 1 1 0 1 1 1 1 0 0 1 1 0 1 1 1 1 1 1 1 0 1 0 1 1 1 1 1 1 0 1 0 1 1 1 1 1 0 0 0 0 0 1 1 1 1 0 1 0 1 1 0 0 0 1 0 1 0 1 1 0 1 1 0 1 1 1 0 1 1 1 0 1 1 0 0 0 0 0
IND0039	1 0 0 1 1 1 0 0 0 1 1 0 0 1 0 1 0 0 0 0 1 0 0 1 0 1 1 0 1 1 0 1 0 1 1 0 0 1 1 0 1 0 0 0 0 0 1 0 0 0 0 1 1 1 0 1 1 1 0 1 1 0 0 1 0 1 0 0 0 1 0 0 1 1 0 0 1 1 0 0 0 1 0 0 1 0 1 0 1 0 1 0 1 1 1 1 0 1 0 0	0 1 1 0 0 1 0 1 1 1 0 0 1 0 1 0 1 1 1 0 0 0 0 1 1 1 1 0 0 1 0 0 1 0 0 1 1 1 1 0 1 0 0 1 1 1 0 0 1 0 0 1 0 1 0 1 0 0 0 1 1 1 0 1 1 1 1 1 1 0 0 1 1 0 1 0 0 1 0 0 0 1 1 1 1 0 1 0 1 1 1 1 1 0 1 0 0 1 1 1
IND0040	0 0 1 0 0 1 0 1 0 0 0 1 1 0 0 1 1 0 1 1 0 1 1 0 0 0 0 0 1 1 1 0 1 1 1 0 1 0 1 1 1 0 0 0 1 0 0 0 0 1 1 0 0 0 1 0 1 0 1 0 0 0 1 0 1 0 0 0 1 0 0 1 0 0 1 0 1 1 0 0 0 1 1 0 1 1 0 1 1 0 1 1 0 0 0 0 1 0 1 1	1 1 1 1 1 0 1 1 1 1 1 1 1 1 0 1 0 0 0 0 1 0 0 0 1 1 0 0 0 0 1 1 1 0 0 1 1 1 1 1 1 1 0 1 0 0 0 0 0 0 1 1 0 0 1 1 0 1 0 0 0 1 1 0 1 1 1 0 0 1 1 0 1 1 0 0 0 0 1 0 1 0 1 1 0 0 1 1 0 0 0 1 1 1 0 1 0 1 0 0
IND0041	1 1 1 1 0 1 0 1 1 1 1 1 0 0 1 0 1 0 1 0 1 1 0 1 0 0 1 0 1 1 1 0 1 1 1 1 0 0 1 1 1 1 0 0 1 0 1 0 0 0 1 1 1 1 1 0 1 0 1 0 0 1 1 0 1 0 1 0 0 1 0 1 1 0 1 0 1 1 0 0 1 0 1 1 0 0 0 0 1 1 1 1 1 1 0 1 0 0 0 1	1 1 1 0 1 1 1 1 1 0 0 1 1 1 1 1 1 1 0 1 0 0 0 1 1 0 1 0 0 0 0 1 0 1 1 0 1 0 0 1 1 1 0 0 0 0 0 0 0 0 0 0 0 0 0 1 0 0 0 0 0 1 1 0 1 1 0 1 1 0 0 1 0 1 0 1 1 1 0 1 0 0 0 1 1 1 0 0 0 1 0 1 1 0 0 0 0 1 1 0
IND0042	0 0 0 0 0 1 1 1 0 1 1 1 0 1 1 0 1 1 1 0 1 1 0 0 0 0 0 1 1 1 1 1 1 0 1 0 1 0 1 1 1 1 1 1 0 1 1 0 1 1 0 1 1 1 1 0 1 1 0 1 1 1 0 0 0 1 0 1 0 1 0 1 1 0 0 0 0 0 0 0 0 0 0 0 1 0 1 1 0 1 1 1 1 0 0 1 0 0 1 0	0 0 0 0 1 0 1 1 1 1 1 1 0 0 0 0 0 0 1 1 0 0 1 0 0 1 0 0 0 0 1 0 0 0 0 0 0 1 0 0 1 0 0 0 1 0 1 1 0 0 0 0 1 0 0 0 0 0 1 1 1 1 1 0 1 1 1 1 1 0 0 1 1 0 1 1 0 0 0 0 1 0 1 1 0 0 1 0 0 0 0 1 0 0 1 0 0 0 1 1
IND0043	1 1 0 0 0 0 1 1 0 0 0 1 0 1 1 1 1 0 1 0 1 0 0 0 0 1 0 1 0 1 1 0 1 0 1 0 0 1 1 1 1 0 0 1 0 1 1 1 1 0 0 0 0 0 1 1 0 1 1 0 0 0 1 1 0 1 1 1 1 1 0 1 0 1 0 1 0 1 0 1 1 0 1 0 0 1 0 1 1 0 1 0 1 1 1 1 0 1 1 0	1 0 0 1 1 0 0 1 0 1 0 0 1 0 1 0 0 0 0 0 1 1 1 0 0 1 0 0 0 1 1 0 1 1 1 1 0 1 0 0 0 0 1 0 0 0 0 0 0 0 0 1 0 1 0 0 1 1 0 0 0 1 0 1 0 0 0 1 0 1 0 0 0 0 0 1 0 0 1 1 0 0 0 0 0 1 0 1 0 0 1 0 0 0 0 1 1 1 1 0
IND0044	0 0 0 1 0 1 1 0 1 0 1 1 1 1 1 1 1 0 1 0 0 0 1 0 0 1 1 0 1 1 0 0 0 1 0 0 0 1 1 1 0 1 0 1 1 0 0 0 0 0 0 0 0 1 1 1 1 0 1 0 1 0 0 0 1 1 0 1 0 0 1 0 1 1 1 1 0 0 0 0 0 1 0 0 0 1 1 1 1 0 0 0 1 1 1 1 0 1 0 1	0 0 0 0 1 0 1 0 1 0 0 1 1 0 0 0 1 0 0 0 0 0 0 1 1 1 1 1 1 1 0 1 0 1 0 0 0 1 0 0 0 1 0 0 1 1 1 0 1 1 1 1 1 1 0 0 0 0 1 0 0 1 0 1 0 0 1 0 1 0 1 0 1 0 1 1 0 0 1 0 0 0 0 1 0 0 0 1 1 0 0 0 0 0 1 1 0 1 0 1
IND0045	1 0 0 1 1 0 0 0 1 0 0 0 1 0 1 1 1 1 0 0 0 1 0 1 0 0 0 0 0 1 0 1 1 0 0 1 1 0 1 0 0 1 1 1 1 0 1 0 0 1 1 0 0 0 0 0 0 0 0 0 0 0 0 0 0 1 0 0 1 1 0 0 1 0 0 1 0 0 0 0 1 0 0 1 1 1 0 0 0 0 1 1 0 1 0 1 0 0 0 0	1 1 1 1 0 1 1 1 1 1 1 0 1 1 0 0 1 1 1 1 1 1 1 0 1 0 0 1 1 1 1 0 0 0 1 1 1 0 0 0 0 0 1 1 0 0 1 1 1 0 1 0 1 1 1 1 1 0 1 1 1 0 1 1 1 0 1 0 0 0 0 1 1 1 0 1 0 0 1 0 1 0 0 1 0 1 1 1 1 0 1 0 0 1 0 0 1 1 0 0
IND0046	1 1 0 1 1 1 0 0 0 0 0 1 1 0 0 1 0 1 0 1 0 1 0 1 0 0 0 1 1 0 0 0 0 1 0 0 0 0 0 1 0 0 1 1 1 0 1 1 1 0 0 0 0 0 0 1 1 1 1 1 1 0 1 1 1 0 1 0 0 1 0 0 1 1 0 0 1 0 1 0 0 1 0 0 0 0 1 1 0 1 1 1 1 0 1 1 1 1 0 0	0 1 1 0 0 0 0 0 0 0 1 1 1 0 1 1 1 1 1 0 0 0 0 1 0 0 1 1 0 0 1 0 0 1 0 0 1 1 1 1 1 1 1 1 1 0 0 0 0 1 0 0 1 1 0 1 0 0 0 1 0 1 0 1 1 0 1 1 0 0 0 0 1 1 1 0 1 0 0 1 0 1 1 1 1 0 1 0 1 0 0 0 1 1 0 1 1 0 0 1
IND0047	1 0 1 1 0 0 0 0 1 0 0 1 1 0 1 0 0 0 1 0 0 0 0 1 0 1 0 1 1 1 0 0 0 0 1 0 0 1 1 1 1 1 1 1 1 1 0 0 1 1 0 1 1 0 1 0 1 0 1 1 1 1 1 0 1 1 1 0 1 0 0 0 0 0 1 1 1 1 1 1 0 0 0 0 1 1 1 1 1 0 0 0 1 0 1 1 0 1 1 1	1 1 0 0 0 0 1 1 0 1 0 1 1 1 0 0 0 0 1 1 1 0 1 0 1 0 0 0 1 1 1 1 1 0 0 0 1 1 1 0 0 1 1 0 0 0 1 1 1 0 0 1 0 1 0 0 1 1 1 1 1 0 0 1 0 1 0 0 0 0 0 1 0 0 0 0 1 1 1 0 1 1 1 0 1 0 1 0 1 0 0 1 0 1 1 1 1 1 0 0
IND0048	1 1 1 0 1 0 0 0 1 0 1 1 0 1 0 1 0 0 1 0 0 1 0 1 0 0 1 0 0 0 0 0 1 1 0 1 1 1 0 0 1 1 1 1 1 1 0 0 1 1 1 1 1 1 0 0 1 1 1 1 0 0 1 0 0 0 0 0 1 1 0 1 0 0 1 1 0 1 0 0 0 1 1 0 0 0 0 0 1 0 1 1 0 0 0 1 1 0 0 0	0 1 1 0 0 0 0 0 0 0 0 1 0 1 0 1 0 1 1 1 1 1 0 1 1 0 1 0 1 0 0 0 0 1 1 0 0 0 0 1 1 1 0 1 1 0 1 1 1 1 0 1 0 1 1 0 1 0 1 0 0 0 1 0 1 0 0 1 1 1 1 1 1 1 0 1 0 1 1 0 0 1 1 0 0 1 0 1 1 1 0 0 0 1 0 1 0 1 1 1
IND0049	0 1 1 0 0 0 0 1 0 1 1 1 0 0 0 1 1 1 1 1 0 0 0 1 1 0 1 1 1 1 0 1 0 0 1 1 1 1 0 1 1 0 0 0 0 1 0 1 0 1 1 0 1 0 0 1 1 1 1 1 0 1 1 1 1 1 1 1 0 0 0 0 0 0 0 0 1 1 0 0 0 1 1 0 1 0 0 0 0 0 1 0 1 0 0 1 1 0 1 1	0 0 1 1 0 1 1 1 1 1 1 1 1 0 1 1 1 1 0 1 0 1 1 1 0 1 0 0 1 1 0 0 0 0 0 0 1 0 1 0 0 0 0 1 0 0 1 1 1 0 1 1 0 0 0 0 0 1 1 1 0 1 1 0 0 1 1 0 1 0 1 0 1 1 1 1 1 1 1 0 0 0 1 1 0 0 1 0 1 0 1 1 0 1 1 1 0 0 1 1
IND0050	0 0 0 0 1 1 1 0 1 1 1 1 1 1 0 1 1 0 0 0 0 0 0 0 1 1 0 0 0 0 1 1 1 1 0 1 1 0 0 1 0 0 0 0 0 1 1 1 1 1 1 0 0 1 0 1 1 1 1 0 1 1 0 0 1 0 0 1 1 1 0 0 0 1 1 1 1 1 0 0 1 0 0 1 0 0 1 0 0 0 0 0 0 0 0 0 0 0 0 1	1 1 1 1 0 0 0 0 0 1 1 1 1 0 0 1 0 1 0 0 0 1 0 0 0 0 0 1 1 0 0 1 0 0 0 1 1 0 0 0 0 1 0 0 0 1 0 1 1 0 1 1 0 1 0 0 0 1 0 1 1 0 0 1 1 1 1 1 0 1 0 1 1 1 1 0 0 0 0 1 1 0 1 0 1 1 0 1 0 0 1 0 0 0 1 1 1 1 1 1
IND0051	1 0 0 0 1 1 1 1 1 0 1 0 1 1 1 1 0 1 0 1 1 1 1 1 1 0 1 0 1 1 1 0 0 1 1 0 1 1 1 1 1 1 1 0 1 0 0 0 0 1 0 1 1 1 1 1 0 1 0 1 0 1 0 1 1 1 1 0 0 1 0 0 1 0 1 0 1 1 0 0 0 0 0 1 0 1 1 0 1 0 1 1 1 1 1 1 1 1 0 1	1 0 1 0 1 0 1 0 0 1 0 0 1 0 1 1 0 1 1 0 1 0 1 1 0 0 1 1 1 1 0 0 1 1 1 0 1 0 1 0 1 1 0 1 1 1 1 0 1 1 1 1 1 1 0 0 0 1 1 1 0 0 1 1 1 0 0 1 1 0 0 0 0 0 0 1 0 0 1 1 1 0 0 1 1 0 0 0 1 0 0 0 1 1 0 0 1 1 0 1
IND0052	1 0 1 0 1 0 1 1 0 1 0 0 0 0 1 1 0 0 0 1 0 1 0 0 0 1 1 1 1 0 1 0 1 1 1 1 1 0 1 1 0 1 0 1 0 1 1 1 0 0 0 1 1 0 0 0 0 0 1 1 1 1 0 0 0 0 1 1 1 0 0 0 0 1 1 0 1 1 0 1 0 0 1 1 0 1 0 0 0 0 1 0 0 0 1 1 1 1 0 0	1 0 0 1 1 0 1 1 0 1 1 0 0 1 0 1 0 1 0 1 0 1 1 0 0 1 1 0 1 0 0 1 1 0 1 0 1 1 1 0 0 1 1 1 1 0 0 1 0 1 0 0 0 0 1 1 0 1 0 0 0 1 0 1 0 1 0 0 0 1 0 0 1 1 0 0 1 1 0 1 0 1 0 0 0 1 0 1 0 1 1 1 1 1 0 0 1 0 1 0
IND0053	0 1 0 1 0 1 1 0 0 1 0 0 0 0 0 0 0 1 1 1 0 1 0 1 0 0 0 1 1 1 1 0 0 1 0 1 1 0 1 0 0 0 0 0 1 0 1 0 0 0 0 1 0 0 0 1 1 1 0 1 0 0 0 0 1 0 0 1 0 1 0 0 0 0 0 0 0 0 0 1 0 0 1 0 0 0 0 0 1 0 1 1 1 1 1 1 1 0 0 0	1 0 0 1 0 0 0 0 1 0 0 0 0 1 0 1 1 1 1 1 1 0 0 0 0 0 1 0 0 0 0 1 0 0 1 0 1 1 0 0 0 0 0 0 1 1 1 1 1 1 1 1 1 0 0 1 0 0 0 1 0 1 1 1 0 1 1 1 0 1 1 0 1 1 1 0 0 0 1 0 1 0 0 1 0 0 1 1 1 1 0 1 0 1 0 1 1 1 1 0
IND0054	0 1 1 0 1 1 1 0 1 0 0 0 1 1 0 1 1 0 1 1 1 1 1 1 0 1 0 0 0 0 0 1 1 1 0 0 1 0 0 0 0 1 1 0 0 1 1 0 1 0 0 0 0 0 0 1 1 0 0 0 1 0 1 0 0 1 1 1 1 1 1 1 1 1 0 0 1 1 1 1 0 1 1 0 1 0 1 1 1 0 0 0 0 1 1 0 0 1 0 0	0 0 1 1 1 0 0 1 0 1 0 1 1 0 1 1 1 0 1 1 0 1 1 1 1 0 0 1 1 1 0 1 0 1 0 1 0 0 0 0 1 1 1 1 0 1 1 0 1 0 0 0 1 1 1 1 1 0 0 0 1 0 0 0 0 1 1 0 0 1 0 0 0 0 0 1 1 1 1 1 0 0 1 1 1 0 0 0 1 0 1 1 1 0 0 0 0 1 1 0
IND0055	0 1 0 1 1 1 1 0 0 0 0 0 0 1 0 0 1 1 1 1 1 0 0 1 1 0 0 1 1 1 1 0 1 1 1 0 1 1 0 0 1 0 0 1 0 0 1 0 1 1 0 1 1 0 0 1 1 1 1 0 0 0 0 1 0 1 1 1 0 1 1 1 0 1 1 0 1 0 1 1 0 0 0 1 1 1 0 1 0 0 0 0 1 1 0 0 0 0 0 0	1 1 0 1 0 0 1 0 0 1 1 1 0 0 0 0 1 0 1 1 1 0 1 1 0 1 0 1 0 1 0 0 1 1 1 1 0 0 1 1 1 0 1 1 1 0 0 1 0 1 0 1 0 1 0 0 0 1 1 0 0 1 0 1 0 0 1 0 1 0 1 0 0 1 0 1 1 0 1 1 0 1 1 0 1 0 1 0 1 0 0 1 0 1 1 1 1 1 0 1
IND0056	0 1 1 0 1 0 0 1 1 1 0 0 0 0 1 0 0 0 1 0 0 1 1 0 0 0 0 1 1 0 0 1 0 1 0 0 1 0 1 1 0 0 0 0 0 0 1 0 1 1 0 1 0 1 0 0 0 1 1 0 0 1 1 0 0 1 0 1 1 0 0 0 0 1 1 0 1 1 1 1 0 1 0 0 0 1 1 1 0 0 0 1 1 1 0 1 1 0 0 1	1 1 0 1 0 0 1 0 0 0 0 1 1 1 0 0 0 0 0 0 1 0 0 1 0 0 0 1 0 0 1 0 1 1 1 0 1 0 1 0 1 0 0 0 1 0 1 1 0 1 0 0 1 1 0 1 1 1 1 1 1 1 0 1 0 1 0 1 0 0 1 1 1 1 0 1 1 1 0 1 1 1 1 1 0 0 1 1 0 1 0 0 0 1 0 1 1 0 0 0
IND0057	1 0 1 0 1 0 1 0 0 0 0 1 0 1 0 0 1 0 1 0 0 1 0 0 0 0 0 0 1 0 1 1 0 1 1 0 0 0 0 0 1 0 0 1 0 1 1 0 1 0 0 1 1 1 0 0 1 1 1 1 1 0 1 0 0 0 1 1 0 1 0 0 1 0 0 1 0 0 1 0 1 0 0 1 1 1 0 0 0 0 1 1 1 0 1 1 1 1 0 1	0 1 0 1 0 1 1 0 1 1 1 1 0 1 0 1 1 0 1 1 0 0 1 1 0 0 1 0 0 0 0 0 0 1 1 1 1 1 1 1 1 0 1 1 1 0 0 0 0 1 1 0 0 0 1 0 1 1 1 1 0 0 1 0 0 1 0 1 0 0 1 0 0 1 1 1 1 0 0 1 0 1 0 0 0 0 1 1 0 0 0 1 0 1 0 1 1 0 1 0
IND0058	1 1 0 0 0 1 0 1 0 0 0 0 0 0 0 0 0 1 0 0 0 0 1 0 1 1 1 0 0 0 0 1 0 0 0 0 1 1 0 1 1 0 0 0 0 1 1 0 0 0 1 0 0 0 1 1 0 1 1 0 1 0 1 0 1 0 1 0 0 0 0 0 0 0 1 1 0 0 1 0 0 1 0 0 0 0 0 0 1 0 1 1 1 0 0 1 1 0 1 0	0 0 1 0 0 1 0 1 0 1 1 0 0 1 0 0 1 0 0 0 1 0 0 0 1 1 1 0 1 1 1 1 0 0 1 0 0 0 0 0 0 0 0 1 1 0 1 1 0 0 0 1 1 0 1 1 0 0 0 1 1 1 1 1 1 0 0 1 0 0 0 0 0 0 0 1 1 0 1 1 0 1 0 0 0 0 1 1 1 0 1 1 0 0 0 0 0 0 0 1
IND0059	0 0 1 0 1 0 1 1 1 1 0 0 0 1 0 1 0 0 1 0 1 1 1 1 1 1 1 1 1 1 0 1 1 1 1 0 1 1 0 0 0 1 1 1 1 0 0 1 0 0 0 1 1 1 1 0 1 0 1 1 1 1 0 0 1 0 1 1 0 0 1 1 1 0 0 1 1 0 0 1 0 0 0 1 0 0 1 0 0 1 0 1 1 1 1 1 0 1 0 0	1 1 0 1 0 0 1 0 1 1 0 0 0 0 0 0 0 0 0 1 1 0 1 0 0 0 1 0 0 0 1 1 0 0 0 0 0 1 0 0 1 1 0 1 1 0 1 1 1 1 1 0 1 0 0 1 0 0 1 1 0 1 0 1 1 1 1 1 1 1 0 1 0 0 1 0 1 0 0 0 0 0 0 1 0 1 1 1 0 0 1 0 1 1 1 1 1 1 1 1
IND0060	0 1 0 0 0 0 1 0 0 0 0 1 0 0 1 0 0 0 1 0 0 1 0 1 1 1 1 0 0 1 0 1 1 1 0 1 1 1 0 1 1 0 0 1 0 1 0 0 1 1 0 0 0 1 1 0 1 1 0 0 1 0 0 0 1 0 1 0 0 0 1 0 1 0 0 0 0 0 1 1 0 0 1 1 1 0 1 0 0 1 1 0 0 1 1 1 0 0 1 1	1 0 0 1 0 0 0 0 1 0 0 0 0 1 1 1 1 0 1 1 1 0 1 1 1 0 1 0 1 0 1 0 1 0 0 0 0 1 0 1 0 1 1 1 0 1 1 1 1 0 0 0 0 0 1 1 1 1 0 0 0 0 1 0 1 1 1 1 1 1 0 1 0 1 0 1 0 1 0 1 0 0 0 1 0 0 0 0 1 0 1 1 0 1 0 1 1 0 1 0
IND0061	1 1 1 0 0 1 1 1 0 1 0 1 1 1 1 1 1 0 0 0 1 0 0 1 1 0 1 0 1 0 1 0 1 0 1 0 1 0 0 1 1 0 1 1 0 1 1 1 1 0 1 1 1 0 0 0 1 1 1 0 1 0 1 1 1 0 1 1 1 1 1 0 1 1 0 0 0 1 0 1 0 0 1 1 0 0 1 1 1 0 1 1 0 0 1 1 0 1 1 1	1 1 0 0 0 1 1 0 0 1 0 0 1 1 0 1 1 1 1 0 0 1 0 0 0 1 1 0 0 0 0 0 0 0 0 0 0 0 0 0 1 1 0 1 0 0 1 1 0 1 0 0 0 0 1 1 1 0 0 1 0 0 1 0 0 1 0 0 1 1 0 0 0 1 1 1 1 0 1 0 0 0 0 0 1 1 0 0 0 0 1 0 0 1 0 1 0 0 1 0
IND0062	1 1 0 0 1 1 0 0 0 1 0 0 1 1 1 1 0 0 0 1 1 0 0 0 1 1 1 1 0 0 1 1 1 1 0 0 1 1 0 0 1 0 1 0 1 0 1 1 0 0 0 0 1 1 1 0 1 1 1 0 1 0 1 0 0 1 0 1 0 0 1 0 1 1 1 1 1 0 1 0 0 1 0 1 1 0 1 0 1 0 1 0 0 1 1 1 1 1 0 0	0 0 0 1 1 0 0 1 0 0 1 1 0 0 1 0 1 1 1 0 1 1 0 1 0 0 0 1 0 0 1 1 1 1 0 0 0 1 0 1 1 1 1 0 1 1 0 0 0 1 1 1 1 0 0 0 0 0 0 1 0 0 1 0 0 0 1 1 1 0 0 0 1 0 0 1 0 1 1 0 0 1 1 0 1 1 1 1 1 1 0 0 1 1 0 1 0 0 0 0
IND0063	1 1 1 1 0 0 0 0 0 0 1 1 0 1 0 0 1 0 1 1 0 1 0 1 1 1 1 1 0 0 1 1 0 1 0 1 1 0 0 0 1 0 0 0 1 1 0 0 0 1 0 1 1 0 0 1 1 0 0 0 0 1 1 1 0 1 0 1 1 1 0 0 1 1 1 1 0 0 0 1 1 1 1 0 1 0 1 0 0 1 1 0 0 1 1 0 1 1 1 1	1 1 0 1 0 1 0 1 1 0 0 1 1 0 1 1 1 0 1 0 1 1 0 0 1 1 0 1 0 0 0 0 1 1 0 1 0 1 1 1 1 1 0 1 0 1 1 0 0 1 0 0 0 0 0 0 0 0 1 1 0 0 0 1 0 1 0 0 1 1 1 1 0 1 0 0 1 1 0 1 1 0 1 1 0 1 1 0 0 1 0 1 0 0 1 1 1 0 0 1
IND0064	0 1 0 1 1 1 0 0 1 0 0 0 1 1 1 1 0 1 1 0 0 1 1 1 1 1 1 1 0 1 1 1 1 0 0 0 1 0 1 0 1 0 0 0 1 0 0 1 0 0 0 0 1 1 1 1 0 1 1 0 0 1 0 1 1 0 1 0 1 0 1 0 0 1 0 0 1 1 1 0 1 0 1 0 0 0 1 1 0 1 1 0 1 0 0 0 0 1 1 1	1 0 0 1 1 1 0 0 1 1 1 1 1 1 1 1 0 1 0 0 1 0 0 0 1 0 1 0 0 0 1 0 1 0 1 1 1 0 0 1 1 1 0 1 0 0 1 1 0 1 1 0 0 0 1 0 0 1 0 1 1 1 0 1 1 1 0 1 1 0 0 0 1 0 1 0 0 1 1 0 1 1 0 1 1 1 0 0 0 0 0 0 1 0 1 0 0 0 0 0
IND0065	1 0 1 1 1 0 1 1 1 1 1 0 1 1 1 1 1 0 1 1 1 0 1 1 0 1 0 0 1 0 1 1 1 1 1 0 0 0 1 1 0 1 0 0 0 0 1 0 0 1 1 1 1 1 1 0 0 1 1 0 0 1 0 1 1 0 1 1 1 1 0 0 1 0 0 0 0 1 0 1 0 1 1 1 0 1 1 1 0 1 1 1 0 0 0 0 0 0 1 1	0 1 0 0 0 1 0 0 0 0 1 0 1 0 0 1 1 0 1 1 0 0 1 1 1 1 1 0 1 1 1 1 0 1 0 1 0 0 1 1 0 0 0 1 1 1 1 1 1 0 0 0 1 0 1 0 1 1 0 1 1 0 0 0 1 1 1 0 0 1 0 0 0 0 0 0 0 1 0 0 1 0 0 0 0 1 0 0 0 1 1 0 1 1 0 0 1 1 0 0
IND0066	0 0 0 1 0 1 0 0 1 0 1 0 0 1 1 1 1 0 1 0 0 0 0 0 1 0 0 1 0 1 0 0 1 1 0 1 0 0 1 1 1 0 1 0 1 1 1 0 0 1 1 1 0 0 0 0 0 0 0 0 1 1 0 0 0 0 1 0 0 1 1 1 1 0 0 0 0 0 0 0 0 1 0 0 1 1 1 0 0 1 1 0 0 0 1 0 0 1 1 0	0 1 1 0 1 1 0 0 1 1 0 1 1 1 0 0 0 0 0 0 1 0 1 0 0 0 0 0 1 1 0 0 0 1 1 0 0 0 0 0 0 1 0 0 0 1 1 0 0 1 1 0 0 1 0 0 1 1 0 0 1 0 1 0 1 1 1 0 1 1 1 1 0 0 0 1 0 1 0 1 1 1 1 0 1 1 0 0 1 1 0 0 1 1 1 0 0 1 1 1
IND0067	0 0 1 0 1 1 0 1 1 0 0 1 0 1 0 1 0 0 1 1 0 0 0 0 0 0 1 0 1 1 0 1 1 0 0 1 1 1 0 1 1 0 0 0 0 0 1 0 0 0 0 1 0 0 1 1 1 1 0 0 1 0 0 1 0 1 1 0 0 0 0 0 1 0 0 1 1 1 0 0 1 1 0 1 1 1 0 1 0 0 1 1 1 1 1 0 1 1 0 0	0 1 1 0 1 1 1 1 0 0 1 1 1 1 1 0 0 1 1 1 0 0 0 0 1 1 1 0 1 0 1 1 1 0 0 0 1 0 1 0 0 0 1 1 1 0 0 0 0 0 1 0 1 1 0 0 0 0 1 0 0 1 0 1 0 0 1 0 1 0 0 0 0 1 1 1 1 1 0 1 1 1 0 1 1 1 0 1 0 0 0 1 1 0 1 0 0 1 0 1
IND0068	0 0 0 0 1 0 0 0 0 1 0 1 0 0 1 0 1 1 1 0 1 1 0 0 1 1 0 1 0 0 1 0 1 0 1 0 1 1 1 0 0 0 1 1 0 0 1 1 1 0 0 1 1 1 1 0 1 1 1 1 0 0 1 1 0 0 0 1 0 0 1 0 1 1 1 0 1 0 1 0 0 1 0 0 1 0 0 0 0 1 0 1 0 0 0 0 0 1 1 1	0 0 0 0 0 0 1 1 0 1 0 0 0 0 1 1 0 1 0 0 1 0 1 1 0 0 0 1 0 0 0 0 0 1 1 0 0 1 1 0 0 1 1 1 1 1 1 1 1 1 0 0 1 0 1 1 1 0 0 0 1 0 1 0 1 0 0 0 1 0 0 0 1 0 1 1 0 1 1 0 1 0 0 1 0 0 0 0 1 0 0 1 1 0 0 0 1 0 1 1
IND0069	1 0 1 0 0 0 1 0 0 0 0 1 1 0 1 0 1 0 0 1 0 0 1 0 0 1 1 1 0 1 0 0 1 0 0 1 0 0 1 0 0 1 0 1 1 0 0 1 0 1 1 1 1 1 1 0 0 1 1 1 1 0 0 0 0 0 1 1 0 1 1 1 0 1 0 1 0 0 0 0 0 1 0 1 0 1 0 0 1 0 0 1 0 1 1 1 0 1 0 0	1 1 0 1 1 1 1 1 0 0 1 0 0 1 1 0 0 0 1 1 0 0 1 1 1 0 1 1 0 0 1 1 1 0 1 1 1 1 0 1 0 0 0 0 0 0 1 1 0 0 0 1 0 0 1 0 0 0 0 0 1 1 1 0 1 1 1 0 1 0 1 0 0 0 0 1 0 0 1 1 1 0 0 1 0 1 1 0 0 0 1 0 0 1 1 1 0 1 0 1
IND0070	0 0 1 1 1 1 0 0 0 0 0 0 1 1 1 1 0 1 1 1 0 1 0 1 1 0 0 0 0 1 0 1 1 0 0 0 0 0 1 0 0 1 0 0 0 1 1 0 1 1 1 0 0 0 0 1 1 1 0 1 0 0 0 1 0 0 1 1 0 0 1 1 1 0 1 1 0 1 0 1 0 0 0 0 0 0 0 1 0 0 1 1 1 1 0 1 1 0 1 1	0 0 1 0 0 1 1 1 1 1 0 1 0 0 0 1 0 1 1 0 0 0 0 0 0 1 0 0 1 1 1 0 1 0 1 1 0 0 0 1 0 0 1 0 0 1 0 0 1 1 1 1 0 0 0 0 0 0 0 0 0 0 1 1 1 1 1 1 0 0 1 0 1 0 0 1 1 1 0 1 1 1 1 1 0 1 1 1 0 1 1 0 1 1 0 1 0 1 1 1
IND0071	0 0 0 0 0 1 0 1 0 1 0 0 0 1 1 1 0 0 1 1 0 1 0 0 1 0 0 0 1 0 1 0 1 1 0 1 0 1 1 1 1 1 0 0 0 1 0 0 0 0 0 0 0 1 0 0 0 0 1 0 0 0 1 1 1 1 0 0 0 1 0 1 1 1 1 1 0 1 1 0 1 0 0 0 1 0 0 0 1 0 0 1 1 1 1 1 1 0 1 1	0 0 0 1 1 1 1 1 0 1 0 0 1 0 0 0 1 0 1 0 0 1 0 1 1 1 0 1 0 0 0 1 0 0 0 1 0 0 0 1 1 1 1 1 0 0 0 0 1 0 1 1 1 0 0 0 1 0 0 0 1 1 1 0 1 1 1 0 0 0 0 1 1 1 1 1 1 1 1 1 0 0 0 1 0 0 0 0 1 0 1 0 1 1 0 0 1 0 1 1
IND0072	0 1 1 1 0 1 1 1 1 0 1 1 1 1 0 0 1 1 0 0 0 0 0 0 1 0 0 1 0 0 0 0 0 0 0 1 0 0 0 1 1 0 1 0 0 1 0 1 0 0 0 0 1 1 1 1 1 1 1 1 1 1 0 1 1 1 1 1 1 1 1 1 0 0 0 0 1 1 0 0 1 0 1 0 1 0 1 1 1 1 0 0 0 1 0 0 1 0 0 0	0 1 1 1 0 0 0 0 0 0 0 0 0 1 1 1 0 1 0 0 0 1 0 0 1 1 0 0 0 0 0 0 1 1 1 0 0 0 1 1 0 0 0 1 0 1 1 1 1 0 1 1 1 1 1 1 0 0 1 0 1 1 0 0 1 1 0 1 1 0 1 0 1 0 1 1 1 1 0 0 1 0 0 0 0 0 1 0 0 0 1 1 0 0 0 1 1 1 0 0
IND0073	0 1 0 1 1 1 0 1 0 1 0 0 1 1 1 0 0 1 1 1 1 1 0 0 0 1 1 0 1 1 0 0 0 1 1 1 1 1 1 1 1 0 1 1 1 0 0 0 1 0 0 1 0 1 1 0 1 1 1 1 1 1 1 0 1 1 1 1 0 0 0 0 1 1 0 1 0 0 0 1 0 1 1 0 0 0 1 1 1 0 0 1 0 1 1 1 1 1 1 1	1 1 0 0 0 1 0 1 0 1 0 0 0 0 0 1 0 1 0 1 1 0 0 1 1 1 1 0 1 1 1 1 1 0 0 1 1 0 1 1 0 1 1 1 1 0 1 0 0 0 1 1 1 1 0 0 0 0 0 0 1 0 1 1 1 1 0 0 1 1 1 0 0 1 1 0 0 1 1 1 1 0 0 1 1 1 1 0 0 0 0 0 1 1 1 0 1 1 1 1
IND0074	0 0 0 1 0 1 0 0 1 1 1 0 0 1 0 1 1 1 1 0 1 1 0 1 1 1 0 1 1 0 1 1 1 1 1 1 0 0 1 1 1 0 0 0 1 1 0 0 1 0 0 1 1 0 1 0 1 1 1 0 0 1 0 1 0 0 0 0 1 1 1 1 1 0 1 0 0 1 1 1 1 1 1 0 0 0 1 1 0 0 0 1 1 1 1 0 0 1 0 1	1 1 1 1 1 0 0 1 0 0 1 0 1 0 1 0 1 1 0 1 1 0 1 0 0 0 1 0 0 1 1 1 1 0 1 1 1 1 1 1 1 0 1 0 0 0 0 1 1 1 1 0 1 0 1 1 1 0 0 0 0 0 0 1 0 0 1 0 1 1 0 0 0 1 1 1 0 0 0 0 0 1 0 0 0 0 1 1 1 1 1 0 0 0 0 1 0 0 1 0
IND0075	0 1 1 1 1 1 0 1 1 1 0 1 1 0 0 1 0 1 1 0 0 0 1 1 1 1 1 0 1 0 0 1 0 0 0 0 1 1 1 1 1 1 0 0 1 0 1 1 1 1 1 0 0 1 1 1 0 1 0 0 1 1 0 0 0 0 1 0 1 1 1 0 1 1 1 0 0 1 1 1 0 0 1 1 0 0 1 0 0 0 1 0 0 0 0 0 1 0 0 1	1 1 1 0 0 0 1 0 1 0 1 1 0 0 1 0 1 0 1 0 0 0 1 0 1 1 0 0 0 0 1 0 0 1 0 1 0 1 0 1 0 0 1 0 1 0 1 0 1 1 1 1 1 1 1 0 0 0 0 0 0 1 0 1 1 1 1 1 0 0 1 1 0 0 1 0 0 1 1 0 1 0 0 0 1 1 1 1 0 0 1 0 0 1 1 0 0 1 0 1
IND0076	0 0 0 0 1 0 1 0 0 0 0 0 1 1 0 1 0 1 1 0 1 0 1 1 0 1 0 1 1 0 0 1 0 0 1 1 1 1 1 0 0 0 0 0 1 0 1 1 0 0 0 1 1 1 0 1 1 1 0 1 0 1 1 1 0 0 1 0 1 0 0 0 1 1 0 0 0 0 1 0 1 1 0 1 1 0 1 1 1 1 0 1 1 1 0 1 1 1 0 0	1 0 0 1 0 0 0 0 1 1 1 0 0 0 1 0 1 0 0 0 0 0 0 1 1 0 1 0 1 1 0 1 0 1 0 1 1 1 1 0 0 0 0 1 1 0 0 1 0 1 1 1 1 1 0 0 1 0 1 1 1 1 1 1 1 1 1 0 1 1 0 0 0 0 1 1 0 1 0 0 0 1 1 0 1 0 1 1 0 0 1 0 0 0 0 1 0 1 0 0
IND0077	1 1 0 0 0 1 1 1 1 1 0 1 1 1 0 1 0 0 0 1 1 0 1 0 1 1 1 0 1 1 1 0 0 0 0 0 0 0 0 1 1 0 0 0 1 0 1 1 1 1 0 0 0 0 0 0 1 1 1 0 1 1 0 1 1 0 0 1 0 0 1 1 1 1 1 0 1 1 1 0 0 1 0 1 1 1 0 0 1 1 1 1 1 1 1 1 0 1 1 0	1 1 0 1 1 0 1 0 0 0 0 1 0 1 1 1 0 1 1 1 1 0 1 0 1 1 0 1 1 0 0 1 0 0 0 1 1 1 1 0 0 1 0 0 1 1 0 1 0 1 1 0 0 1 0 0 1 0 1 0 0 0 0 0 1 1 0 0 0 0 0 1 0 0 0 1 1 1 0 0 0 0 1 1 0 1 1 0 0 0 1 1 0 1 1 1 0 0 0 1
IND0078	0 0 1 0 0 0 0 0 0 1 0 0 1 1 1 0 0 0 1 1 0 0 1 1 1 0 1 1 1 0 1 1 0 0 1 1 1 1 0 1 1 0 0 1 0 0 0 0 0 1 1 1 1 0 0 0 1 0 0 1 1 1 0 1 0 0 0 0 0 0 0 1 1 0 0 1 0 0 1 1 0 0 0 1 1 0 0 1 1 0 1 1 1 1 0 0 1 0 0 0	0 0 0 0 1 1 1 0 0 0 1 1 1 1 0 1 0 0 0 0 1 1 1 0 1 1 0 1 1 0 0 1 1 1 1 0 0 0 0 0 1 1 0 1 0 0 1 0 1 1 1 0 0 0 0 1 0 1 0 1 1 1 0 0 0 0 1 1 1 1 1 1 0 0 0 0 0 0 1 0 1 1 0 0 0 1 1 0 0 0 1 1 0 0 1 1 0 0 1 1
IND0079	0 1 1 0 0 0 1 1 0 1 1 1 0 1 1 0 0 1 1 1 0 0 1 0 0 0 1 1 0 0 0 1 0 1 1 1 1 1 0 0 0 0 1 0 1 1 0 1 0 0 1 0 1 1 0 1 0 1 1 0 0 1 0 0 1 1 0 0 0 0 0 1 1 1 0 0 1 0 1 0 1 0 1 0 1 0 1 1 0 0 1 0 1 0 0 0 1 0 1 0	1 0 0 0 0 0 1 1 1 1 1 1 1 0 0 1 0 1 0 0 0 1 0 1 0 1 0 1 1 1 1 1 1 0 0 0 1 1 1 0 1 1 1 1 1 1 1 1 1 0 0 1 0 0 1 0 0 1 0 0 0 1 1 0 0 0 0 1 1 1 0 1 0 0 0 0 1 1 1 0 1 1 0 1 0 0 1 1 0 1 0 0 0 1 0 0 0 1 0 1
IND0080	1 1 0 0 1 1 0 0 1 0 0 0 1 1 0 1 0 0 0 0 0 1 1 1 0 1 0 1 0 1 1 0 1 1 1 1 1 1 0 0 0 1 0 0 0 0 1 1 1 1 0 0 1 0 0 1 0 1 1 0 0 0 0 0 1 0 1 1 1 1 0 1 0 1 1 0 0 0 0 1 1 0 0 1 1 1 1 1 0 1 0 0 1 0 0 1 1 1 0 0	1 1 0 0 1 0 0 1 0 1 0 0 1 1 0 0 1 0 1 1 1 0 0 0 0 0 0 0 0 0 1 0 0 0 0 0 0 0 1 1 0 0 1 1 1 1 0 1 1 0 1 1 1 1 0 1 0 1 0 1 1 0 0 0 0 0 0 0 1 1 0 0 0 0 0 1 0 0 0 0 1 0 1 1 1 1 1 1 1 1 1 1 1 1 0 1 0 1 0 1
IND0081	1 1 1 0 0 0 0 1 1 1 1 1 0 1 1 0 1 0 0 1 1 1 0 1 0 1 0 0 1 0 0 0 1 0 0 1 1 1 0 0 0 0 0 0 1 0 0 0 0 1 1 0 1 0 1 0 0 0 1 0 0 1 0 1 0 0 1 1 1 1 1 0 1 1 1 1 1 1 0 1 1 0 0 1 1 1 0 1 1 1 1 0 1 1 1 0 0 0 1 0	0 1 0 0 1 0 1 0 0 0 0 0 1 0 1 1 0 1 1 1 0 1 1 1 1 0 0 1 1 0 0 1 0 0 1 1 0 1 0 0 0 1 0 1 0 1 1 1 0 0 1 0 1 0 0 1 0 0 0 1 1 0 1 1 1 1 1 1 0 1 0 0 1 0 1 0 0 1 1 0 1 1 1 0 0 1 0 0 0 0 1 1 0 0 0 1 1 1 0 0
IND0082	0 0 1 0 0 0 0 0 0 0 1 0 0 0 0 0 0 1 0 0 0 1 1 1 1 1 0 1 0 1 1 1 1 0 0 0 0 0 1 0 0 1 0 0 1 1 1 0 0 0 0 1 1 1 1 0 0 0 0 0 0 0 1 0 1 0 1 1 0 0 0 1 1 0 0 1 0 0 0 0 1 0 1 1 1 0 1 0 1 1 1 1 1 0 0 0 1 0 0 0	0 1 0 1 1 0 1 0 0 1 0 0 1 1 0 1 1 1 0 0 1 1 1 1 1 1 0 0 0 1 0 0 1 0 0 0 0 0 1 0 1 0 0 0 0 1 1 0 0 0 0 0 0 1 1 0 0 1 0 1 1 1 1 0 1 0 0 1 1 0 0 1 1 0 0 0 1 1 1 1 0 1 0 1 0 0 0 0 0 1 1 0 1 0 0 1 0 1 1 0
IND0083	0 0 0 0 1 1 1 1 0 0 1 0 0 1 1 1 0 1 1 0 0 0 1 0 0 0 0 1 1 0 1 1 0 0 0 1 0 0 0 1 1 0 1 1 0 1 0 0 1 0 1 0 1 0 1 1 0 0 0 1 1 1 1 0 0 0 1 1 0 0 0 0 1 1 1 0 1 0 0 0 1 1 1 0 0 1 1 1 0 1 0 0 1 0 0 0 0 0 0 1	0 0 0 1 0 0 1 0 0 0 1 1 1 0 1 1 0 1 1 0 1 1 0 0 1 0 0 0 1 1 1 0 1 1 1 1 0 1 0 0 0 1 1 0 0 0 0 0 0 0 1 1 1 1 1 0 1 0 1 0 0 0 1 1 0 0 1 0 0 0 0 1 1 0 0 1 0 1 1 1 1 1 0 1 1 1 1 1 1 0 0 0 0 1 1 0 0 1 1 0
IND0084	1 0 1 0 0 1 0 1 1 0 1 0 1 0 1 0 0 0 1 0 0 1 0 0 1 0 0 1 0 1 0 1 0 1 0 0 1 0 1 0 0 0 0 1 0 1 0 1 1 1 1 1 1 1 1 1 0 1 0 1 1 0 1 1 1 0 0 1 1 0 1 0 1 0 1 1 0 0 1 0 1 1 0 0 0 1 1 0 1 0 1 0 0 0 0 0 1 1 1 1	1 1 0 0 0 1 0 0 0 1 1 0 1 0 1 1 0 0 0 0 1 1 0 0 0 1 1 1 1 0 1 0 1 0 0 0 0 0 1 0 1 0 1 0 0 1 1 0 1 1 1 1 0 0 1 0 0 1 1 1 0 1 1 0 0 0 1 0 1 0 0 0 1 0 1 1 0 0 0 1 1 0 0 1 1 0 1 1 0 1 1 1 0 1 1 1 0 0 0 1
IND0085	1 0 1 0 1 0 1 1 1 1 1 0 1 1 1 1 0 1 1 0 0 0 1 0 0 1 0 1 0 1 0 1 0 0 0 1 0 0 0 1 1 1 0 1 1 0 0 1 0 1 0 1 0 0 0 1 0 1 0 0 1 1 0 1 1 0 1 0 0 1 0 1 1 0 0 0 0 0 0 1 1 1 0 1 0 1 1 1 1 1 0 1 1 1 0 1 1 0 1 1	1 0 1 0 1 0 0 1 0 1 0 1 1 0 0 1 1 0 0 0 0 0 0 1 0 1 1 1 1 0 0 1 1 0 0 0 0 0 0 1 0 1 0 1 1 1 0 0 0 1 1 0 1 1 0 1 0 1 1 1 0 1 0 1 0 0 0 1 1 1 1 1 0 1 1 1 1 1 1 0 1 1 1 1 1 1 0 1 0 0 0 1 1 1 1 0 1 1 0 1
IND0086	1 0 1 1 0 0 1 0 1 1 1 0 0 1 1 1 0 1 0 0 0 1 0 0 0 1 0 1 1 1 1 0 1 0 1 1 1 0 0 1 1 0 0 0 1 1 0 1 1 0 1 0 1 0 0 1 1 0 0 1 0 0 0 0 1 0 1 0 0 0 0 1 1 0 1 1 0 1 1 1 1 0 1 0 1 1 0 0 1 1 1 1 1 0 1 0 1 1 1 0	1 0 1 1 1 1 1 1 0 0 0 0 1 0 1 0 0 1 1 1 0 1 1 1 0 0 0 0 0 1 1 1 0 0 1 0 0 1 1 0 1 1 0 1 0 1 1 0 1 0 0 1 1 0 0 0 1 1 0 1 1 0 0 0 1 1 1 0 1 0 1 1 0 1 1 0 1 1 1 1 0 0 1 0 1 1 1 0 1 1 1 1 0 1 0 0 1 1 1 1
IND0087	0 1 0 0 1 1 1 0 0 1 1 1 1 0 1 1 0 0 1 1 1 0 1 0 0 1 0 0 1 0 1 1 0 0 0 0 0 0 1 0 0 1 0 1 1 0 1 0 0 0 0 1 1 0 0 0 0 0 1 0 0 0 1 0 1 0 0 1 0 1 1 0 1 1 1 1 0 0 0 1 1 0 1 0 1 0 1 0 1 1 0 1 0 0 0 0 1 1 1 0	1 0 1 0 1 0 1 1 1 0 1 0 1 1 1 1 0 1 1 1 1 1 1 0 0 1 1 0 1 0 0 0 1 1 0 0 0 1 0 0 0 0 0 0 0 0 0 1 0 1 0 1 0 0 1 0 1 1 1 1 1 1 1 1 1 0 1 1 1 0 1 1 0 0 1 0 0 1 0 0 1 1 1 1 0 1 1 1 1 0 0 1 1 1 1 1 0 1 0 1
IND0088	0 0 0 0 1 0 0 0 1 0 0 1 0 1 0 1 1 0 1 1 0 1 1 1 0 0 1 0 1 1 0 0 0 0 0 0 1 0 1 0 1 0 0 1 1 0 0 0 0 0 0 1 0 1 1 1 1 0 1 0 0 0 0 0 1 1 1 1 1 1 0 1 1 1 0 1 1 1 0 1 0 1 0 0 0 0 1 1 1 1 1 1 1 0 1 1 0 0 1 0	0 1 0 1 0 1 1 1 1 1 0 1 1 1 1 1 1 1 1 0 0 1 0 1 1 1 0 0 0 0 1 0 0 1 0 0 1 0 1 0 0 1 1 0 1 1 1 1 0 1 1 0 1 0 1 0 1 1 0 0 1 0 1 0 1 0 0 0 1 1 0 0 0 0 1 0 1 1 1 1 1 1 1 1 1 1 0 0 1 1 0 0 1 1 0 1 0 1 0 1
IND0089	0 1 0 1 1 0 0 1 1 0 1 0 0 1 0 0 1 1 0 0 1 1 0 0 1 0 1 1 0 1 1 1 0 1 1 0 1 0 0 0 1 0 0 0 1 0 0 1 0 0 1 1 1 0 0 0 0 0 0 1 1 1 0 0 0 0 0 0 1 1 1 1 0 1 0 1 0 1 1 0 1 1 1 0 1 0 1 1 0 0 0 1 1 0 1 0 1 1 1 1	0 0 0 0 0 0 0 1 1 0 1 0 0 1 0 1 0 1 0 1 0 1 1 1 1 0 0 0 1 1 0 0 0 0 0 0 0 1 0 0 1 0 1 1 1 1 1 1 0 0 0 1 1 0 0 1 0 0 1 0 1 0 1 1 1 0 1 0 0 1 1 0 0 1 0 0 1 0 1 1 1 1 1 0 0 0 1 1 0 1 1 1 0 1 1 1 0 1 0 1
IND0090	0 0 0 0 1 0 1 1 1 1 0 0 0 1 0 0 1 0 1 0 0 1 1 1 0 0 1 0 0 1 1 1 1 1 0 1 0 0 1 0 1 1 1 0 0 0 0 0 1 0 1 0 0 0 1 0 0 1 0 1 0 1 1 0 1 1 1 1 1 1 0 1 0 1 1 1 0 1 1 1 1 0 0 1 1 1 0 1 1 0 1 0 0 0 1 0 1 0 1 1	0 1 1 1 0 0 0 0 0 0 0 0 1 1 1 0 0 0 0 1 0 0 0 1 0 1 1 0 0 1 0 1 1 1 0 0 1 0 1 1 1 0 0 0 1 1 1 0 0 1 0 0 0 1 1 1 0 0 0 1 1 1 0 0 1 0 1 0 0 0 1 0 0 0 0 0 1 1 1 1 1 1 1 1 0 1 0 0 1 0 1 0 0 0 1 1 0 0 1 1
IND0091	0 1 0 0 1 0 0 0 0 1 0 0 1 0 1 0 0 0 0 0 0 1 1 0 0 0 0 0 1 1 1 0 0 0 0 1 0 1 1 0 1 1 0 0 0 1 0 0 0 1 0 0 1 0 1 0 0 1 1 1 0 1 0 0 1 1 0 0 1 1 0 0 1 0 1 1 0 0 1 0 0 0 1 0 1 1 1 0 1 0 1 0 0 0 0 0 1 0 1 1	1 0 0 0 0 1 1 1 0 1 1 0 1 1 1 0 0 0 0 1 0 1 0 1 1 0 0 1 1 1 1 1 0 1 1 1 0 0 1 1 1 1 0 0 0 1 0 1 1 0 1 1 1 0 0 0 0 0 0 1 0 0 1 0 0 0 1 1 1 1 0 0 1 0 0 0 0 1 1 0 1 1 0 1 0 1 0 1 0 0 0 1 0 0 1 0 0 1 0 0
IND0092	1 0 1 0 0 0 0 1 0 1 0 1 0 1 1 1 1 0 0 0 1 0 1 0 0 1 0 0 1 0 1 1 0 0 0 1 0 1 1 1 0 1 1 1 0 0 0 1 1 0 1 1 0 1 1 1 1 0 0 1 0 1 1 1 1 1 1 1 0 1 0 1 0 1 0 0 0 0 1 1 1 0 0 1 1 0 1 0 0 1 0 1 1 0 0 0 0 1 1 1	1 0 0 1 1 0 0 0 1 1 1 0 0 1 1 1 1 1 1 0 0 0 0 1 1 0 0 1 0 1 1 1 0 1 0 1 1 1 1 1 0 1 1 1 1 0 1 1 1 1 0 1 0 1 1 0 0 1 1 0 1 1 1 0 0 0 0 1 1 0 1 0 1 1 0 1 0 1 1 1 1 0 0 0 0 1 0 0 1 0 0 0 1 0 1 0 0 1 1 0
IND0093	1 1 1 0 1 0 0 0 1 0 0 0 0 1 1 0 0 1 0 1 1 0 0 0 0 0 1 0 0 0 1 0 0 0 0 1 1 1 1 1 1 1 0 1 1 0 0 0 0 0 0 0 0 1 1 1 1 0 1 0 0 1 0 1 0 1 0 0 0 1 0 0 0 1 0 0 0 0 1 1 0 0 1 0 0 0 1 0 0 1 0 1 0 1 1 1 0 1 0 0	1 1 1 0 0 1 0 0 1 1 1 0 1 1 0 0 0 0 1 1 1 0 1 1 0 1 0 0 0 0 1 1 0 1 0 1 1 1 0 1 0 1 0 1 0 0 0 0 1 1 0 1 0 1 1 1 1 0 1 1 0 1 0 0 1 1 1 0 1 1 1 1 0 1 1 0 0 1 0 0 1 1 0 1 0 1 1 0 1 0 1 1 0 1 0 0 1 0 0 0
IND0094	0 1 1 1 1 0 1 0 0 1 1 1 1 0 0 0 1 1 0 0 1 1 0 1 0 0 1 0 1 1 1 0 1 1 0 0 0 0 0 0 0 1 0 0 1 0 1 1 0 0 0 0 1 0 0 0 1 1 0 1 0 1 1 0 1 0 1 0 0 1 1 0 0 0 0 0 1 0 1 0 0 1 0 0 1 1 1 0 1 1 0 0 0 0 1 0 1 1 1 0	0 0 0 0 1 1 0 1 0 1 0 0 0 0 0 0 1 1 1 1 0 0 0 1 0 1 1 0 0 1 0 1 1 1 0 0 1 0 0 0 1 1 0 1 1 1 0 1 0 0 1 0 1 0 1 1 0 1 1 1 1 0 1 0 0 1 1 0 0 0 0 0 1 0 0 0 0 1 1 0 0 1 0 1 1 0 1 0 0 1 0 1 1 1 0 0 0 1 0 0
IND0095	0 1 0 0 1 1 0 0 0 1 1 0 1 1 0 0 0 0 0 0 1 0 1 0 0 1 0 1 0 1 0 0 0 1 0 1 1 0 1 0 1 0 1 0 1 0 1 0 1 1 0 1 1 0 0 1 0 1 1 1 0 1 0 1 0 1 1 0 1 0 0 0 0 1 1 0 1 0 1 0 0 0 1 0 0 0 1 1 0 1 1 1 0 0 1 0 0 0 0 0	0 1 1 1 0 1 1 0 0 1 1 0 1 1 1 1 1 0 0 0 1 1 1 0 0 1 1 0 0 1 0 1 0 0 0 1 0 1 0 0 0 1 1 0 0 1 1 0 1 0 1 1 0 0 0 0 1 0 0 0 0 1 1 0 0 0 0 1 1 1 1 0 0 0 1 0 0 0 0 0 0 0 1 0 1 1 0 1 0 1 0 0 1 1 0 1 1 0 1 1
IND0096	1 1 1 0 1 0 0 0 0 1 0 1 0 0 1 1 1 1 0 1 0 0 1 1 1 1 1 0 1 0 0 0 1 0 0 0 1 1 0 1 1 1 0 1 0 1 1 1 1 0 0 1 0 0 1 1 1 1 0 0 1 1 1 0 1 1 1 0 0 0 0 0 1 0 1 0 0 1 1 1 1 1 1 0 1 0 0 1 0 0 1 0 0 1 1 0 1 0 0 0	1 1 0 1 1 0 1 0 0 1 0 0 1 0 1 0 0 0 0 0 1 0 0 1 1 1 1 0 0 1 1 1 1 1 1 0 1 0 1 0 0 1 0 1 0 0 1 1 1 1 1 0 1 0 1 0 1 0 1 1 0 0 1 1 1 1 0 0 0 0 0 1 1 1 0 1 0 1 0 1 0 1 1 1 1 0 0 0 1 0 1 0 0 0 0 0 1 1 0 1
IND0097	1 0 0 1 1 1 1 0 1 1 1 1 0 1 0 1 1 1 0 1 0 1 0 1 0 1 0 0 1 1 0 1 0 1 0 1 1 1 1 0 0 0 0 0 0 0 0 1 0 0 1 1 0 1 1 0 1 0 0 1 1 0 0 0 0 0 0 0 1 0 1 0 0 1 1 1 0 0 1 1 1 0 0 0 1 0 0 0 1 1 1 1 1 0 1 1 1 0 0 1	0 0 0 1 1 0 1 1 1 1 1 0 1 1 1 1 0 0 0 1 0 0 0 0 1 0 0 1 0 0 0 0 1 1 1 0 0 0 1 0 0 0 0 1 1 1 1 0 1 1 0 1 1 1 1 0 1 1 0 1 1 0 0 0 0 0 1 1 1 0 1 1 0 0 1 0 1 0 1 0 1 1 1 1 1 0 0 0 1 1 1 1 0 0 1 0 1 0 1 0
IND0098	1 0 1 0 0 0 0 1 0 1 0 1 0 1 0 0 0 0 0 0 0 0 1 0 0 0 0 0 0 0 1 0 1 0 0 1 1 0 1 1 1 0 0 0 1 1 0 0 1 1 1 0 0 0 1 0 0 0 0 1 0 1 1 1 1 0 1 0 1 1 0 0 0 0 0 0 1 1 1 0 0 0 0 1 1 0 1 0 0 0 0 1 1 0 0 0 0 0 0 0	1 1 0 0 1 0 1 0 0 1 1 1 0 1 1 1 0 0 1 1 1 0 0 0 0 1 0 0 1 1 1 0 0 0 1 1 1 0 1 0 1 0 1 0 0 0 0 0 1 1 1 0 0 1 1 1 0 1 1 1 0 1 0 1 1 0 1 1 0 1 0 1 1 1 1 1 0 0 0 0 0 1 1 1 0 0 1 1 1 1 0 1 1 0 0 0 0 1 0 0
IND0099	0 1 1 0 1 1 0 1 1 1 0 1 0 0 1 1 0 0 1 0 1 0 1 1 0 0 0 0 0 1 0 0 1 0 1 0 1 1 0 1 0 0 1 1 1 0 0 0 1 1 1 1 1 1 0 1 0 1 0 1 0 0 0 1 1 0 0 0 0 0 0 1 1 0 1 1 0 1 0 0 1 0 1 1 0 0 0 1 0 0 0 0 1 1 0 0 1 1 1 1	1 1 0 0 0 0 1 1 1 0 0 1 1 0 1 1 1 1 0 0 1 1 1 1 1 1 1 0 1 0 0 1 1 1 1 1 1 1 1 0 1 0 1 1 1 1 0 1 1 1 1 1 0 0 1 0 1 0 0 0 1 1 0 0 1 0 0 0 1 0 1 0 1 0 0 0 1 0 1 1 0 0 1 0 1 0 1 1 1 0 1 1 0 1 1 0 1 1 0 0
IND0100	1 1 1 1 0 1 0 1 1 1 0 0 0 1 0 0 1 0 0 1 1 0 1 0 1 1 1 0 0 0 1 0 1 1 1 0 0 1 0 1 1 1 0 0 0 0 0 1 0 1 1 1 1 1 0 0 1 1 1 0 1 1 1 0 0 0 1 1 0 0 1 0 0 0 0 0 0 1 1 0 1 0 0 1 1 1 0 0 0 0 0 0 0 1 0 1 0 0 1 1	1 1 1 0 1 0 1 0 0 1 0 1 1 1 1 0 1 1 1 1 0 1 0 1 1 0 1 1 1 0 0 0 0 0 1 0 0 1 1 1 1 1 0 1 0 0 1 0 1 0 1 1 0 0 0 1 0 0 0 1 1 0 1 0 1 1 0 0 0 0 0 0 0 0 0 0 0 1 0 1 0 0 1 0 0 1 1 1 1 1 0 1 1 0 0 1 0 1 0 0
IND0101	1 0 0 0 1 0 0 1 1 1 1 1 1 1 1 0 1 0 0 1 1 0 0 0 1 1 0 1 1 1 0 0 0 1 0 0 1 0 0 1 1 0 0 0 1 0 1 1 0 1 1 1 1 0 1 0 0 0 1 0 0 0 1 1 1 1 0 1 0 0 0 1 1 0 0 0 1 1 0 0 1 1 0 1 0 0 1 0 1 1 1 0 0 0 0 1 0 1 1 1	1 0 1 1 0 0 1 0 0 0 1 0 1 0 0 0 1 0 0 1 1 1 0 1 1 1 0 1 0 0 1 1 0 1 1 0 1 1 1 1 0 1 1 0 0 1 0 0 0 0 1 1 1 0 0 1 0 0 0 0 0 1 1 0 1 0 0 1 1 1 0 1 0 0 0 1 0 0 0 1 1 1 1 1 0 1 1 1 1 1 1 1 0 0 1 0 1 1 1 0
IND0102	0 1 1 0 0 1 1 0 1 0 0 1 0 0 0 1 0 1 0 1 1 0 0 1 1 0 1 1 1 1 1 1 1 0 0 1 0 1 1 0 1 1 0 1 0 0 0 1 1 1 1 1 0 1 1 1 1 0 0 1 1 1 0 0 1 1 1 0 1 1 1 0 1 1 1 1 1 1 0 1 0 1 0 0 0 0 0 1 1 1 0 1 0 1 1 0 1 0 0 1	1 0 1 1 0 1 1 1 1 1 0 0 1 1 1 1 1 0 0 1 0 1 0 0 0 0 1 0 1 1 1 0 0 0 1 1 1 0 1 1 1 0 1 0 0 1 0 1 1 1 0 0 1 0 0 0 1 0 1 1 1 1 1 0 0 0 0 0 1 0 1 0 0 1 0 0 1 1 0 0 1 0 1 0 1 0 0 1 1 0 0 1 1 0 1 1 1 1 1 0
IND0103	0 0 1 1 0 1 1 1 0 0 0 0 1 1 0 1 0 0 0 0 0 1 0 0 1 1 0 0 1 0 1 1 0 1 0 1 0 0 0 1 0 0 0 0 0 1 1 1 0 1 1 0 0 0 0 1 0 1 1 0 0 1 1 1 1 0 0 1 0 1 0 1 0 1 1 0 0 0 1 1 0 0 1 1 0 1 0 0 1 1 1 0 1 0 1 0 0 0 0 0	1 0 0 1 1 0 1 0 0 0 0 1 1 0 1 1 1 0 0 0 0 1 1 1 0 0 1 1 1 1 1 1 0 1 1 1 0 0 1 1 0 0 1 0 0 1 1 0 1 1 0 0 0 1 1 0 0 1 1 0 1 1 1 0 1 0 0 0 1 0 1 1 0 0 1 0 0 1 1 0 0 0 1 1 1 1 0 0 1 0 1 1 0 0 0 1 1 0 0 1
IND0104	0 1 0 0 1 1 1 1 1 0 1 0 1 0 0 1 0 1 0 1 1 1 0 1 1 0 0 0 0 0 1 1 1 0 1 1 0 1 0 1 1 0 1 0 0 1 0 1 1 1 1 0 1 1 1 1 1 1 0 0 0 0 1 0 1 1 1 0 1 1 0 1 0 1 0 1 0 1 0 1 0 0 1 0 0 1 1 1 1 1 1 1 0 0 1 1 1 0 0 0	0 0 0 0 0 1 1 0 1 0 1 0 1 0 0 0 1 1 1 0 1 1 1 0 0 1 1 0 1 1 1 0 0 1 1 1 0 1 0 0 1 0 0 1 0 0 1 0 1 0 0 0 1 0 1 0 1 0 0 1 1 1 1 0 0 0 1 0 0 1 0 1 0 0 1 1 1 0 1 0 1 0 0 1 0 1 1 1 1 1 1 0 0 1 0 1 1 0 1 1
IND0105	1 1 1 1 0 1 0 1 1 1 0 0 1 1 0 0 1 0 1 1 1 0 1 0 1 0 1 0 0 0 0 0 1 0 0 0 0 0 0 1 0 0 1 0 1 0 0 1 0 0 1 1 1 0 1 0 0 0 0 0 0 1 0 1 1 1 1 1 1 0 1 1 1 1 1 1 0 1 1 1 0 0 0 0 1 1 1 0 0 0 1 1 0 1 0 0 1 0 0 0	0 1 1 0 1 0 1 1 1 0 0 1 1 0 1 0 0 1 1 1 1 0 1 0 1 1 1 1 0 0 1 0 1 0 1 0 0 0 0 0 0 0 1 0 1 0 1 1 0 0 0 0 0 0 1 1 0 0 1 1 0 1 0 1 1 0 0 0 1 1 1 1 0 0 0 0 0 0 1 0 1 1 0 1 1 0 0 0 0 0 1 1 1 1 1 1 1 1 1 1
IND0106	0 0 0 1 1 1 1 1 0 0 1 0 1 0 1 1 0 0 1 0 0 0 1 1 0 1 0 1 0 0 0 1 1 1 0 1 0 0 1 0 1 0 0 1 1 1 0 0 0 0 1 1 0 1 1 1 1 1 0 0 1 1 1 1 1 1 0 0 0 0 1 0 0 1 0 1 1 0 1 0 1 1 0 0 1 1 0 1 1 0 1 0 1 1 1 0 1 0 0 0	1 0 1 1 1 1 1 0 1 0 1 1 0 1 0 1 0 1 1 0 1 0 1 1 1 0 1 0 0 1 0 0 0 1 1 1 1 1 0 0 0 1 0 1 1 0 0 0 1 0 1 0 0 0 1 1 1 1 1 1 0 1 1 1 0 1 1 0 0 0 0 0 1 1 1 0 1 0 0 0 0 1 0 0 1 1 1 0 0 0 1 0 0 0 0 0 0 1 0 1
IND0107	0 1 1 1 1 1 1 0 1 1 0 0 1 1 1 1 1 0 0 0 0 1 0 0 0 0 0 1 1 0 1 0 0 0 0 1 1 1 1 1 1 0 1 1 1 0 0 1 0 1 1 1 0 1 0 0 0 0 1 1 0 0 0 0 0 1 0 1 1 0 0 1 1 1 1 1 0 1 1 0 1 1 0 0 0 1 1 0 0 0 0 1 0 1 0 1 0 0 1 1	0 1 1 1 0 1 1 1 0 0 0 1 0 0 1 0 1 1 0 1 0 1 0 1 1 0 0 0 1 0 0 1 0 0 1 0 0 0 0 1 1 1 1 1 0 1 1 1 0 1 0 0 1 0 1 0 1 0 1 0 0 0 1 1 0 1 1 1 0 1 0 0 0 1 1 0 1 1 0 1 0 0 1 0 0 1 0 0 1 0 0 0 1 1 0 1 0 1 0 1
IND0108	1 0 0 0 0 1 1 1 1 0 1 1 0 1 1 1 0 0 0 0 1 0 0 0 1 0 0 1 0 1 0 1 1 1 0 1 1 1 1 0 0 0 0 1 1 0 1 0 0 0 0 0 0 1 1 1 0 0 0 1 1 1 1 0 0 0 1 1 0 1 1 0 1 0 1 0 1 0 0 0 1 0 1 0 0 1 1 0 0 1 1 0 1 1 1 1 0 0 0 0	0 0 0 1 1 1 1 1 0 0 0 1 1 0 0 1 1 0 0 0 1 1 1 0 1 1 1 0 0 0 0 0 0 1 0 0 1 0 0 0 0 0 1 1 1 0 1 0 0 0 1 0 1 1 1 1 1 0 0 1 1 1 0 1 0 1 0 1 1 0 1 1 1 1 0 1 1 0 0 0 0 0 0 1 1 0 1 0 1 1 1 0 0 0 1 1 0 0 1 0
IND0109	0 1 0 1 0 1 0 1 1 1 1 0 1 0 1 0 1 1 1 1 1 0 1 1 1 0 1 1 0 1 0 0 1 0 0 0 0 1 0 1 0 0 0 0 0 1 0 0 1 0 1 1 1 1 0 1 0 0 1 0 1 1 0 0 0 1 1 0 0 1 0 1 1 1 1 1 1 1 0 0 1 0 0 1 1 0 0 1 1 1 1 0 0 0 0 0 0 1 0 1	1 1 0 0 0 1 1 0 0 1 0 0 1 0 1 0 1 1 0 1 0 0 0 1 1 1 1 0 1 1 1 1 0 0 1 1 0 0 0 0 0 1 0 1 0 1 1 0 0 0 1 0 0 0 1 0 0 1 0 1 0 1 1 0 0 0 0 0 0 1 1 1 0 0 1 0 0 1 1 1 1 0 0 1 1 0 1 1 0 0 1 1 1 0 1 0 0 0 0 0
IND0110	0 0 0 0 1 1 0 1 0 1 0 0 0 0 1 0 1 0 0 0 1 0 1 1 0 1 0 1 1 1 1 0 1 0 1 0 1 0 0 0 1 1 1 0 1 1 1 0 1 1 1 1 1 0 0 0 1 1 0 1 0 0 1 1 1 1 1 0 0 0 1 0 1 0 0 1 1 0 0 1 0 1 1 1 0 1 1 1 1 1 1 0 0 0 0 1 1 0 1 0	0 1 0 0 1 1 0 0 1 1 1 0 0 0 1 0 1 0 1 0 0 0 1 0 1 1 1 0 1 1 1 1 1 1 0 0 1 0 0 1 1 0 1 0 1 0 1 1 0 1 1 0 0 1 0 1 1 1 0 0 0 1 1 0 0 1 1 0 1 1 0 1 1 0 1 1 0 1 0 1 0 0 1 1 0 0 1 1 0 1 1 1 1 0 1 0 1 0 0 1
IND0111	1 0 1 1 1 0 1 1 1 1 0 1 1 0 0 1 1 0 0 0 1 0 1 0 1 1 0 0 1 1 1 1 0 0 0 1 1 1 1 1 1 0 1 1 1 1 0 1 1 0 1 0 0 0 1 1 1 0 1 0 1 0 1 1 1 1 0 1 0 1 1 1 1 1 1 0 1 0 1 1 1 0 0 1 1 1 0 0 0 1 0 1 0 0 0 1 0 0 1 0	0 1 0 1 0 1 0 1 1 0 0 0 1 1 0 1 0 1 1 1 0 1 0 1 0 0 0 1 0 0 0 0 0 0 1 1 0 0 0 0 1 0 1 1 1 0 0 1 0 1 0 1 1 0 0 0 0 1 1 1 0 1 0 0 0 0 1 0 1 1 1 1 0 1 1 0 1 1 0 1 0 1 0 0 1 0 1 1 1 0 1 0 0 1 1 0 1 1 1 0
IND0112	1 0 0 0 1 0 0 1 0 0 0 1 0 0 0 1 1 1 0 1 1 0 0 1 1 1 1 1 1 1 1 1 0 1 1 0 0 0 0 1 0 0 0 0 1 0 1 1 0 0 0 0 1 0 1 0 0 1 0 0 0 0 1 1 0 0 1 1 0 1 0 0 1 0 0 1 0 1 1 1 0 0 1 0 1 1 1 0 1 0 1 1 1 1 1 0 0 0 0 1	0 1 0 0 1 0 0 0 0 0 1 1 0 0 0 1 1 1 0 0 1 1 0 0 1 1 1 1 1 1 0 0 1 0 1 0 0 1 1 1 1 1 0 1 0 1 0 0 0 0 1 0 0 0 0 0 0 1 1 1 0 0 1 1 0 0 0 0 1 0 0 1 1 1 0 1 1 0 1 1 0 0 1 1 0 0 1 1 1 1 0 0 0 1 1 0 0 0 1 0
IND0113	0 1 1 0 0 1 1 1 1 0 1 0 0 1 1 1 0 1 0 0 1 0 0 1 0 1 1 1 1 1 1 1 1 0 0 0 1 1 1 0 1 1 0 0 1 0 1 1 1 1 1 1 1 0 1 0 0 1 0 0 0 0 0 1 1 0 0 1 1 1 1 1 1 1 1 1 0 1 0 1 1 1 0 0 1 0 1 0 0 1 0 0 1 1 1 0 1 1 0 0	1 0 1 1 0 1 0 0 1 0 0 1 1 1 1 1 0 1 1 0 0 1 0 0 0 0 1 1 0 1 1 0 0 1 1 1 1 1 1 1 1 0 0 1 1 0 0 1 0 0 0 0 0 0 1 0 0 0 1 0 0 0 0 0 1 0 0 1 1 1 1 1 0 1 1 0 1 0 0 1 0 1 0 0 0 0 1 0 1 1 0 0 1 1 1 1 1 1 1 0
IND0114	0 0 1 0 1 1 0 0 0 1 0 1 1 0 1 0 0 0 1 1 1 1 0 1 0 1 1 1 0 0 0 1 0 1 0 1 0 0 1 1 1 0 1 0 0 1 0 0 1 1 0 1 1 1 1 1 1 0 1 0 1 1 1 1 1 1 1 0 0 0 0 0 1 1 0 1 0 1 1 1 0 0 1 1 1 1 1 0 0 0 0 1 1 0 1 1 0 1 0 1	1 0 0 1 1 0 0 0 0 0 1 0 0 1 0 0 0 1 0 1 0 0 1 1 1 1 0 0 0 0 0 0 1 1 1 1 0 1 1 0 1 1 1 0 0 1 1 0 1 0 1 1 1 1 1 0 1 0 0 1 0 1 1 0 1 1 0 0 0 1 1 1 0 1 0 1 1 0 0 1 1 0 1 1 1 0 0 1 1 0 0 0 1 1 1 1 0 1 0 1
IND0115	0 1 0 0 1 0 1 1 1 0 0 0 0 1 0 1 0 0 1 0 1 1 1 1 1 0 0 0 1 0 0 0 1 1 0 1 0 1 0 0 1 0 0 0 0 0 1 0 0 0 0 0 0 0 1 1 1 0 1 1 1 0 1 1 0 1 1 1 1 1 1 0 1 0 0 0 0 1 1 1 0 0 1 0 0 0 1 0 0 1 0 0 1 0 1 0 0 1 0 1	0 1 1 0 0 1 0 0 1 0 1 1 0 0 0 1 0 0 1 0 0 1 1 0 1 1 1 1 1 0 1 1 1 0 0 1 1 1 1 0 0 0 1 0 1 1 1 0 0 1 1 0 0 1 0 1 1 0 1 0 1 0 1 0 0 1 1 1 1 1 0 0 1 0 1 1 1 1 1 0 0 0 0 1 1 1 1 1 0 1 1 1 1 1 0 0 1 1 0 1
IND0116	1 1 0 1 0 1 1 0 0 0 1 1 1 1 0 1 0 0 1 1 1 0 0 1 0 1 0 1 0 0 0 0 0 0 1 1 1 0 0 0 0 0 1 1 0 1 0 0 1 0 0 0 0 1 0 0 0 0 0 0 0 0 0 0 0 0 0 0 1 1 0 1 0 1 1 1 0 1 0 1 0 1 0 0 0 1 1 1 0 1 0 0 1 0 1 0 0 0 0 0	1 0 0 0 1 1 1 1 1 0 0 0 0 0 1 0 1 0 0 0 1 1 1 1 1 0 0 1 1 0 0 0 1 0 0 1 1 1 1 0 1 0 1 0 0 1 1 1 1 1 1 0 0 0 1 1 0 1 0 1 1 1 0 1 1 1 1 1 0 0 1 0 0 0 0 1 1 0 1 1 0 0 0 1 1 0 0 0 0 0 1 1 1 0 1 0 1 0 1 1
IND0117	0 1 1 0 0 1 1 0 0 1 1 0 0 1 1 0 0 0 0 1 0 1 1 1 1 0 0 1 1 0 1 1 1 1 0 0 1 0 0 1 1 1 1 1 0 0 0 1 1 1 1 0 1 0 1 1 0 0 0 1 0 1 1 0 1 1 1 1 0 0 1 1 0 1 1 0 0 1 0 1 0 0 0 0 0 0 1 1 0 1 0 0 0 1 0 0 0 1 1 0	1 1 0 1 0 1 1 1 0 0 1 0 0 1 0 1 1 0 0 0 1 1 1 0 0 0 1 0 1 1 1 0 1 1 0 1 0 0 0 0 1 1 0 0 1 0 1 0 0 1 0 1 1 0 0 0 1 1 1 1 1 1 0 1 0 1 1 1 1 0 0 1 1 1 0 1 1 1 0 0 1 1 1 1 1 0 0 0 0 0 1 1 1 1 0 0 0 1 1 0
IND0118	1 0 0 1 0 0 0 1 0 1 0 0 1 0 1 0 1 1 1 0 0 1 0 1 0 0 0 0 1 1 0 0 1 1 1 0 1 0 1 0 1 1 1 0 0 0 1 1 1 0 0 1 1 1 0 1 1 0 0 0 1 0 0 0 1 0 0 0 0 1 0 0 0 1 0 0 1 1 0 0 0 1 1 1 1 1 1 1 1 0 0 0 0 1 0 0 1 1 0 1	0 1 1 1 0 1 0 0 0 1 0 0 0 0 1 0 0 0 1 0 0 0 1 0 0 0 0 1 1 0 0 0 0 0 1 1 0 0 1 0 0 1 1 0 0 1 0 1 0 1 1 1 0 1 1 0 0 0 0 0 0 1 0 0 0 1 0 0 1 0 1 1 1 0 1 1 1 1 1 1 1 0 1 1 0 1 0 0 1 0 1 1 1 1 1 1 0 1 1 0
IND0119	0 0 0 1 0 1 1 0 0 1 1 0 0 0 1 1 0 1 0 1 0 1 0 1 0 1 1 0 0 1 0 0 1 0 1 1 0 1 1 1 0 1 1 1 0 1 0 1 0 1 0 0 0 0 0 1 1 1 0 1 1 1 0 0 0 1 0 0 1 0 0 0 1 0 0 0 0 0 0 1 1 0 1 1 0 0 1 1 0 0 1 0 0 1 0 1 1 1 1 0	1 0 0 1 1 1 0 1 0 1 0 0 0 0 0 0 1 0 0 0 1 0 1 0 1 0 1 0 1 0 1 1 0 1 0 0 1 1 0 0 0 1 0 1 1 1 0 1 1 0 1 1 0 0 0 1 1 1 0 1 0 0 0 0 1 1 1 0 1 0 0 1 0 1 0 0 0 0 0 1 1 1 1 0 0 0 1 0 0 1 1 0 0 0 0 1 0 0 0 0
IND0120	0 0 1 0 0 0 0 1 1 0 1 0 1 1 0 1 0 1 0 0 1 0 0 1 0 0 0 1 0 0 0 0 1 1 1 0 0 1 0 0 1 0 1 1 1 1 1 0 1 0 1 1 1 1 0 0 1 0 1 1 0 1 1 0 0 0 0 0 0 0 1 1 1 0 1 0 1 0 1 0 0 1 0 1 0 0 0 1 0 1 0 1 0 0 1 0 0 1 0 1	0 0 1 1 1 1 1 1 1 0 0 1 1 1 0 1 1 1 1 1 1 1 0 1 0 1 0 0 0 0 1 1 1 0 0 1 0 1 1 1 0 1 0 1 1 1 1 0 0 0 0 1 0 1 1 1 1 0 0 0 0 1 0 1 0 1 0 0 0 0 1 0 1 1 0 1 1 1 0 0 0 1 1 0 1 1 0 1 0 0 0 0 1 1 1 1 1 0 1 1
IND0121	1 0 0 1 1 1 1 0 1 1 1 0 1 0 0 0 1 1 1 1 1 1 1 0 0 0 0 0 0 1 1 1 0 0 0 0 0 1 0 1 0 0 0 1 0 0 0 0 1 0 1 0 1 1 0 1 1 1 1 0 1 0 1 1 0 1 1 0 0 0 1 0 0 1 0 1 1 1 0 0 0 1 1 1 1 1 1 1 1 0 1 0 0 1 1 1 1 1 1 0	0 0 0 1 1 1 0 1 1 1 1 0 1 1 1 0 1 1 0 1 0 1 1 1 0 0 1 0 1 0 0 1 1 1 0 1 0 0 0 1 0 1 0 0 0 1 0 1 1 0 0 1 1 1 1 0 1 0 1 0 0 0 1 1 1 1 1 1 1 1 0 1 0 0 1 0 1 1 1 1 0 0 0 0 1 0 0 0 0 0 1 1 0 1 1 1 1 0 0 1
IND0122	0 0 0 0 1 0 0 0 1 0 1 0 1 1 1 1 1 1 1 1 0 0 0 0 0 0 1 1 0 1 0 0 0 0 1 1 0 0 1 1 0 0 1 1 0 0 1 1 1 1 1 1 0 1 0 1 1 1 1 0 0 1 0 0 1 1 1 1 1 0 0 0 1 1 1 1 0 1 1 1 1 1 1 1 1 1 1 1 1 0 1 1 0 1 1 1 1 0 1 0	1 0 0 0 1 1 1 0 1 0 0 1 1 1 1 0 1 0 0 1 1 0 0 1 1 0 0 0 0 0 1 0 1 0 1 1 0 0 0 0 1 1 0 0 0 0 1 0 0 0 1 1 1 1 0 0 0 0 0 0 1 1 0 0 1 1 1 1 0 0 1 0 1 1 0 0 0 1 0 1 1 0 0 1 1 0 0 1 0 1 1 1 1 0 0 0 0 1 0 1
IND0123	1 1 0 0 1 0 0 1 1 0 1 0 0 1 1 0 1 1 0 0 0 1 1 0 0 1 0 1 1 1 1 0 1 1 0 1 1 0 0 1 1 0 0 0 1 0 1 0 1 0 1 0 1 0 0 1 0 1 1 1 0 1 1 1 1 1 0 1 0 0 1 0 0 0 0 0 1 0 0 1 1 1 0 0 0 1 1 0 1 0 0 0 1 1 1 1 1 1 1 1	0 1 1 0 1 1 0 1 0 1 0 0 1 1 1 1 1 0 1 0 1 1 1 1 1 0 1 0 1 0 1 1 1 0 0 0 0 1 1 0 1 1 0 0 0 1 1 1 0 0 0 0 1 1 1 0 0 0 1 1 0 1 1 0 0 1 0 1 0 1 1 0 0 0 0 1 1 1 1 0 0 0 1 1 1 1 0 1 1 1 0 1 0 1 0 1 0 1 0 1
IND0124	1 1 1 1 1 0 0 0 0 0 1 1 0 1 0 1 1 1 1 0 0 1 0 0 1 0 0 1 0 1 1 1 0 0 1 1 0 0 0 1 0 1 0 0 0 1 0 0 1 1 0 0 0 0 1 0 0 1 1 1 1 1 1 0 0 1 0 1 1 1 1 0 1 1 0 0 0 0 1 0 0 0 0 1 1 0 0 1 1 0 1 0 1 1 0 1 0 0 1 0	0 1 1 1 0 1 0 1 1 0 1 0 0 0 0 0 0 1 0 0 1 1 1 0 1 1 1 0 0 1 0 1 1 0 0 1 1 0 1 0 1 0 1 0 0 1 1 1 1 1 1 0 0 1 1 1 1 1 1 1 1 1 1 1 0 1 1 1 0 1 1 0 1 0 0 1 0 1 0 0 1 0 1 0 0 1 0 1 1 1 1 0 0 1 1 1 0 0 1 0
IND0125	1 1 0 1 1 1 0 0 1 0 0 1 0 0 0 0 1 1 0 1 0 1 0 1 1 0 1 1 0 0 0 1 0 0 0 1 0 1 1 1 1 1 1 0 0 0 0 1 1 1 1 1 0 1 1 1 0 1 0 0 0 0 1 0 1 0 1 0 0 0 0 1 0 1 1 1 0 0 1 1 0 0 1 0 1 1 1 0 0 1 1 1 1 1 0 0 0 1 1 0	1 0 0 0 1 0 1 0 0 0 0 0 0 0 1 0 1 1 1 0 1 1 1 0 0 0 0 0 0 0 0 0 1 1 1 0 0 0 1 1 0 0 1 1 1 1 1 1 1 1 1 0 0 0 1 0 1 0 1 1 0 1 0 0 0 0 0 0 1 1 0 1 1 1 1 0 1 0 0 1 1 0 1 1 0 1 1 1 1 0 0 0 1 1 1 0 0 1 1 1
IND0126	1 0 0 0 1 1 0 1 0 0 1 0 0 0 0 0 0 0 0 1 1 0 0 1 1 1 1 1 0 0 1 0 1 1 0 0 1 0 0 1 1 1 1 0 0 0 1 0 1 0 0 0 1 1 0 1 0 0 0 1 0 0 1 1 1 0 0 1 0 0 0 0 1 0 1 1 1 0 0 1 1 0 1 0 1 1 0 1 0 1 1 1 1 0 0 1 1 0 1 1	1 1 0 1 1 1 0 1 1 0 1 0 1 1 1 0 1 1 0 1 1 1 0 1 1 0 0 1 0 0 1 0 1 1 1 1 0 0 0 0 0 0 1 0 0 0 0 1 0 0 1 0 1 0 1 1 0 1 0 0 0 0 0 1 0 1 1 1 0 0 0 0 0 0 0 0 1 1 0 0 0 0 1 1 0 0 1 1 0 0 0 0 1 0 1 1 0 1 1 1
IND0127	1 1 1 0 0 0 1 1 1 0 0 0 0 0 1 1 0 0 1 0 1 1 0 0 1 1 1 0 0 0 1 0 1 0 1 0 1 0 0 1 1 1 1 1 1 0 1 1 1 1 1 1 0 1 1 0 1 0 1 1 1 1 1 0 1 0 0 0 0 1 1 0 0 0 1 1 0 1 0 0 0 0 0 0 0 1 0 0 1 1 0 0 0 1 1 0 0 0 1 1	1 1 1 0 1 1 0 1 1 1 0 0 0 0 1 1 0 0 1 0 0 1 0 0 1 1 1 1 1 1 1 0 1 0 0 0 0 1 0 1 1 1 1 1 1 1 1 1 0 1 0 0 0 1 0 0 0 0 1 0 0 0 1 1 0 0 1 1 0 0 0 1 0 1 1 1 1 0 1 1 0 1 1 1 1 0 1 0 0 1 1 0 1 1 0 1 1 0 0 1
IND0128	1 1 0 1 1 0 0 1 0 1 1 0 1 0 0 1 1 1 1 0 1 1 0 0 0 0 0 1 1 1 1 1 1 1 0 0 1 0 1 0 1 1 0 1 1 1 1 0 0 1 0 0 1 0 1 0 0 0 1 0 0 0 0 0 1 1 0 0 0 1 0 1 0 1 1 0 0 1 0 0 1 0 0 0 0 1 0 1 1 1 1 1 0 1 1 1 1 0 0 0	0 1 1 0 0 0 0 1 0 0 0 1 0 1 1 0 1 1 1 1 1 1 0 0 1 0 0 0 0 1 0 1 1 1 1 0 0 1 0 0 0 1 0 0 1 1 1 0 1 1 0 1 1 1 0 0 1 1 1 1 0 0 1 0 0 0 1 0 1 0 0 0 1 1 1 1 0 0 1 1 0 1 0 0 0 0 1 0 1 0 0 0 0 1 1 0 1 1 1 0
IND0129	0 1 1 0 1 1 0 0 0 1 1 0 1 0 0 0 0 1 1 0 1 0 1 1 1 1 0 1 1 0 0 0 0 0 1 1 1 0 0 1 0 1 0 0 1 0 0 0 0 1 0 1 1 1 1 1 1 0 1 0 0 0 0 0 0 1 1 0 1 0 0 1 1 0 0 1 0 1 0 1 1 0 1 0 0 0 0 1 1 0 0 1 0 0 0 0 0 0 0 1	0 1 1 1 0 0 1 1 0 1 1 0 1 1 1 1 1 0 0 1 1 0 1 1 1 1 1 1 1 0 0 1 0 1 0 1 1 0 0 0 1 1 0 0 1 0 0 1 1 0 0 1 0 0 1 1 0 1 1 1 0 1 1 0 1 1 0 1 1 1 0 1 1 0 1 0 1 1 0 0 0 0 0 0 1 0 0 1 1 1 0 1 0 0 1 0 1 1 1 1
IND0130	1 0 1 1 1 1 1 0 0 1 0 1 1 1 0 1 1 1 1 1 0 0 0 1 1 0 1 0 1 0 1 1 1 0 1 0 1 1 1 1 1 0 0 1 1 1 0 1 1 0 1 1 1 1 0 0 1 0 0 0 1 1 1 1 0 0 1 0 1 1 0 0 0 1 1 1 1 0 0 0 1 1 0 0 0 1 1 1 1 1 1 1 0 0 1 0 0 1 1 0	0 1 1 1 1 0 0 0 0 1 1 0 0 1 0 1 0 1 0 1 1 0 0 0 1 0 0 1 1 1 1 0 1 0 1 0 0 0 0 0 1 0 0 0 1 0 0 1 1 1 1 0 1 0 0 0 1 1 0 0 0 1 0 0 0 1 0 0 1 0 1 1 0 0 0 0 0 0 0 0 0 0 0 1 0 1 0 0 1 0 1 1 0 0 0 0 1 0 1 0
IND0131	0 0 0 0 1 1 1 0 1 0 1 1 1 0 1 0 1 1 0 1 1 1 1 1 0 1 0 0 0 0 0 0 0 1 0 1 1 1 0 1 0 1 1 1 1 0 1 1 1 0 0 1 0 0 1 0 1 0 1 1 0 0 1 0 0 0 0 1 0 1 0 0 1 0 0 1 0 0 1 1 0 1 1 0 0 0 0 1 0 0 0 0 1 0 0 0 0 0 0 1	1 1 1 1 1 1 1 1 1 0 1 1 0 1 1 1 1 0 0 1 1 1 0 1 1 1 1 0 1 0 0 0 0 0 0 1 0 0 1 0 0 0 0 1 0 1 1 1 0 0 1 0 0 1 0 1 0 1 1 1 1 1 0 0 0 0 0 0 1 1 1 0 0 0 1 1 1 0 1 0 0 1 0 0 0 1 0 1 1 0 0 1 1 1 1 0 0 1 1 0
IND0132	1 1 0 1 1 0 0 1 0 0 1 0 1 0 0 0 1 1 0 0 0 0 0 0 1 0 0 0 0 0 1 1 1 0 1 1 1 1 0 1 0 0 0 1 0 1 0 0 1 1 0 0 0 1 0 1 1 1 1 1 1 1 1 0 0 0 0 1 0 0 1 1 1 0 0 1 0 0 0 1 0 0 0 1 1 0 0 0 0 1 1 0 0 0 0 1 1 1 1 1	0 1 0 0 0 1 0 1 0 0 0 1 1 0 1 0 0 0 1 0 0 1 1 0 0 0 0 1 1 1 1 1 1 0 1 0 1 0 1 1 0 1 1 1 0 1 0 1 1 1 1 1 1 0 0 0 0 1 0 0 0 1 1 0 0 0 0 0 1 1 0 0 1 0 0 0 1 0 0 1 0 0 0 0 0 0 1 0 1 0 1 1 0 1 1 0 0 0 1 0
IND0133	0 0 1 0 1 1 0 0 1 0 1 1 0 0 1 0 0 1 0 1 0 0 0 1 0 1 0 1 0 1 0 0 0 0 1 1 1 0 1 0 1 1 1 0 0 1 1 1 1 0 1 1 1 1 1 0 1 1 1 0 1 1 1 0 1 0 0 1 1 1 1 0 1 1 0 1 0 0 1 0 0 1 0 1 0 1 1 1 1 1 1 0 1 0 0 1 1 1 0 1	0 0 1 1 0 0 1 1 1 0 1 0 0 0 0 0 0 0 1 0 1 1 1 0 1 1 0 0 0 1 1 0 1 1 1 1 0 1 1 0 0 0 0 0 1 1 0 0 1 1 1 0 1 1 0 0 0 1 0 0 0 1 1 1 0 1 1 1 0 1 0 1 1 0 0 0 0 0 1 0 0 0 1 1 1 1 1 0 1 0 1 0 0 1 0 1 1 1 0 1
IND0134	1 0 1 0 1 1 1 1 1 1 0 1 1 0 1 1 0 1 1 0 0 1 0 0 1 1 1 0 1 1 1 0 1 1 0 0 1 1 1 0 1 1 1 0 1 0 0 1 0 0 1 1 1 1 0 1 0 1 0 1 1 0 0 0 1 1 0 0 0 1 0 0 1 0 1 1 0 1 0 0 1 1 1 1 0 1 0 0 0 0 1 0 1 0 0 0 0 0 1 0	0 0 0 0 1 1 0 0 0 0 1 0 0 0 0 1 1 1 0 0 0 0 1 0 0 0 1 1 1 1 0 1 0 0 0 0 1 0 1 0 1 0 1 0 0 1 1 1 1 0 1 1 1 1 0 0 0 1 1 1 1 0 0 0 0 1 1 1 0 0 1 0 1 1 1 0 0 1 1 1 1 0 1 0 0 0 1 0 0 0 1 0 0 0 0 1 0 0 0 1
IND0135	0 0 1 0 0 1 0 0 1 0 0 0 1 0 1 1 1 0 1 0 1 1 1 0 1 1 0 1 1 1 1 0 0 0 0 0 1 1 0 1 1 0 0 1 1 1 1 0 1 1 1 0 1 1 0 0 0 1 1 0 1 1 0 1 1 0 0 0 1 1 1 0 1 1 0 1 0 0 1 0 0 0 1 1 0 1 1 1 0 0 1 1 1 0 1 1 1 1 0 1	0 0 1 1 0 0 1 0 1 0 0 0 0 1 0 0 0 1 0 1 0 0 1 1 0 1 1 0 1 0 1 0 1 1 1 0 1 0 1 0 1 0 1 1 0 0 0 0 0 0 0 1 1 1 1 1 0 1 0 0 1 0 1 1 1 0 1 0 1 0 0 0 0 1 1 1 0 0 1 1 0 1 0 1 0 1 1 0 0 0 1 1 1 0 1 0 1 0 1 0
IND0136	0 0 0 0 1 1 0 0 0 0 1 0 0 1 0 1 1 1 0 1 1 0 1 0 0 1 0 1 0 1 0 0 1 0 0 1 1 0 1 1 1 0 0 1 1 0 1 1 0 0 1 0 1 0 0 0 0 0 1 0 0 0 1 0 0 0 1 1 0 0 1 1 1 0 1 1 1 0 0 1 1 1 0 1 1 1 0 0 0 0 1 0 1 0 1 1 1 1 0 0	0 1 0 1 1 0 1 1 1 1 0 1 1 1 0 1 0 1 1 1 1 0 0 0 0 0 0 0 1 0 0 0 0 1 1 1 1 1 1 1 1 0 0 0 1 1 0 0 0 0 0 0 1 1 1 0 0 1 0 1 0 0 0 0 1 1 0 1 0 1 1 0 0 1 1 0 1 0 1 1 1 0 0 0 1 1 1 0 1 1 0 0 1 0 0 0 1 1 1 1
IND0137	1 0 1 0 0 1 0 0 0 1 0 0 1 0 1 0 1 1 1 1 0 0 1 0 1 0 0 1 0 1 1 1 1 1 1 1 1 1 0 0 0 1 0 1 0 0 0 0 0 1 0 1 1 0 1 0 0 0 0 1 0 1 0 0 1 1 1 0 0 0 0 0 1 0 1 1 0 1 1 0 1 0 1 0 1 1 1 0 1 1 1 1 1 0 1 1 1 1 0 1	1 1 1 1 1 0 0 0 0 1 1 1 1 1 0 0 1 1 1 1 0 1 1 0 1 1 1 1 0 1 1 1 0 0 1 1 0 1 1 0 0 0 1 1 0 1 1 0 0 1 1 0 0 0 1 1 0 1 0 0 0 0 1 0 1 1 1 1 0 0 1 0 0 1 1 1 0 0 1 1 0 1 1 0 0 1 1 1 0 1 0 1 0 0 1 0 0 1 1 1
IND0138	0 0 1 0 1 0 1 0 1 1 0 0 1 0 0 0 0 1 1 0 1 0 0 0 1 0 1 1 1 1 1 1 0 1 0 0 1 0 1 0 1 0 0 0 0 0 1 0 1 0 0 0 0 1 1 1 0 1 0 1 1 1 1 0 0 0 0 1 0 0 1 1 1 0 1 1 1 1 0 1 1 0 0 1 0 0 0 0 1 0 0 1 1 0 0 1 1 0 0 1	1 0 0 0 0 1 1 0 1 0 1 0 0 1 1 0 1 0 1 1 0 1 0 1 0 1 1 0 0 1 0 1 1 0 0 1 1 1 1 1 0 0 1 0 0 1 1 0 0 0 1 1 0 0 0 1 0 0 1 1 0 1 1 1 0 1 0 1 1 1 0 0 1 0 0 1 0 0 0 1 1 0 1 1 0 0 1 0 1 1 1 0 0 1 0 1 1 0 1 1
IND0139	1 0 1 1 0 1 0 0 0 0 0 1 1 0 1 1 0 1 1 0 0 1 1 1 0 0 0 0 1 0 0 0 0 0 0 1 0 0 0 1 0 0 1 0 0 1 1 0 1 1 0 0 1 1 0 1 1 0 1 1 1 0 1 1 0 1 0 0 0 0 1 0 0 1 1 1 0 1 1 0 0 0 1 0 1 0 1 1 0 0 0 1 0 0 1 1 0 0 1 1	0 1 0 0 0 1 1 1 1 1 1 1 0 1 0 1 0 0 0 0 0 0 1 0 0 0 1 1 0 1 0 0 0 0 1 0 1 0 1 1 0 1 0 0 0 0 1 1 1 0 0 1 0 0 1 1 1 0 1 0 0 1 1 1 0 1 0 1 0 0 0 0 0 1 1 0 1 0 0 0 1 0 0 1 0 1 1 0 0 1 0 0 1 0 0 0 1 1 1 0
IND0140	1 0 1 1 0 1 1 0 0 1 1 0 0 1 1 0 1 1 1 1 1 1 1 0 0 1 0 0 0 0 0 0 1 1 1 0 0 0 0 0 1 1 1 1 1 1 0 0 0 1 1 0 1 0 1 1 1 0 0 0 1 1 1 0 0 0 0 0 1 0 0 0 0 0 1 1 1 1 1 0 0 1 0 0 0 1 1 0 1 0 1 0 0 1 0 0 1 0 0 1	1 0 1 1 1 1 0 1 1 0 1 1 1 1 0 1 1 1 1 1 0 1 1 1 1 1 0 0 0 0 0 0 0 1 1 1 1 1 0 1 1 1 1 1 1 1 0 0 0 1 1 0 1 1 1 1 1 1 0 0 1 0 0 0 0 0 1 0 0 1 1 1 0 1 1 1 0 1 1 0 1 1 0 1 0 1 0 1 0 1 1 0 1 0 1 1 0 0 1 1
IND0141	0 0 0 1 1 1 1 0 0 0 1 1 0 1 0 1 0 0 0 0 0 1 0 0 0 0 0 0 1 0 0 0 0 0 0 1 0 0 0 1 1 0 0 0 1 0 1 0 1 0 1 0 0 1 0 0 0 1 0 0 1 1 1 1 1 1 0 1 0 0 0 1 0 0 0 0 1 1 0 1 0 0 0 0 1 1 1 0 1 1 0 1 1 0 1 1 0 0 1 0	0 1 0 1 1 1 0 1 0 0 1 0 1 1 1 1 0 0 0 0 1 0 0 0 0 0 0 0 1 0 1 0 1 1 0 0 1 0 0 0 0 1 1 1 0 1 0 1 0 1 0 1 0 0 1 0 0 1 1 0 1 1 1 0 1 0 1 1 1 1 0 1 1 1 0 1 0 0 1 1 0 0 0 0 1 0 1 1 0 0 1 1 1 0 1 0 1 1 0 1
IND0142	0 0 0 0 1 0 0 0 0 1 1 0 0 1 1 0 1 1 1 1 1 1 0 0 1 1 1 0 1 0 0 1 0 1 1 0 0 1 1 1 0 0 0 0 0 0 1 1 0 0 0 1 0 1 0 1 1 1 1 1 0 1 1 1 0 1 0 1 0 0 0 0 0 1 1 1 0 1 1 1 0 1 0 1 1 0 1 1 0 0 1 0 0 0 0 1 0 0 0 1	0 1 1 0 1 1 1 0 0 0 0 0 0 1 0 0 0 0 0 0 0 1 0 0 0 0 0 0 1 0 1 0 1 1 0 1 0 0 1 1 1 1 0 0 1 0 1 0 0 1 1 0 0 0 1 0 0 1 0 1 0 0 1 0 1 0 1 0 1 0 0 1 0 0 1 0 1 1 0 1 1 0 0 0 0 0 0 1 0 0 1 0 0 1 0 0 1 1 0 0
IND0143	1 0 1 1 1 0 0 0 0 0 0 1 0 0 1 1 0 1 0 1 1 0 1 0 1 0 1 1 0 1 1 0 1 1 1 0 1 0 1 1 0 0 0 1 1 1 1 0 1 0 0 0 0 0 1 0 0 0 0 1 0 0 1 0 0 0 1 0 1 1 1 1 0 1 0 0 1 1 1 0 0 1 1 1 0 0 0 1 1 0 1 0 0 0 1 0 1 1 0 0	0 0 1 1 0 1 0 0 1 1 1 0 1 1 0 1 1 1 0 1 1 1 1 1 1 0 1 1 0 1 0 0 1 0 0 1 0 1 0 0 0 1 1 0 1 0 0 0 1 1 1 1 1 0 0 1 0 0 0 1 1 0 0 0 0 1 0 0 0 0 0 1 1 0 0 1 0 1 0 1 1 0 0 0 0 0 1 1 0 0 1 1 0 0 1 1 0 1 0 1
IND0144	0 1 0 0 0 1 0 1 1 1 1 0 0 1 0 0 1 0 1 0 1 1 1 0 1 1 1 0 0 0 0 1 1 0 1 1 0 1 0 1 1 0 1 1 1 1 0 0 1 1 1 0 1 1 0 1 1 0 0 0 1 1 1 0 0 0 1 1 1 1 1 1 1 0 1 1 0 1 1 1 0 0 0 0 1 0 1 0 1 1 0 0 0 0 0 1 1 0 0 0	0 1 1 0 0 1 0 0 0 0 1 1 1 0 1 0 1 1 0 0 1 1 1 1 0 0 1 0 0 1 1 0 1 1 1 0 0 1 0 1 0 1 1 1 0 0 1 1 1 1 0 1 0 0 0 0 1 1 0 0 0 1 1 1 0 0 1 1 0 0 1 1 0 0 1 1 1 1 1 0 1 1 0 0 1 1 1 0 0 0 0 1 0 0 0 0 1 0 1 1
IND0145	0 0 1 0 0 0 1 1 1 1 1 1 1 0 0 1 0 1 0 0 1 0 1 1 0 0 1 1 0 0 0 0 0 1 1 1 1 1 0 0 0 0 1 0 1 0 1 0 0 0 0 0 0 1 1 1 1 0 1 1 0 1 0 1 1 0 1 1 0 1 0 1 1 1 0 0 1 0 1 0 1 0 0 0 1 1 1 0 0 0 0 1 0 1 0 1 1 0 1 1	1 0 0 1 0 0 0 0 1 1 1 1 0 0 0 1 1 1 0 0 1 0 1 0 1 1 1 1 1 0 0 0 1 1 0 1 1 0 1 0 0 1 0 0 0 1 0 1 1 1 1 0 1 1 1 0 0 0 1 0 0 1 1 0 0 1 1 0 0 1 1 0 1 0 1 1 0 1 0 0 0 0 0 1 1 0 1 1 1 0 1 0 1 1 0 0 0 1 1 0
IND0146	1 1 0 1 0 1 1 1 0 0 0 1 1 1 0 1 1 1 1 0 1 0 1 1 0 0 1 1 0 1 0 1 0 1 1 1 1 0 0 0 1 0 1 0 1 0 0 1 1 1 1 0 1 1 1 0 0 1 1 0 0 1 0 0 0 0 1 0 1 1 1 1 0 0 1 1 0 1 1 0 1 0 1 1 0 0 0 1 1 0 1 1 0 0 1 0 1 0 1 0	0 0 0 0 1 0 1 0 1 0 1 0 1 1 0 0 1 0 1 1 0 0 0 0 0 1 0 0 1 1 0 1 0 1 0 0 0 1 0 0 1 1 1 0 0 0 1 0 0 1 0 0 1 0 0 0 0 1 0 0 0 1 0 1 1 0 1 0 0 0 1 1 0 1 1 0 1 1 0 1 0 1 0 0 0 1 0 0 0 0 1 0 0 0 0 0 0 1 0 0
IND0147	0 1 1 1 0 0 1 0 1 1 0 1 0 1 1 0 0 0 0 0 0 0 0 0 1 1 1 1 0 0 1 1 0 1 0 1 0 1 1 1 1 1 1 0 1 1 0 1 0 1 0 0 0 0 0 1 1 0 0 0 0 0 1 1 0 1 1 0 1 1 0 0 1 0 0 0 0 1 1 1 1 0 1 0 1 1 0 0 0 0 1 1 1 1 1 0 0 0 0 0	0 0 1 0 1 1 0 0 1 0 1 1 1 1 0 0 0 1 1 1 0 1 1 1 1 1 1 1 1 0 1 0 0 0 0 1 0 0 1 0 0 1 1 0 0 1 0 0 1 0 1 0 0 0 1 0 1 0 0 0 0 0 1 0 0 1 1 1 1 0 1 0 0 0 1 0 0 0 0 1 0 1 1 0 1 1 0 1 1 1 0 1 0 1 1 0 1 0 0 1
IND0148	1 1 0 1 0 1 0 0 1 0 1 0 1 0 0 1 0 1 1 0 0 1 0 1 0 0 0 1 0 1 1 1 0 1 0 1 1 1 1 0 1 1 0 0 1 1 1 1 0 1 0 1 1 1 0 0 1 1 1 1 0 1 1 0 0 1 0 1 0 0 0 0 1 1 1 0 0 0 1 0 0 1 1 0 1 0 1 1 0 0 0 1 1 0 0 0 0 1 1 1	1 1 0 0 1 0 0 0 0 0 0 0 0 0 0 0 0 1 1 1 1 0 0 0 1 0 0 1 1 0 0 0 1 0 0 1 0 0 1 0 0 1 0 0 1 0 1 1 1 1 1 1 0 1 1 1 1 0 1 1 0 0 1 0 1 0 0 1 0 1 0 0 0 1 0 0 1 1 0 1 1 1 1 1 0 1 0 0 1 1 1 0 0 1 1 1 1 1 0 1
IND0149	1 0 0 0 0 0 1 1 0 1 0 0 1 0 1 0 1 0 1 1 1 1 0 0 1 1 0 1 1 0 1 1 0 1 0 0 1 0 1 0 1 0 0 0 0 0 0 0 1 0 1 1 0 1 0 1 0 1 0 1 1 1 0 0 0 0 1 0 1 1 1 0 1 1 1 0 0 0 1 0 0 1 0 1 0 1 0 1 1 1 0 1 0 0 0 0 0 0 0 0	0 0 1 1 0 1 1 0 1 1 1 1 0 1 0 0 1 0 0 1 1 1 1 0 0 0 1 1 0 1 0 1 0 1 1 0 1 0 0 0 1 1 1 0 1 0 0 1 1 0 0 0 0 0 1 1 1 0 1 0 0 1 1 0 0 0 0 0 1 1 1 0 0 1 0 1 1 0 1 1 0 1 0 1 1 0 1 1 0 1 0 1 0 1 1 0 1 0 0 1
IND0150	1 1 0 1 0 0 0 1 1 0 0 0 1 0 0 0 0 1 1 0 1 1 0 0 0 0 1 0 0 0 1 0 0 1 1 1 0 0 0 1 1 0 0 0 0 1 1 1 0 0 1 1 0 0 1 0 1 0 0 0 1 1 0 1 1 1 1 1 1 0 1 0 0 0 0 0 1 0 1 1 0 0 0 1 1 0 0 1 0 0 1 0 1 0 0 1 0 0 0 0	0 1 1 1 1 1 1 0 0 0 1 0 1 0 1 1 0 1 0 0 1 0 0 1 0 0 0 0 1 1 0 0 0 1 0 0 1 0 0 0 0 0 1 1 1 0 0 0 0 0 0 1 1 1 0 0 1 1 0 0 0 0 0 1 1 1 0 1 1 0 1 1 0 1 0 0 1 0 1 0 1 1 1 1 1 1 1 0 1 0 0 0 1 0 0 1 1 1 0 0
IND0151	1 0 0 0 0 0 1 1 1 0 1 0 0 0 1 1 0 1 0 1 1 0 1 1 0 0 0 1 0 1 0 0 0 0 0 0 0 1 0 0 1 0 0 1 1 1 1 0 1 0 0 1 0 1 0 0 1 0 1 1 1 1 0 0 0 1 0 1 0 0 1 1 0 1 0 0 0 1 0 0 1 0 1 1 0 1 0 1 0 1 0 0 1 0 0 1 1 0 1 1	1 0 1 1 1 1 0 0 1 1 0 0 0 1 0 1 0 1 1 0 1 1 1 0 1 0 1 1 0 0 0 1 1 0 1 1 1 0 1 0 1 0 1 0 1 1 0 0 0 0 0 0 1 0 0 0 0 1 1 1 1 0 0 0 0 1 1 1 1 0 0 1 1 1 1 0 0 1 0 1 0 1 1 0 0 0 0 0 0 0 0 1 0 0 1 1 1 0 0 1
IND0152	1 0 1 1 1 1 1 0 0 1 0 0 0 0 0 1 0 0 0 0 1 0 1 0 0 1 1 1 1 0 1 1 0 1 1 1 0 1 0 0 1 0 1 0 1 0 0 0 1 1 0 1 1 1 1 1 1 1 1 1 1 1 0 0 1 0 0 0 0 1 1 1 1 1 0 1 1 1 1 1 0 0 0 0 1 0 1 0 0 1 1 0 1 0 0 0 0 1 0 0	0 1 1 0 0 1 1 0 0 0 0 1 1 0 0 0 0 1 1 1 1 1 0 0 1 0 1 0 1 0 0 1 1 1 0 1 1 0 0 0 1 0 0 0 0 0 0 0 1 0 0 1 1 1 1 0 0 0 0 1 0 1 1 0 1 1 1 0 0 0 0 1 1 1 0 0 0 0 0 1 1 0 0 1 1 1 0 0 0 0 1 1 0 0 0 1 0 0 1 1
IND0153	1 0 0 0 0 0 1 1 1 1 1 1 1 1 1 1 0 0 1 0 0 0 1 1 0 0 0 0 1 1 0 1 1 1 1 0 0 0 0 1 0 0 1 0 1 0 1 0 0 0 1 1 0 1 1 1 1 1 1 0 1 0 1 1 0 0 0 1 0 0 0 1 1 0 0 0 1 1 1 1 1 0 1 0 1 1 1 1 0 0 1 1 1 0 0 0 1 1 0 0	0 0 1 0 0 1 0 1 1 0 1 1 0 1 0 1 0 0 1 0 0 0 1 1 1 1 1 0 0 1 1 1 1 1 1 1 0 1 0 0 0 1 0 0 0 1 1 1 0 0 0 1 1 0 1 1 1 0 0 0 1 1 0 0 0 1 1 0 1 1 1 0 1 1 1 0 0 0 0 1 0 0 1 0 0 0 1 0 1 0 0 0 1 0 0 1 0 1 0 1
IND0154	1 1 0 1 1 0 1 1 1 1 1 1 0 1 1 1 1 0 1 0 0 1 0 1 0 1 1 1 1 0 1 1 0 0 0 1 0 1 1 0 1 0 1 0 1 0 1 0 0 1 1 0 0 1 1 0 1 0 0 1 1 1 0 0 1 0 0 1 1 0 1 0 0 1 0 1 0 0 1 0 1 0 1 1 0 1 1 1 0 0 1 1 0 1 0 1 1 0 1 0	0 1 1 1 0 1 1 1 1 1 1 0 1 1 0 1 1 0 1 0 1 0 0 0 0 0 1 1 1 0 1 0 0 0 0 1 0 1 0 1 1 0 0 1 1 0 0 1 1 0 0 1 1 1 0 0 0 1 0 0 0 0 1 1 0 1 1 0 0 0 0 0 1 1 0 1 0 1 0 1 1 1 0 0 1 1 1 0 0 0 0 0 1 0 1 1 0 0 1 0
IND0155	0 1 1 0 0 0 0 1 0 0 0 1 0 1 1 1 0 1 0 1 0 0 1 0 0 1 0 0 1 0 1 0 0 0 0 0 1 0 0 1 1 1 1 1 1 0 1 0 1 0 0 1 0 0 1 0 0 1 0 1 0 1 0 0 1 0 0 0 1 1 1 0 1 0 1 0 1 1 0 1 1 1 0 1 1 0 1 1 1 0 0 1 1 1 1 1 0 1 1 1	1 1 1 1 0 1 0 0 1 1 0 0 0 0 0 1 1 0 1 0 0 0 1 1 1 0 0 0 1 0 0 1 1 0 1 1 1 1 1 1 0 1 1 0 1 0 0 0 1 1 1 0 0 0 0 1 0 1 0 0 1 0 0 0 0 1 1 1 1 0 1 0 0 0 0 1 0 1 0 1 0 1 0 1 1 0 0 0 1 1 0 0 1 1 0 1 1 1 1 0
IND0156	1 0 0 0 1 1 1 1 0 1 0 1 0 1 1 0 0 0 1 1 0 1 1 1 0 0 0 1 0 0 0 1 1 1 1 1 0 0 0 1 0 0 0 0 0 1 1 1 1 0 0 1 0 0 1 0 0 1 0 0 0 1 1 0 0 1 1 0 0 1 1 0 1 0 1 1 0 1 1 0 1 1 0 0 0 0 1 1 1 0 1 1 1 1 0 0 0 1 0 0	0 0 1 1 1 0 0 1 0 0 0 0 0 0 0 1 0 1 0 0 0 1 0 0 1 1 0 0 1 0 0 1 0 1 1 1 0 0 0 0 1 0 1 1 0 0 1 1 0 0 1 0 1 0 0 1 1 0 1 1 1 0 0 1 0 1 0 1 0 0 1 0 0 0 0 0 1 0 0 0 1 0 1 1 0 0 1 1 0 0 0 0 1 0 1 0 1 0 1 0
IND0157	0 1 0 0 1 0 0 1 1 1 1 1 1 0 1 0 1 1 1 1 0 1 1 1 1 0 0 1 0 0 1 1 0 1 1 0 1 0 0 1 0 1 0 1 1 0 0 0 1 0 0 1 1 0 0 1 0 1 0 0 0 1 1 0 0 1 0 0 1 1 1 1 1 0 1 0 1 1 1 0 1 0 0 1 1 1 1 1 0 1 0 1 1 0 0 1 1 1 1 1	0 0 1 1 1 0 1 1 0 0 1 1 0 1 1 1 0 1 0 0 1 1 1 0 0 0 0 1 1 1 1 1 0 1 0 1 0 0 0 0 0 0 0 1 1 1 0 1 1 1 1 0 0 0 1 0 1 0 0 1 1 0 0 0 1 0 0 1 1 0 1 0 1 1 1 0 1 0 0 1 0 1 0 0 0 1 0 1 1 1 0 1 0 1 0 1 1 1 0 1
IND0158	0 0 0 0 0 0 0 1 0 1 1 1 0 0 1 0 0 0 1 1 0 0 0 1 0 1 1 1 1 1 0 1 0 1 0 1 0 1 1 1 1 1 1 0 0 0 1 0 1 0 1 1 1 1 0 1 0 1 1 0 1 0 0 1 0 1 1 1 1 1 0 1 0 0 1 1 1 1 0 1 1 0 1 0 1 1 0 0 0 0 0 1 1 1 0 0 0 1 0 1	1 1 0 1 1 0 0 1 0 1 0 0 0 1 0 0 1 0 0 0 1 0 1 0 1 1 0 1 0 0 0 0 1 0 1 0 1 1 0 0 0 1 1 1 1 1 1 1 0 1 0 0 1 1 1 0 0 0 1 1 0 0 1 0 1 0 1 1 1 1 0 1 0 1 1 1 1 0 1 1 0 0 1 1 0 0 1 1 1 1 0 1 0 0 0 1 1 0 1 1
IND0159	1 1 1 1 0 1 0 0 0 0 0 1 0 0 1 0 1 0 0 1 0 0 0 1 0 1 0 1 1 0 0 1 1 0 1 0 1 1 0 0 0 1 1 1 0 0 0 1 0 0 0 0 0 0 0 1 1 0 0 0 0 0 1 1 0 0 0 0 1 0 1 1 1 1 0 0 0 1 0 1 0 0 0 0 1 0 0 1 1 1 1 0 0 1 0 1 0 1 0 1	1 0 1 1 1 1 0 1 1 1 1 0 0 1 0 1 1 0 0 0 0 0 0 1 1 1 0 0 1 1 0 0 1 0 0 1 0 0 0 0 1 0 0 0 1 1 0 0 0 0 1 1 0 0 1 0 0 0 0 1 1 1 1 1 0 0 0 0 0 0 0 1 1 1 0 1 0 0 1 0 0 0 1 0 0 1 1 0 0 0 0 0 0 1 0 1 1 0 0 1
IND0160	0 1 1 1 1 1 0 0 1 1 0 1 0 1 0 1 0 0 0 1 1 1 0 0 1 0 0 1 0 0 1 0 0 1 1 0 1 1 1 0 0 1 1 1 0 0 0 0 0 0 0 1 1 1 1 0 1 1 0 0 1 1 1 0 1 1 0 0 0 1 1 0 1 1 1 1 0 0 0 0 1 0 1 0 0 1 0 1 1 0 1 1 0 0 0 1 1 0 1 0	1 0 1 1 1 1 0 1 1 0 0 1 0 0 0 1 1 0 1 0 1 0 1 1 1 1 0 1 1 0 1 0 1 0 0 1 1 0 0 1 1 0 0 1 0 0 1 0 1 1 1 1 0 1 0 1 0 1 1 1 0 1 0 1 0 0 1 1 1 0 1 0 1 0 1 1 1 0 1 0 0 0 0 1 0 0 0 1 1 0 1 0 0 1 0 0 0 1 0 1
IND0161	0 0 1 0 0 1 0 0 1 0 1 1 0 0 0 1 1 1 1 0 0 1 0 1 0 0 1 1 0 1 0 1 0 1 0 0 0 0 0 1 1 1 0 1 0 0 1 0 0 0 0 1 1 1 0 0 0 0 1 1 0 0 1 1 1 1 1 1 0 0 1 1 1 1 0 1 1 0 1 0 1 1 1 1 1 0 0 0 1 0 1 1 1 1 0 1 0 1 0 1	1 1 1 0 1 0 1 0 1 1 0 1 0 0 0 1 0 0 0 1 0 1 0 1 1 0 0 0 0 0 1 1 0 0 0 0 1 0 0 1 1 1 0 1 0 1 0 1 0 1 0 0 0 0 0 1 0 1 1 0 0 1 1 0 1 0 0 0 1 1 1 0 1 1 1 0 1 1 1 0 0 0 0 1 0 1 0 1 0 0 1 1 0 0 0 1 1 1 0 0
IND0162	1 0 1 0 1 0 0 0 1 0 0 1 0 1 0 1 1 1 0 1 1 1 1 1 1 1 1 1 1 1 1 1 0 0 0 1 0 1 0 0 0 0 1 0 1 1 1 1 0 1 1 1 0 0 1 1 1 1 0 1 1 1 1 0 1 0 0 1 1 1 0 1 1 0 0 1 1 0 0 1 0 1 0 0 0 1 1 1 0 1 0 0 1 0 0 0 1 1 0 1	0 0 0 0 1 1 0 1 0 1 1 1 0 1 1 0 0 0 0 0 1 0 0 0 0 0 1 0 1 0 1 0 0 0 0 0 0 1 1 1 0 0 0 0 1 1 0 1 1 0 1 1 0 1 0 0 0 0 1 0 0 1 1 1 1 1 0 0 1 0 1 0 0 0 0 1 1 0 0 1 0 1 1 1 0 0 1 0 1 0 0 0 0 0 0 1 1 1 1 0
IND0163	0 0 0 1 1 0 0 1 1 1 0 1 1 0 1 1 0 1 1 1 1 1 0 0 0 0 1 1 0 0 1 1 0 1 0 0 0 1 1 1 0 1 1 1 0 1 1 1 1 1 0 1 0 0 0 0 0 1 1 0 1 0 1 0 1 1 1 0 1 1 1 0 0 1 0 1 1 0 0 0 1 0 0 0 1 1 0 0 0 0 1 1 0 1 0 0 1 1 1 1	0 0 0 1 0 0 0 0 1 0 1 1 1 1 0 1 1 0 0 0 0 0 0 1 1 0 0 0 1 1 0 1 0 0 1 0 1 1 0 0 0 0 0 0 0 0 1 0 0 0 1 1 0 1 1 1 0 1 1 1 1 1 1 0 1 0 1 1 0 0 1 0 1 1 1 1 1 1 1 0 1 1 1 0 0 0 1 0 0 1 0 0 1 1 1 0 1 1 0 1
IND0164	0 1 1 0 0 0 1 0 1 1 0 1 0 0 0 1 1 0 0 1 1 0 1 1 1 0 1 1 0 1 0 1 0 1 0 1 0 1 1 0 0 1 1 0 0 0 1 0 0 0 1 1 1 1 0 0 0 1 1 0 0 0 1 1 0 0 1 0 1 1 1 0 1 1 1 1 0 1 1 0 0 1 1 1 1 0 0 1 0 0 1 0 1 0 0 0 0 1 1 0	0 0 0 0 1 0 1 0 0 1 0 0 1 0 0 0 1 0 0 0 1 0 0 1 0 0 0 1 0 1 1 1 0 1 1 1 1 0 0 1 0 0 0 1 0 1 1 0 0 0 1 1 1 1 0 0 0 0 0 1 1 0 1 0 0 1 0 1 1 0 1 0 0 1 1 1 0 1 1 1 0 0 0 0 1 1 0 0 0 1 1 0 0 1 1 0 1 0 0 1
IND0165	1 0 1 0 0 0 0 0 0 0 1 0 1 0 1 1 1 0 0 0 0 1 0 0 0 1 1 0 1 1 1 0 1 1 1 0 0 1 1 1 1 1 0 1 0 1 0 0 1 1 0 0 0 1 1 0 1 0 1 0 1 1 0 1 1 0 0 0 0 1 0 1 0 0 0 0 0 1 1 0 0 1 1 1 0 0 1 1 0 0 0 0 1 1 0 1 0 1 0 0	0 1 1 1 0 1 0 1 0 1 1 1 0 1 0 1 1 1 1 1 1 0 0 0 1 0 0 0 1 1 0 0 0 1 1 0 0 1 0 0 1 0 1 1 1 0 0 0 1 0 0 1 1 0 1 0 0 1 1 1 1 1 1 1 0 1 0 0 1 1 1 0 0 1 1 1 1 1 1 0 0 0 1 1 0 0 0 1 1 1 1 0 0 1 1 0 0 1 0 1
IND0166	0 1 1 0 1 0 0 1 1 0 0 1 1 1 0 0 0 0 0 1 0 0 1 0 1 0 0 1 1 0 0 0 0 0 0 1 0 1 1 0 0 0 1 1 0 0 0 0 0 0 0 1 1 1 0 0 1 0 0 0 1 0 1 0 0 0 1 0 1 1 0 0 1 1 1 0 0 1 1 1 1 1 1 1 0 1 0 0 0 1 0 0 0 1 0 1 0 1 0 1	0 1 1 0 1 0 1 1 0 1 0 1 0 0 0 1 0 1 1 0 1 1 0 0 1 1 1 1 0 0 0 1 1 1 1 1 1 1 1 0 1 1 0 0 1 1 0 1 0 1 1 1 0 0 1 1 0 0 0 0 1 1 1 1 0 1 1 0 1 1 0 1 0 0 1 0 0 1 0 1 0 1 1 0 0 1 0 0 0 0 0 1 1 1 1 1 1 0 0 0
IND0167	1 1 0 0 1 0 0 0 0 0 0 0 0 0 1 0 1 0 0 1 0 0 1 1 0 0 1 0 1 0 0 0 0 0 1 0 1 1 1 0 0 0 0 1 1 1 1 1 0 1 0 1 1 1 1 1 1 0 0 1 0 1 1 1 0 0 1 1 1 0 0 0 1 0 0 0 1 0 1 1 0 1 1 0 0 1 1 1 1 1 1 0 1 0 1 0 0 1 1 1	0 0 1 0 1 1 1 1 0 0 0 1 1 0 1 0 1 1 0 0 0 1 1 0 0 1 0 0 0 1 1 0 1 1 1 1 0 0 1 0 1 0 1 0 0 1 1 1 0 0 0 0 0 0 1 1 0 1 1 1 1 1 0 1 1 0 0 0 0 0 0 0 1 0 1 1 0 1 0 0 1 0 1 1 1 0 1 1 1 1 1 1 1 0 0 0 0 0 0 1
IND0168	1 0 0 1 1 1 1 1 1 1 0 0 1 1 0 1 1 0 1 0 1 1 1 0 0 0 1 0 0 0 0 0 0 0 0 1 1 1 0 0 0 0 1 0 0 0 1 0 1 1 1 1 1 0 1 1 0 0 1 0 1 1 0 0 1 1 1 1 1 1 1 0 1 1 0 1 1 1 0 1 1 0 1 0 0 1 0 0 0 0 0 1 1 1 1 0 0 1 1 1	1 0 1 1 0 0 1 0 0 1 1 1 1 0 1 1 1 1 0 1 0 1 0 1 1 1 1 0 1 0 0 1 0 0 1 1 0 0 0 0 0 0 1 1 0 1 0 0 1 0 1 1 1 1 1 1 0 1 0 1 1 1 0 0 0 0 0 1 0 0 1 0 1 1 1 1 1 1 0 0 1 0 1 0 0 1 1 0 1 1 0 1 0 0 0 0 1 1 0 0
IND0169	1 0 1 1 1 0 1 1 1 0 1 1 0 1 1 0 1 0 0 1 0 1 0 0 0 0 0 1 0 0 0 1 0 1 0 0 0 0 1 1 1 0 1 0 1 1 0 0 1 0 1 0 0 0 0 1 1 1 0 1 0 1 1 1 0 1 0 0 0 1 1 0 1 1 1 0 0 0 1 1 1 0 0 1 0 1 1 0 1 0 1 1 0 1 0 1 0 0 1 0	0 0 1 0 1 0 0 1 0 0 1 0 0 1 0 1 0 0 0 1 1 0 1 1 1 1 1 0 0 1 1 1 0 0 0 0 0 0 0 0 0 0 0 0 0 0 0 0 1 0 0 0 0 0 0 1 0 0 0 1 0 0 0 1 0 0 1 1 0 0 0 0 1 0 1 0 1 1 1 0 1 0 0 1 0 0 0 1 1 0 0 1 1 1 1 0 0 1 0 1
IND0170	1 1 0 0 1 0 1 1 0 1 1 0 1 0 1 1 1 1 1 0 0 1 0 0 0 1 0 1 1 0 1 1 0 1 0 1 1 0 1 1 0 1 1 1 0 1 1 1 0 1 0 0 1 1 0 1 0 1 0 1 0 1 1 1 1 0 0 1 1 0 1 1 1 0 1 1 1 0 1 0 1 0 1 1 1 0 0 1 1 0 0 0 0 1 0 1 1 1 1 0	0 1 1 1 0 0 0 1 1 1 1 1 1 0 0 0 1 1 1 0 1 1 0 0 0 1 0 1 0 1 1 0 1 0 1 1 1 1 1 1 1 1 1 0 1 0 1 0 0 0 1 0 1 0 0 0 1 0 1 1 0 0 0 1 1 1 1 0 1 0 1 1 1 0 1 1 1 0 1 1 1 1 1 1 1 0 0 0 0 0 0 0 1 1 0 0 1 0 0 1
IND0171	1 0 1 0 0 1 0 0 1 0 0 1 0 1 0 1 0 0 1 0 0 0 0 0 0 0 0 1 0 1 0 0 0 1 1 1 1 1 0 0 1 0 0 0 1 0 0 1 1 0 1 0 0 0 0 1 0 0 1 0 0 0 0 0 0 1 0 1 0 0 1 0 0 1 0 1 1 0 0 0 1 0 1 1 0 1 0 1 1 0 0 1 1 0 1 0 1 1 0 1	0 1 1 0 0 0 0 0 0 1 0 0 1 0 1 0 0 0 0 1 1 1 1 1 0 1 0 1 0 0 0 0 0 0 0 1 0 1 0 0 1 1 0 1 1 0 0 0 0 1 0 0 1 0 0 1 0 0 1 0 1 1 1 1 0 0 0 0 0 1 0 0 1 1 0 1 0 1 1 0 0 0 1 1 1 0 1 0 0 1 1 0 1 1 1 0 0 0 1 1
IND0172	0 0 0 0 0 0 0 1 1 0 1 1 0 1 1 0 1 1 0 1 0 1 0 0 0 1 1 0 0 1 0 1 1 0 1 1 0 0 1 0 0 1 1 0 0 1 1 0 1 0 0 1 1 0 0 1 1 0 1 0 1 1 0 1 0 0 0 1 0 0 0 1 0 1 0 1 0 1 0 1 0 0 1 1 0 1 0 0 0 1 1 1 0 0 0 1 1 0 1 0	1 0 1 0 0 0 0 0 0 1 0 0 1 0 0 1 1 0 1 1 1 1 0 0 1 1 0 1 1 1 0 0 1 1 1 0 0 1 0 1 1 1 1 1 0 1 1 0 1 1 1 1 1 0 1 1 0 1 1 1 0 0 0 0 0 0 1 0 0 0 0 1 1 0 1 1 1 1 0 0 0 1 1 1 0 0 1 1 1 0 1 0 0 1 0 0 1 1 0 0
IND0173	0 1 1 1 1 1 0 1 1 1 0 0 0 0 1 1 1 0 1 1 1 0 0 0 0 1 1 1 1 0 1 1 0 1 1 1 1 1 0 1 1 0 1 0 0 0 0 0 1 1 0 1 1 0 1 1 0 1 1 1 0 1 0 1 1 0 1 0 0 0 0 0 0 1 1 1 1 1 1 0 0 0 0 0 1 1 1 1 0 1 1 0 0 1 0 1 1 0 0 1	0 0 1 1 0 1 1 1 1 0 1 0 1 1 1 0 1 0 1 1 0 0 1 1 0 1 1 0 0 1 1 1 0 0 1 0 0 1 1 1 0 1 1 1 0 0 0 1 0 1 0 1 1 1 0 1 0 0 0 0 1 0 0 1 0 0 0 0 1 0 0 1 0 0 0 0 0 1 0 0 0 0 0 1 0 1 0 0 1 0 1 1 0 1 0 1 1 1 0 0
IND0174	1 0 1 1 0 0 0 1 0 1 0 1 1 0 1 0 0 0 0 0 0 1 0 0 0 1 1 0 1 0 0 1 0 0 0 1 1 1 1 0 0 1 0 0 1 0 0 0 0 0 0 0 1 0 0 0 0 0 0 1 0 1 1 0 1 1 0 0 1 0 1 0 1 1 1 1 1 1 0 1 1 0 0 1 0 1 0 1 1 1 1 1 1 0 1 0 0 1 1 1	0 0 1 0 0 1 0 1 0 0 1 0 0 0 0 0 1 1 1 1 1 0 0 1 0 1 0 1 1 0 0 1 0 1 0 1 1 0 0 0 0 1 1 0 0 0 1 1 1 0 1 0 1 1 1 0 0 1 0 1 1 1 1 1 1 0 0 0 0 1 0 0 0 0 0 1 0 0 0 0 0 0 1 0 1 1 0 0 0 1 1 1 1 1 0 1 0 0 1 0
IND0175	1 1 0 1 0 0 0 1 1 1 1 1 1 0 1 0 1 1 0 1 1 0 0 1 1 0 1 1 1 1 1 0 0 0 0 0 0 1 1 0 0 1 0 0 1 0 1 1 0 1 0 1 0 1 0 1 0 1 0 0 0 0 0 1 1 0 1 1 1 0 0 0 1 1 0 0 1 1 1 1 1 0 1 0 1 1 1 0 1 1 0 1 0 1 1 1 1 0 1 1	1 0 0 1 0 0 1 0 1 0 1 0 1 1 0 0 1 1 1 0 1 0 0 1 0 1 0 1 1 1 1 0 1 1 0 1 1 0 1 1 0 0 0 1 1 0 0 1 0 0 0 0 1 0 0 1 1 1 0 1 1 0 1 1 0 1 1 0 0 1 0 1 0 1 1 1 1 1 0 0 0 1 1 1 0 1 0 0 1 0 1 0 0 1 0 1 0 1 1 0
IND0176	1 0 0 1 1 1 0 1 0 1 1 0 0 1 1 1 0 1 0 0 1 0 0 0 0 0 1 0 0 0 0 0 1 0 0 0 0 1 1 0 1 0 0 0 1 1 1 0 1 1 0 0 1 0 0 0 0 0 0 0 0 1 0 0 0 1 1 1 1 1 0 0 1 0 0 0 0 1 1 0 1 0 0 1 1 1 1 1 0 1 0 0 0 1 0 1 1 1 0 0	1 0 0 1 0 0 1 0 0 0 1 1 1 1 0 0 1 0 0 1 0 1 0 0 0 1 0 1 0 0 1 0 0 0 0 1 0 0 0 1 1 1 0 0 1 0 0 1 1 1 1 1 0 0 1 0 0 1 0 0 1 1 1 0 0 1 0 1 1 1 0 1 0 0 0 1 0 0 0 0 0 1 0 0 0 1 0 0 0 1 1 1 0 1 1 0 1 1 1 0
IND0177	0 0 1 1 0 0 1 0 0 0 1 1 0 0 1 0 1 0 1 0 1 1 1 1 1 1 0 0 0 0 0 0 0 0 0 1 0 1 0 1 1 1 0 0 1 1 0 0 1 0 0 0 0 0 0 0 0 1 0 0 1 0 0 0 0 0 1 1 0 1 1 0 0 1 0 0 0 0 1 0 0 1 0 1 1 1 1 0 0 1 1 0 1 1 0 0 0 0 1 0	0 1 0 1 1 1 0 1 0 1 0 1 1 1 1 1 1 0 1 0 1 0 0 0 0 0 1 0 1 0 1 0 0 1 1 1 1 1 1 1 0 0 1 0 0 0 0 1 1 1 1 0 1 0 1 1 1 0 1 1 1 0 0 0 1 0 0 1 1 0 0 1 1 1 1 1 0 1 0 0 1 0 1 1 1 1 1 0 1 0 1 0 0 1 1 0 1 0 1 1
IND0178	1 0 1 1 1 0 0 1 0 0 0 1 0 1 0 0 0 0 0 0 0 0 1 0 1 0 1 1 0 1 1 0 0 1 0 0 1 1 1 1 1 0 1 1 1 0 1 0 0 1 1 1 1 0 1 1 0 1 1 1 0 1 0 1 1 1 1 1 0 1 1 0 0 1 1 1 1 0 1 1 0 1 0 0 1 0 0 1 1 0 1 1 0 0 1 1 1 1 1 1	1 1 0 0 0 0 1 0 1 1 0 1 1 0 1 1 0 1 0 1 0 1 0 0 1 0 0 1 0 0 0 0 0 1 0 0 1 1 1 0 1 1 1 0 1 0 0 0 0 0 0 0 0 0 0 0 1 0 0 1 1 1 0 0 1 0 1 0 0 1 1 0 1 1 0 1 1 0 0 0 0 1 0 0 0 1 1 1 0 1 0 0 1 1 0 0 0 0 0 0
IND0179	1 1 1 0 1 1 0 0 0 1 1 1 0 1 0 1 1 1 1 1 1 0 1 0 0 1 1 0 1 0 0 1 1 0 0 0 1 0 0 0 1 0 1 1 0 0 0 0 1 1 0 1 1 0 1 1 0 1 0 1 0 0 1 1 0 1 0 0 0 1 1 0 0 1 0 1 1 0 0 1 0 1 0 0 1 0 1 0 0 1 0 1 0 0 0 0 0 1 1 1	1 1 0 0 1 0 0 1 0 0 0 0 1 0 0 1 0 0 1 1 1 1 0 0 1 0 1 1 0 0 0 0 1 1 1 0 0 1 0 1 1 0 0 1 0 0 0 1 0 1 1 1 0 1 1 0 0 0 1 1 1 1 1 0 0 0 1 0 1 0 0 0 0 0 1 0 0 1 1 0 0 1 0 1 0 1 0 1 1 1 1 0 0 1 0 1 0 0 0 0
IND0180	1 1 0 1 0 1 1 1 0 1 0 0 1 1 0 1 0 0 0 1 0 0 1 1 1 1 1 1 1 0 0 0 1 0 0 1 0 0 1 1 1 1 1 0 0 1 0 1 0 1 1 1 0 1 1 1 0 0 0 1 1 0 1 1 1 1 1 1 0 0 1 0 1 1 1 1 1 0 1 1 0 0 1 1 0 1 0 1 0 0 1 1 1 1 1 0 0 1 1 0	0 0 1 0 0 1 0 1 1 1 0 0 0 1 1 0 0 1 1 1 1 1 0 1 0 1 0 1 1 0 1 0 1 0 0 1 0 0 0 1 0 0 0 0 1 0 0 1 0 1 1 0 0 0 0 0 1 1 1 1 0 1 1 0 0 1 0 0 0 0 1 0 0 1 1 0 0 1 0 1 1 0 1 0 0 0 1 1 1 0 1 0 0 1 0 0 1 0 0 0
IND0181	0 1 1 1 1 0 0 1 1 0 0 0 1 0 1 0 1 1 1 0 0 0 0 1 1 1 1 0 0 0 1 1 1 1 0 1 0 0 0 0 1 0 0 1 1 1 1 0 0 1 1 0 0 0 0 1 0 0 0 1 0 0 0 1 0 1 0 0 1 1 1 1 0 0 0 0 0 1 0 1 1 0 0 0 0 0 0 0 0 0 0 0 0 1 1 0 0 0 1 0	0 0 1 0 0 0 0 0 1 0 1 1 0 0 1 1 1 1 1 0 0 1 1 1 1 0 1 1 1 0 1 0 1 1 0 1 1 1 1 0 1 0 1 0 1 0 0 0 0 0 0 1 1 1 1 0 0 1 1 1 0 1 0 1 0 0 1 1 0 0 1 0 0 1 0 0 1 0 0 0 1 0 1 1 0 1 1 0 0 0 0 1 0 0 1 1 0 1 1 0
IND0182	0 0 0 1 0 0 1 0 1 0 1 1 1 0 0 1 0 1 1 1 0 0 0 1 0 1 0 1 0 0 1 1 0 1 1 0 1 0 1 0 0 0 1 1 0 1 0 1 0 0 0 1 0 1 0 0 1 1 1 0 0 0 1 0 1 0 0 0 1 1 1 0 1 1 1 1 0 1 0 0 0 1 1 0 0 1 0 0 0 0 0 0 1 1 0 1 0 1 0 0	0 1 1 0 1 0 1 0 0 0 0 1 0 0 1 1 1 1 1 0 0 0 1 1 1 0 0 1 0 1 1 0 0 0 0 0 0 1 0 0 0 0 0 1 1 1 0 0 0 0 0 0 0 1 1 0 1 1 0 1 1 0 0 0 0 1 1 0 0 1 1 1 0 0 0 0 1 1 1 0 1 0 1 1 1 1 0 0 0 1 1 1 0 1 0 0 1 0 0 1
IND0183	0 1 0 1 1 1 0 0 0 1 1 1 0 0 0 0 0 1 1 1 1 0 1 1 0 0 1 1 1 1 1 0 1 1 1 1 1 1 0 0 0 1 1 0 1 0 0 1 0 1 1 1 1 0 0 1 0 0 0 1 0 1 1 0 0 0 1 0 0 0 1 0 0 0 0 1 0 0 0 1 0 0 0 1 1 1 1 0 1 1 0 0 1 1 1 1 1 0 0 0	1 0 1 1 1 0 0 1 0 0 0 1 0 1 0 1 1 0 1 0 1 0 1 1 0 1 0 0 1 0 0 0 0 1 0 0 0 0 1 1 1 1 0 1 0 0 1 0 1 0 0 0 0 1 0 0 0 1 1 0 0 0 0 1 0 1 0 1 0 0 1 0 0 1 0 0 0 1 0 1 0 0 1 1 1 1 1 1 0 1 0 1 0 0 0 0 0 0 1 0
IND0184	0 1 0 0 0 0 1 0 1 1 0 0 1 1 0 1 0 0 1 1 0 1 0 0 1 1 0 0 0 0 0 1 0 0 1 1 0 0 1 0 1 1 0 1 1 0 1 0 0 0 0 0 0 1 1 0 0 1 0 1 0 1 0 1 1 1 0 1 0 0 0 1 0 0 1 0 0 1 0 1 1 0 1 0 0 0 1 0 0 0 1 0 1 0 0 1 0 0 0 1	1 1 0 1 0 1 0 1 1 1 0 0 0 1 0 0 0 1 0 1 1 0 1 1 0 0 0 1 0 0 0 0 0 1 1 0 1 0 0 1 0 1 1 1 1 1 0 0 1 1 1 1 0 1 0 1 1 0 0 0 1 1 1 0 1 1 1 0 1 0 1 1 0 0 0 1 1 0 1 0 1 0 0 0 1 0 1 1 1 0 1 1 1 0 0 0 0 0 0 1
IND0185	1 0 0 1 0 0 1 1 0 1 0 0 1 0 1 0 0 0 0 0 0 0 0 1 1 0 0 0 0 1 1 0 1 0 1 0 1 0 0 0 0 1 1 0 1 1 1 1 0 1 1 0 0 0 0 1 1 1 1 1 0 1 0 1 0 0 0 0 0 1 1 1 0 1 0 1 1 1 1 1 0 0 1 0 0 0 0 0 1 0 0 0 0 0 1 0 0 1 1 0	0 1 1 0 0 1 1 1 0 1 1 0 1 0 1 1 1 0 0 1 0 1 0 1 1 0 0 1 1 1 0 0 0 1 1 1 0 0 0 1 0 1 1 0 0 1 1 0 1 0 0 0 0 1 0 1 1 0 0 0 1 1 1 1 1 0 0 1 1 0 1 1 0 0 0 1 1 1 1 1 0 0 0 0 1 0 1 1 0 0 0 0 1 1 1 0 0 0 1 0
IND0186	0 1 0 0 1 1 0 1 0 1 1 0 1 0 0 0 0 0 0 0 0 0 1 1 0 1 0 0 1 1 1 0 1 0 0 1 1 0 1 1 1 0 1 1 1 1 1 0 0 0 1 0 1 1 1 1 1 0 0 0 0 0 1 1 1 1 0 0 0 0 1 0 1 1 0 1 1 0 0 0 0 1 0 0 1 1 0 1 1 1 0 1 0 0 1 1 0 0 1 0	0 1 1 1 0 1 0 1 0 0 1 0 0 0 0 0 0 0 0 0 1 0 1 1 0 1 1 0 0 0 0 1 1 1 1 0 0 0 0 0 0 0 1 0 1 1 1 0 0 0 1 0 0 1 0 1 0 1 0 1 1 0 1 1 1 1 0 1 1 1 1 1 0 0 1 0 1 0 0 0 0 1 1 0 0 1 0 1 1 1 0 1 0 1 1 1 1 0 0 0
IND0187	0 0 1 1 1 1 0 0 0 0 1 1 1 0 0 1 0 1 0 1 0 1 0 1 1 1 1 1 0 0 1 0 0 1 0 1 0 0 0 0 1 1 1 1 1 0 1 0 1 1 1 1 0 0 0 0 0 0 1 0 0 1 1 1 1 1 1 0 0 1 1 1 0 1 1 1 0 1 0 0 0 0 0 0 0 1 1 0 1 0 1 0 1 1 1 1 1 1 0 0	1 1 0 1 0 1 1 0 1 1 0 1 0 1 0 0 1 0 0 0 0 0 0 1 0 0 0 1 0 0 0 1 0 1 0 1 0 0 0 0 1 0 0 0 0 0 0 0 0 1 0 0 1 0 0 1 0 0 0 1 0 1 1 0 1 0 1 1 1 0 0 1 0 1 0 0 1 0 1 1 0 0 0 0 0 1 1 0 0 0 1 1 1 0 1 1 0 1 0 0
IND0188	1 0 0 0 0 1 1 1 0 0 0 1 1 0 1 1 0 0 0 0 0 1 1 0 1 0 0 1 1 1 0 1 1 0 1 0 0 0 1 0 0 1 1 1 1 1 0 0 0 1 1 0 1 0 0 1 0 1 1 1 1 1 0 0 1 1 1 1 0 1 0 0 1 1 0 0 1 1 0 0 1 0 0 1 0 0 1 1 0 1 0 0 1 1 1 0 0 0 1 0	0 1 0 1 0 0 0 0 0 1 1 0 1 1 0 0 1 0 0 0 1 1 0 1 1 0 0 1 1 1 1 0 1 0 1 1 1 0 0 1 0 0 0 1 1 1 0 1 1 1 0 1 1 0 0 1 0 1 1 1 1 0 1 1 1 0 1 0 0 0 1 1 1 1 1 0 1 1 0 1 1 0 1 1 1 1 1 1 0 0 1 1 1 1 1 0 1 1 0 1
IND0189	1 0 1 0 0 0 1 0 1 0 0 1 0 0 1 0 0 1 0 1 0 0 1 0 1 0 1 0 0 1 1 1 1 0 1 1 0 1 0 1 0 1 0 1 1 0 1 1 0 0 0 0 1 1 0 1 0 1 0 0 0 0 0 1 0 1 1 0 0 0 1 1 1 0 1 1 0 1 0 0 1 0 1 1 0 0 0 1 0 1 1 0 1 0 0 1 1 1 0 1	0 1 0 0 0 1 0 1 1 1 0 1 1 1 0 0 1 0 1 0 1 0 0 1 0 0 1 1 1 1 1 1 1 1 0 1 0 1 1 1 0 0 0 0 1 0 0 0 0 1 1 1 0 0 1 0 1 1 0 1 1 0 0 1 0 0 1 1 1 0 1 1 1 0 1 1 0 0 1 1 0 1 0 1 0 1 0 0 1 1 1 1 0 1 1 0 0 0 0 1
IND0190	0 1 1 1 0 0 1 0 0 0 1 1 1 1 1 1 0 0 0 0 0 0 0 0 1 1 0 1 1 0 1 0 1 1 1 0 1 1 0 1 0 0 0 0 1 1 1 1 0 0 0 0 1 1 0 1 0 0 1 0 0 1 1 1 1 1 0 0 0 1 1 0 1 0 1 0 0 0 1 0 0 0 0 0 0 0 0 0 1 0 1 0 0 0 1 1 0 1 0 0	0 0 1 1 1 1 1 0 0 1 1 1 1 0 1 0 0 0 1 0 0 1 0 1 0 0 0 0 0 1 0 1 0 0 0 0 1 1 0 0 1 1 1 1 1 1 1 1 0 0 0 1 0 0 0 1 1 0 0 0 1 1 1 0 0 1 1 0 0 1 0 1 1 1 1 1 1 1 0 1 0 1 1 0 1 0 1 0 1 1 0 1 1 0 0 1 0 1 0 0
IND0191	1 1 1 0 0 1 0 0 1 1 0 0 1 0 0 1 1 0 0 1 1 1 1 1 1 1 1 1 0 1 0 0 0 1 1 1 0 0 1 0 1 1 1 1 1 1 1 1 0 1 0 1 1 1 0 0 1 0 0 1 0 0 0 0 0 1 0 0 1 0 0 0 0 0 1 0 1 0 1 0 1 0 1 0 1 0 0 0 0 1 1 1 1 1 0 1 1 1 0 0	0 0 0 0 0 0 0 0 0 1 1 1 1 1 1 1 0 0 1 1 0 0 0 0 0 0 0 0 0 0 0 0 0 1 1 1 1 0 1 0 0 0 0 1 0 1 1 1 0 0 0 0 0 1 1 1 0 1 1 0 0 0 1 1 0 0 1 0 1 0 0 1 0 0 0 0 0 0 0 1 0 0 1 1 0 0 1 0 1 1 1 0 0 1 0 0 0 1 0 0
IND0192	1 1 0 0 0 1 1 0 0 0 1 0 0 1 0 1 1 1 1 0 1 1 0 0 1 0 0 0 1 1 1 0 0 1 1 1 0 0 1 0 0 1 0 0 0 1 0 0 0 1 1 0 0 0 1 1 0 0 1 0 1 1 0 1 0 0 1 0 1 0 0 1 1 0 0 1 0 1 0 0 1 1 0 0 0 0 0 0 0 1 1 1 0 0 1 0 1 1 0 0	1 1 0 0 1 1 1 1 0 0 0 1 1 1 1 1 1 0 1 1 0 1 1 1 0 1 0 1 1 1 0 1 0 1 0 0 0 1 1 0 0 1 1 0 1 0 1 1 1 0 1 0 0 1 1 1 1 0 0 0 0 0 1 1 0 0 1 0 0 1 0 0 1 0 0 0 1 0 0 1 0 0 1 0 0 1 0 0 1 0 0 0 0 1 0 0 0 0 1 1
IND0193	0 1 0 1 1 0 0 0 1 1 1 0 1 1 1 0 1 0 1 0 1 1 1 1 0 1 1 1 0 0 0 1 1 0 1 1 0 1 1 1 1 1 1 1 0 0 0 1 1 0 1 0 0 1 1 1 0 1 0 0 0 1 0 0 1 1 1 0 1 0 1 1 1 1 0 0 1 0 1 1 1 0 1 0 0 0 1 1 0 0 1 0 1 0 0 0 1 1 0 0	0 1 1 0 0 0 0 1 0 1 1 0 1 0 1 1 1 0 0 1 0 1 1 0 0 0 0 0 0 0 1 0 1 1 0 1 0 1 0 0 1 1 0 1 0 0 1 0 1 0 1 0 0 0 1 1 1 1 0 0 0 0 1 0 0 1 0 0 0 0 0 0 1 0 1 0 0 1 0 0 0 1 0 1 0 0 1 0 1 0 0 0 1 1 1 0 0 0 1 1
IND0194	0 0 1 0 0 1 0 1 1 1 1 1 0 0 1 1 0 0 0 1 1 0 0 1 0 1 0 0 0 0 0 0 0 1 1 0 0 0 1 1 1 1 1 1 0 0 0 1 0 0 1 0 1 1 0 0 0 1 0 0 0 0 0 1 0 1 1 1 0 1 0 1 0 1 1 1 0 0 0 1 1 0 1 0 0 1 0 0 1 1 0 0 1 0 0 0 1 1 1 0	0 1 0 0 1 0 0 0 1 1 0 0 0 1 0 1 1 0 0 1 1 0 1 1 0 1 0 0 0 1 1 0 1 0 0 0 1 0 0 1 1 1 1 0 1 1 0 1 1 0 0 1 1 1 0 0 0 1 0 1 0 1 1 0 0 1 1 1 0 0 0 1 1 0 1 1 1 1 0 0 1 0 1 1 0 1 0 0 0 1 0 0 0 0 1 1 0 0 0 1
IND0195	1 0 0 1 1 0 0 1 1 0 1 0 1 0 1 0 1 1 0 0 0 1 0 1 0 1 1 0 0 1 0 0 0 1 1 1 1 0 1 1 1 1 0 0 1 0 1 0 0 1 1 0 1 0 1 1 0 1 1 1 1 0 1 0 1 0 0 0 1 1 1 0 1 1 1 1 0 0 0 1 1 1 0 0 0 1 0 1 0 1 0 0 0 0 0 1 0 0 0 0	0 0 0 0 0 0 0 0 1 0 0 0 0 1 1 1 0 1 0 0 0 0 1 1 0 1 0 0 0 0 0 1 0 0 0 1 1 1 1 1 0 1 1 1 0 0 0 1 0 0 1 0 0 0 0 1 1 1 1 1 0 1 0 0 1 0 1 0 1 1 1 1 0 0 1 0 1 0 1 0 1 0 0 1 1 1 1 0 0 1 1 0 0 0 1 0 0 1 1 1
IND0196	0 0 1 0 0 1 1 1 1 0 1 0 0 1 1 0 1 0 0 0 1 0 0 1 0 1 0 1 0 0 0 1 1 0 1 1 0 0 1 0 0 0 0 1 0 1 1 1 1 1 1 0 1 0 1 0 1 1 0 1 1 0 0 1 1 0 1 0 1 1 1 1 1 0 1 0 1 1 1 0 0 1 1 0 1 1 1 0 0 0 1 1 1 1 1 1 0 0 1 0	1 0 0 0 0 1 1 1 1 1 1 0 0 1 1 1 1 0 1 0 1 1 0 0 1 1 1 1 1 0 0 0 0 0 0 0 1 1 1 1 1 0 0 1 1 0 1 0 0 1 0 1 1 0 0 1 1 1 0 1 0 1 0 0 1 1 1 0 1 0 0 0 1 0 1 1 0 1 0 0 1 0 0 0 0 1 1 0 1 1 1 1 0 1 0 1 1 0 1 1
IND0197	1 0 1 1 1 0 0 1 0 1 1 1 1 1 0 0 0 0 0 1 0 0 0 0 0 0 1 1 0 0 1 0 0 0 1 0 1 0 0 0 0 1 1 1 1 1 1 0 1 0 0 1 1 0 0 0 1 0 0 1 1 0 1 1 1 0 1 1 1 0 1 1 0 0 0 0 1 1 1 1 0 0 0 0 0 1 1 1 1 0 1 1 1 1 0 0 0 0 0 0	1 1 0 0 1 1 0 0 1 1 0 1 0 0 0 0 1 1 1 1 0 0 1 1 1 0 0 1 1 0 1 1 1 1 1 0 1 0 1 1 0 0 0 0 1 1 0 0 0 0 1 1 0 0 0 1 1 0 1 0 0 1 0 1 1 0 1 1 0 0 0 1 0 0 0 1 0 0 1 0 1 0 1 0 1 0 1 0 1 0 1 0 1 0 0 0 1 1 1 0
IND0198	1 0 1 0 0 1 0 1 0 1 0 1 1 0 1 0 0 1 0 1 1 0 1 1 0 1 1 1 1 0 1 1 1 1 1 1 1 1 1 1 1 0 0 0 0 0 0 1 1 0 1 1 1 0 0 0 1 0 1 1 0 1 1 0 1 0 1 1 0 1 0 1 0 0 1 1 0 0 1 0 1 1 0 0 0 0 0 0 0 0 1 0 0 1 0 0 0 0 1 0	0 1 1 1 0 1 1 1 1 1 1 0 0 1 1 1 1 0 0 0 1 1 0 1 1 1 0 1 1 0 0 1 1 1 0 1 1 1 0 1 1 1 0 0 1 0 1 1 0 1 1 0 1 0 1 0 1 1 0 0 1 0 0 0 0 1 0 1 0 0 0 1 0 1 1 0 0 0 0 0 0 1 1 1 1 1 1 0 1 1 0 0 0 0 1 0 0 0 1 1
IND0199	0 1 1 0 0 0 0 0 1 0 1 1 1 1 1 0 0 0 0 1 1 1 0 1 1 0 1 1 1 1 1 0 0 0 0 0 0 0 1 1 0 0 1 1 0 1 0 0 0 1 0 0 1 1 1 1 0 1 1 1 1 1 0 0 0 1 1 0 1 0 0 1 0 0 1 0 1 0 0 0 1 0 0 1 0 1 0 0 0 0 1 0 1 1 0 0 1 0 0 0	1 0 1 0 0 1 1 0 0 0 0 1 0 0 1 1 0 0 0 0 0 0 1 1 0 0 0 1 0 0 0 1 1 0 1 1 1 0 1 0 0 1 1 0 0 1 1 0 1 0 1 0 0 0 1 1 0 1 0 0 1 0 0 0 0 0 0 0 1 0 0 0 1 1 1 0 0 1 1 0 1 0 1 1 1 0 1 1 0 0 1 0 1 1 0 1 0 1 0 1
IND0200	1 0 1 0 0 1 1 1 0 0 1 0 0 0 0 1 1 1 1 1 0 0 0 0 0 0 0 0 1 1 1 1 1 0 1 1 1 1 0 1 1 0 1 0 1 0 0 0 1 0 0 1 0 0 1 1 0 0 1 0 0 0 0 1 0 1 1 1 0 0 1 1 0 0 1 1 1 0 1 1 0 0 1 0 0 1 0 1 0 1 1 1 1 0 0 0 1 0 1 0	0 1 1 0 0 1 1 1 1 1 0 0 0 1 1 1 1 1 0 1 0 1 1 1 1 1 1 0 1 0 1 1 1 1 1 1 1 1 0 1 0 0 1 1 0 1 1 0 1 0 1 1 0 1 0 1 0 0 1 1 1 0 0 0 1 1 0 0 1 1 0 0 1 1 1 0 1 0 0 1 0 1 1 1 1 0 1 0 0 0 0 0 1 1 0 1 0 1 1 1
