IND0001	1 1 1 1 1 1 1 1 1 0 0 1 0 0 1 1 1 1 1 1 1 0 0 1 1 0 0 1 0 1 0 1 0 0 0 0 0 0 1 1 1 1 1 0 0 0 1 0 1 1 0 0 1 1 0 1 1 0 1 1 1 0 0 0 1 1 0 0 1 0 1 0 1 0 1 1 0 0 1 0 1 1 1 1 0 0 1 0 0 1 0 0 0 0 1 1 0 0 0 1	1 0 0 0 0 1 1 0 0 0 0 1 1 0 0 1 1 0 0 1 0 0 1 1 1 1 1 1 0 1 1 1 1 1 1 0 1 1 0 1 1 1 0 1 0 0 1 0 0 0 1 1 1 1 1 1 1 0 0 0 1 1 0 1 0 1 0 1 0 1 0 1 0 0 1 0 1 1 1 0 1 1 0 1 0 1 0 0 0 0 0 0 0 1 0 1 1 1 0 0
IND0002	1 0 0 1 0 1 0 0 0 1 1 0 0 0 1 0 1 0 0 1 1 1 1 0 1 1 0 1 1 0 1 1 0 0 1 0 0 1 1 1 0 1 1 0 1 0 0 1 1 1 0 0 1 1 1 1 0 0 1 1 1 0 1 0 0 1 1 0 1 0 1 0 1 0 0 0 0 0 0 0 0 1 1 1 1 1 1 0 1 1 0 1 0 1 0 1 1 0 0 1	0 0 1 1 1 0 0 0 1 0 0 1 0 0 1 1 1 1 0 0 0 1 1 1 0 0 1 1 1 1 1 0 1 1 0 0 1 0 1 1 0 0 0 0 1 0 1 0 0 0 0 1 1 1 1 0 0 1 1 1 0 1 0 1 1 0 1 1 1 1 0 1 0 1 0 1 1 1 0 1 0 0 0 1 0 0 0 0 0 0 1 1 1 0 0 0 1 0 1 1
IND0003	1 1 0 0 1 1 0 0 0 1 1 0 1 0 1 0 1 0 0 0 0 1 0 0 1 1 0 0 1 1 1 0 0 0 0 0 0 1 1 1 0 1 1 1 1 1 1 1 1 1 1 1 1 1 1 0 1 0 0 0 0 1 0 0 1 0 1 0 0 0 1 1 0 0 0 0 1 0 1 0 1 0 0 0 0 0 0 0 1 0 1 0 1 0 1 1 0 1 1 0	0 0 0 0 0 0 1 0 0 0 0 0 0 0 0 1 0 1 1 1 0 1 0 1 0 1 0 0 0 0 0 1 0 1 1 0 0 1 1 0 0 0 0 1 1 0 1 0 0 0 1 0 1 1 1 0 0 0 0 0 1 0 0 1 1 0 0 0 0 0 0 0 1 0 0 0 0 1 1 1 0 1 0 0 1 0 0 1 1 0 0 0 0 0 0 0 0 1 0 1
IND0004	0 0 0 1 1 1 1 1 0 1 0 1 0 0 1 0 0 0 0 1 1 0 1 0 0 1 1 1 0 1 1 1 1 1 1 1 0 1 0 1 0 0 1 1 1 0 1 0 0 1 0 1 1 1 0 1 1 0 0 0 0 0 1 0 0 1 1 1 1 0 1 1 0 0 0 1 0 0 1 0 0 1 1 0 1 1 1 0 0 0 0 1 0 0 0 1 1 0 0 0	0 0 1 0 1 1 1 0 1 0 1 0 0 1 0 1 1 1 1 1 0 1 0 1 1 0 1 1 1 1 0 0 0 0 1 1 1 1 1 0 1 1 0 1 0 0 0 0 1 0 0 1 0 0 0 0 0 1 0 1 1 0 0 1 0 1 1 0 1 0 1 0 0 1 1 0 1 0 1 0 0 1 1 1 0 1 1 1 0 0 1 0 1 0 1 0 0 1 0 0
IND0005	0 1 0 0 0 1 1 1 1 0 1 1 0 1 0 0 1 1 0 0 0 0 0 1 0 1 1 1 1 1 1 0 0 1 1 1 0 1 0 1 0 1 0 1 0 0 1 0 0 0 1 0 0 0 0 1 0 1 1 0 0 0 0 1 1 1 0 1 1 0 1 1 1 0 1 1 1 0 0 1 0 1 0 0 0 1 1 1 0 1 1 0 1 1 0 1 0 1 1 0	1 0 0 0 0 1 0 0 0 1 0 1 0 1 1 1 0 1 1 1 0 1 0 0 1 1 1 0 1 0 1 1 1 0 0 1 1 0 0 1 1 0 0 0 0 0 0 1 0 1 1 1 0 1 1 0 1 1 0 1 0 0 0 0 1 0 0 1 0 0 1 1 0 0 0 1 1 1 0 1 0 1 1 0 0 0 1 1 1 0 1 1 1 1 1 1 1 1 0 0
IND0006	1 1 1 0 0 1 1 0 0 1 0 0 0 1 0 1 1 0 1 0 1 0 0 1 1 0 1 1 1 1 0 0 0 0 1 0 0 0 0 0 1 0 0 0 1 1 1 0 0 0 0 0 1 1 1 1 1 0 1 0 0 1 0 1 0 1 0 1 0 0 1 1 0 0 0 1 1 1 1 0 0 1 0 0 1 0 1 1 1 1 0 1 0 1 1 0 1 1 1 1	0 1 1 0 1 0 0 1 1 1 0 1 1 0 1 1 1 0 0 1 1 0 0 0 1 1 1 0 1 1 1 1 0 0 1 1 0 0 1 0 0 0 0 0 0 1 0 0 1 0 1 1 0 0 1 1 1 0 1 1 0 1 1 1 0 1 0 0 0 0 1 1 1 0 1 0 1 0 0 1 0 1 1 0 0 0 0 1 1 0 0 0 0 1 0 1 1 0 0 1
IND0007	1 0 1 1 1 1 0 0 1 0 0 0 1 1 1 0 1 1 1 1 1 1 1 0 0 1 0 1 0 1 1 1 1 0 1 1 0 1 1 0 1 1 1 1 1 1 0 1 0 1 1 0 0 1 0 1 1 1 1 1 1 1 1 1 1 0 1 0 0 1 0 0 1 0 0 0 1 1 1 0 1 1 0 1 1 0 1 0 0 1 0 1 1 0 0 1 0 1 1 1	0 0 1 1 0 0 0 1 1 0 1 0 0 1 0 1 1 0 1 1 1 0 1 0 1 0 1 1 1 1 1 1 0 1 0 1 0 1 1 0 0 1 0 1 1 0 0 1 1 0 1 0 0 0 0 0 0 1 1 1 1 1 0 0 0 1 1 1 0 0 0 1 1 0 0 0 1 1 1 0 0 1 0 0 1 0 0 1 1 1 0 1 1 1 0 0 1 0 1 0
IND0008	0 1 1 1 1 0 1 1 1 1 1 1 0 1 0 0 1 0 1 1 1 0 1 1 0 1 1 1 0 1 0 1 0 0 0 1 1 0 0 1 0 1 0 0 1 0 1 0 1 1 1 0 0 1 1 1 1 0 1 0 0 0 1 1 1 1 0 0 0 0 1 1 0 0 0 1 1 0 1 0 0 1 0 1 0 0 1 1 0 1 1 0 1 1 0 0 0 1 0 0	1 1 1 1 1 0 1 0 1 0 0 0 1 1 0 1 1 0 1 0 0 0 0 1 0 1 0 0 0 0 0 1 0 0 0 0 0 0 1 1 0 0 1 0 1 1 1 0 1 0 1 1 0 0 0 1 1 0 0 1 0 0 1 0 1 1 1 1 0 1 0 0 0 1 0 0 1 1 0 1 1 0 1 1 1 0 1 0 1 0 0 0 1 1 1 0 1 0 0 1
IND0009	0 1 1 0 0 0 0 0 1 0 1 1 0 1 0 0 0 0 1 0 1 0 1 1 1 0 1 0 1 1 1 1 1 0 1 0 1 1 1 1 0 1 0 0 1 0 1 0 0 0 0 1 0 1 0 0 1 0 1 0 1 1 0 0 0 0 0 1 0 1 1 0 0 1 0 1 1 1 0 1 0 1 1 1 0 0 1 0 0 1 0 1 0 1 1 1 1 0 1 0	1 0 0 1 1 1 1 1 1 1 0 0 0 1 0 1 1 1 1 0 1 0 1 1 1 1 1 1 1 0 1 0 1 1 1 0 1 1 1 0 0 0 1 1 1 0 1 1 0 0 1 0 1 1 0 1 1 0 1 0 1 0 1 0 0 1 1 0 0 1 1 1 0 1 0 1 1 1 1 0 1 0 1 1 1 0 1 0 0 0 1 0 1 1 0 0 0 1 1 1
IND0010	1 1 0 0 0 0 0 0 1 1 1 1 1 1 1 1 0 1 0 1 1 1 1 1 0 0 1 1 0 0 0 0 1 1 0 1 1 0 1 1 1 0 0 1 1 1 0 1 1 1 1 1 0 1 0 0 1 0 1 0 1 1 0 1 0 1 1 0 1 0 1 0 0 0 0 1 0 1 1 0 1 0 0 0 1 1 0 0 0 1 1 1 0 1 0 0 0 1 1 0	0 1 1 0 1 0 0 1 0 0 1 0 1 1 1 0 0 0 0 0 1 1 1 0 1 0 1 1 0 1 0 1 1 1 0 1 0 0 1 1 0 0 1 0 0 1 1 0 0 1 0 0 0 0 1 1 1 0 1 0 1 1 0 1 1 0 0 1 0 1 0 0 0 0 1 0 0 0 0 1 0 0 1 1 0 1 1 0 1 0 0 1 0 0 0 1 0 0 1 0
IND0011	0 1 0 1 1 0 1 0 1 1 1 0 1 0 0 1 1 0 0 1 1 0 0 0 0 0 0 0 1 1 0 0 0 0 0 0 0 0 1 0 0 0 0 0 0 1 0 1 0 1 0 0 1 0 0 1 0 0 0 0 0 0 0 0 0 1 1 1 0 0 1 0 1 1 0 1 1 0 1 1 1 1 0 1 0 0 0 0 0 0 1 0 0 0 0 0 1 0 1 0	1 1 0 1 0 1 0 0 0 0 0 0 0 1 0 0 1 0 0 1 1 0 0 0 1 1 1 1 0 1 1 0 1 1 1 0 0 1 0 0 1 1 1 1 1 0 0 1 0 1 0 1 0 1 1 0 1 1 1 0 0 0 1 0 1 0 1 1 0 1 1 0 1 0 1 0 1 1 0 0 0 1 0 0 1 1 1 0 0 1 1 0 1 0 1 0 1 0 1 1
IND0012	0 1 0 1 1 1 0 0 1 1 1 1 1 1 1 0 0 1 1 1 1 0 1 1 1 1 1 0 1 0 1 1 0 1 0 0 0 0 0 1 0 0 0 0 1 1 1 1 1 0 0 1 1 1 1 0 0 0 1 1 0 1 1 0 0 0 0 1 0 0 0 1 1 1 1 0 1 0 0 0 1 1 0 0 1 1 0 1 1 1 1 1 0 0 1 1 1 0 1 0	1 1 1 1 0 0 0 1 1 1 1 1 0 0 1 1 0 1 0 1 1 0 1 1 1 1 0 0 1 0 1 1 1 0 0 0 0 0 0 1 1 1 0 1 1 0 1 1 1 1 0 1 1 0 0 1 1 1 1 0 0 0 1 1 0 0 1 0 0 0 1 1 0 0 0 0 0 1 1 1 1 1 1 1 1 0 1 0 1 1 0 1 0 0 1 0 0 0 1 1
IND0013	1 1 0 0 0 0 1 1 1 0 0 1 0 1 1 0 0 0 0 0 1 1 0 1 0 1 0 1 1 0 0 0 1 0 0 0 1 1 0 0 1 0 0 0 1 0 1 1 0 0 1 0 0 1 0 1 1 1 0 0 1 0 1 1 0 1 0 0 1 0 0 0 1 1 1 0 1 0 1 0 1 1 0 1 1 0 1 1 0 1 0 0 0 0 1 0 1 0 1 0	1 1 0 0 0 1 1 1 0 0 1 0 1 0 1 1 1 1 1 1 1 1 0 1 1 1 0 0 0 1 1 1 1 1 0 1 1 1 1 1 1 0 1 0 1 0 0 0 1 0 0 0 1 1 0 0 1 1 0 0 1 0 1 0 0 1 0 1 1 1 1 1 0 1 0 0 1 1 0 1 1 0 1 1 1 1 0 1 0 1 0 1 1 1 0 0 1 1 0 0
IND0014	0 1 1 0 0 1 0 0 0 0 1 1 1 1 1 1 0 1 0 1 1 0 1 0 0 1 0 1 1 1 0 0 0 0 1 1 1 0 0 1 1 0 0 1 0 1 1 1 0 0 1 1 1 1 1 1 1 1 1 1 1 1 0 0 0 1 0 0 1 1 0 0 0 0 1 0 0 1 1 1 1 1 0 1 0 0 1 0 0 1 0 1 0 0 1 1 0 1 0 0	1 1 1 0 1 1 1 0 0 1 1 1 0 1 1 1 1 0 1 0 0 1 1 0 1 1 0 0 1 0 1 0 0 0 1 1 0 0 0 0 1 1 1 1 1 1 0 0 1 0 1 1 1 0 1 0 0 1 0 1 0 0 0 1 1 1 0 0 0 0 0 1 0 0 1 1 1 1 0 0 0 1 0 0 1 1 1 0 0 1 1 1 1 1 1 1 1 0 1 0
IND0015	1 0 0 1 0 0 1 0 0 1 0 0 1 1 1 0 0 1 1 0 1 0 0 0 1 0 0 0 1 0 0 0 0 1 1 1 0 1 0 1 0 0 1 1 1 0 0 1 0 0 1 0 0 1 0 0 1 0 1 1 0 1 1 1 1 1 1 1 1 1 0 0 1 0 0 1 1 0 0 1 1 1 0 0 1 1 0 0 1 0 1 0 0 0 1 0 0 0 0 0	1 0 1 1 0 1 1 1 0 1 0 1 0 1 0 1 1 1 0 1 0 1 1 1 1 0 0 1 0 0 1 1 0 0 1 1 0 0 1 0 0 1 1 0 0 1 0 0 0 0 1 0 1 0 0 0 0 1 0 0 0 0 0 1 0 0 0 1 0 0 0 0 1 1 1 0 0 0 0 0 1 1 0 1 1 1 1 1 1 1 0 1 0 1 1 1 1 1 1 0
IND0016	1 1 1 1 0 0 0 1 1 0 0 0 0 0 1 1 0 0 1 0 0 1 1 1 0 1 1 1 1 1 1 0 0 0 1 1 1 1 1 1 0 0 0 1 1 1 1 1 1 1 0 0 1 0 0 1 0 0 1 0 0 1 0 1 1 0 1 0 0 1 1 1 1 0 1 1 0 0 1 1 0 0 0 0 0 0 1 0 1 0 0 1 1 1 1 1 0 1 0 1	0 0 0 1 0 1 0 0 1 1 1 1 1 1 0 0 1 0 0 0 1 0 0 1 0 1 0 1 1 1 1 1 1 1 1 0 1 0 1 1 0 1 0 1 0 1 1 0 1 0 0 0 0 0 1 0 1 0 1 1 1 1 1 0 1 1 1 1 1 0 0 0 0 0 1 1 1 1 0 1 1 1 0 1 0 0 0 1 0 1 1 1 0 1 0 1 1 0 1 0
IND0017	0 0 1 0 1 0 1 0 0 1 0 1 1 0 0 1 0 1 1 0 0 0 1 0 0 1 1 0 0 1 1 0 1 1 1 0 1 0 1 1 0 1 1 1 0 0 0 1 1 0 1 0 1 1 0 1 1 1 1 1 0 1 1 0 0 0 0 1 0 0 1 0 1 0 0 1 0 1 1 1 0 1 0 0 1 0 0 0 1 0 0 1 0 1 1 0 1 1 0 1	1 0 1 0 1 1 0 1 1 1 1 0 0 1 0 0 0 1 0 1 1 1 1 0 1 1 0 1 1 1 0 1 0 0 0 0 1 0 1 0 0 1 1 1 1 0 0 1 1 0 1 0 0 1 0 1 1 1 0 0 0 1 1 0 1 0 1 0 0 0 1 1 1 1 0 1 0 0 1 1 1 1 0 1 0 0 0 0 1 0 0 1 0 1 1 0 0 1 0 1
IND0018	1 0 0 1 1 1 1 0 0 1 1 0 0 0 0 0 1 0 1 1 1 1 1 0 1 1 1 1 0 1 1 1 0 0 1 1 1 1 0 1 1 0 0 1 0 1 1 1 0 0 1 1 1 1 0 0 0 0 1 1 1 1 0 0 0 1 0 1 1 0 1 1 1 1 1 1 0 1 0 0 1 1 1 0 0 0 1 0 0 0 1 1 1 0 1 0 0 1 1 1	0 0 1 0 0 0 0 1 1 0 1 0 1 1 0 1 1 1 0 0 0 0 1 0 0 1 1 0 1 1 0 1 1 1 1 1 0 1 1 0 1 0 0 0 1 1 1 1 0 1 0 1 0 1 0 1 1 0 0 1 1 0 1 1 0 1 1 0 0 0 1 0 0 0 0 1 1 0 1 1 0 1 1 1 0 1 0 0 0 1 1 1 1 0 1 1 1 1 0 1
IND0019	1 1 1 0 1 1 1 0 0 0 1 0 0 1 0 1 0 0 0 0 0 1 1 0 1 0 1 1 1 1 0 1 0 1 0 0 1 1 0 1 1 1 1 0 1 0 0 0 1 0 1 0 1 1 0 0 0 1 0 0 1 1 1 0 0 1 0 0 0 0 1 1 0 1 1 1 0 1 0 0 0 0 1 1 0 0 1 1 1 1 0 0 0 0 0 0 1 1 0 0	0 0 1 0 0 0 1 1 1 1 0 0 1 0 1 1 0 1 0 1 0 0 1 1 0 1 0 1 1 1 0 0 0 1 0 0 1 0 1 0 1 0 0 0 0 0 1 0 0 0 1 1 1 1 1 0 1 0 0 1 1 0 0 0 0 0 1 0 0 0 0 0 0 0 1 0 0 0 1 1 1 0 0 1 1 1 1 1 0 1 1 1 1 0 1 0 0 0 0 1
IND0020	1 1 0 0 1 1 0 0 0 0 0 0 0 1 1 0 1 0 0 1 1 0 0 1 1 1 0 0 0 0 0 0 0 0 1 0 0 1 1 0 1 0 0 0 1 1 1 1 1 1 0 1 0 0 1 1 1 1 0 0 1 1 1 1 0 0 1 0 0 0 1 0 1 0 1 0 0 0 1 0 0 1 0 1 0 1 1 1 0 0 0 1 1 1 0 1 1 1 0 1	0 1 0 0 0 1 0 1 1 0 0 0 1 0 0 0 1 0 0 1 0 1 0 0 1 1 0 1 1 0 0 1 1 0 0 0 1 1 1 0 1 1 0 0 1 1 0 1 0 0 0 0 0 1 1 0 0 1 0 1 1 0 0 0 0 1 1 0 0 0 0 0 0 1 1 0 1 0 0 0 0 0 1 1 1 1 1 1 0 0 0 1 1 1 1 0 1 1 0 0
IND0021	1 0 1 1 1 1 1 1 0 1 1 0 1 1 1 1 1 0 0 0 0 0 0 1 1 1 0 1 0 0 1 0 1 1 1 0 1 1 1 1 1 1 0 0 0 0 1 1 0 1 0 0 0 0 0 0 0 1 0 1 1 0 1 0 0 1 0 1 1 1 1 0 0 1 0 0 1 0 0 0 1 1 1 1 0 0 1 1 0 1 0 0 0 1 1 1 0 0 1 1	1 1 0 0 1 0 0 0 0 1 0 0 1 1 0 0 0 1 1 1 0 1 0 0 0 1 1 0 1 0 0 0 0 1 1 0 1 1 1 1 0 1 0 1 1 0 1 0 1 1 1 1 1 0 0 0 0 0 0 1 0 0 1 1 1 0 0 0 1 1 0 1 1 1 1 0 0 1 0 0 0 1 0 1 1 1 0 0 1 0 1 1 1 0 1 1 0 1 1 0
IND0022	1 1 1 1 0 0 0 0 0 0 1 1 1 0 1 1 1 0 1 1 0 1 0 1 1 0 0 1 0 1 1 0 0 0 0 0 1 1 0 1 1 0 1 0 0 0 0 0 0 1 0 0 1 1 0 0 0 1 1 1 1 0 0 1 0 0 1 1 1 0 0 1 1 0 1 1 1 1 1 1 0 1 1 0 0 0 0 1 1 0 0 1 0 1 0 0 1 1 1 0	0 0 1 0 1 0 1 0 1 0 0 0 0 1 0 0 1 0 0 0 1 0 0 1 1 0 0 1 0 1 0 1 0 0 0 1 1 1 0 1 0 0 0 0 0 0 1 1 0 1 0 1 0 1 1 1 0 0 1 1 1 0 0 0 1 1 1 0 1 1 0 0 1 0 0 0 1 0 1 0 0 1 1 0 1 0 1 0 0 0 0 1 1 0 1 1 0 0 1 1
IND0023	1 1 0 1 1 0 0 1 0 1 0 0 0 1 1 1 0 0 0 1 0 1 0 1 0 0 1 1 1 1 1 0 0 1 1 0 1 1 1 0 0 0 1 1 0 0 0 1 1 0 1 1 1 1 1 1 0 1 0 0 0 0 0 1 0 1 0 0 0 1 1 0 1 0 1 1 1 1 0 0 1 1 1 1 0 0 1 0 1 1 0 1 0 0 0 0 1 1 1 0	0 1 1 1 1 1 1 0 0 1 1 1 1 0 1 1 1 1 1 1 0 0 1 0 0 1 1 1 0 1 0 1 0 0 1 1 1 1 1 0 1 0 0 1 0 1 1 1 0 0 1 1 1 1 0 1 1 0 1 0 0 1 0 1 0 0 1 1 1 0 1 1 1 1 0 1 0 0 0 0 1 1 1 1 0 0 0 1 0 0 0 0 1 0 0 1 0 1 0 1
IND0024	0 1 1 1 0 0 1 0 1 0 1 1 0 1 0 1 0 1 1 1 0 0 0 0 1 0 0 0 0 0 0 1 0 0 0 0 1 1 1 1 0 1 0 0 0 0 1 0 1 1 0 0 1 1 0 1 1 0 0 0 0 1 0 0 0 0 1 1 0 1 1 0 0 0 1 1 0 1 1 1 0 1 0 0 0 0 1 1 0 1 1 1 1 1 0 0 0 0 0 1	0 1 0 1 0 1 0 1 1 1 1 0 1 1 1 0 0 1 0 0 1 0 1 0 1 0 1 0 1 0 0 0 0 1 1 0 0 0 0 1 1 0 1 0 0 1 1 1 0 1 1 1 0 0 1 1 0 1 0 1 0 0 1 0 1 0 0 1 1 1 1 1 0 1 0 0 0 0 0 1 1 1 1 0 1 0 0 1 1 1 0 1 0 1 0 1 1 1 1 0
IND0025	0 0 0 0 1 0 0 1 1 1 0 1 0 1 1 0 0 0 1 1 0 0 1 0 1 0 0 1 1 0 0 0 1 1 0 0 0 1 0 0 0 1 1 1 0 1 0 1 0 1 1 0 0 0 0 1 1 1 0 0 0 0 1 1 0 0 0 0 1 0 1 0 1 0 0 1 1 0 1 0 1 0 1 0 1 0 1 1 1 1 1 1 0 0 1 1 0 0 1 1	0 0 1 0 1 0 0 0 0 1 1 0 1 0 0 0 1 1 0 0 1 0 1 0 0 0 0 1 1 1 1 1 0 0 0 0 1 0 0 0 1 1 0 1 0 0 0 1 0 1 0 0 1 1 0 1 1 0 1 1 0 1 1 1 0 0 1 1 0 1 0 1 1 1 0 0 0 0 1 1 0 0 1 0 1 0 1 1 0 1 1 1 1 1 1 0 0 1 1 0
IND0026	0 0 0 1 1 0 0 1 0 1 0 1 1 1 0 1 0 0 0 1 1 1 1 1 0 0 1 0 1 1 1 1 0 0 0 0 0 0 1 1 0 0 0 0 0 0 1 1 1 0 0 1 1 1 1 0 1 0 0 0 1 0 1 1 1 1 1 0 0 1 1 1 0 0 0 0 1 1 1 0 1 0 0 1 0 0 0 1 0 1 1 0 1 1 1 0 0 0 0 0	1 1 0 0 0 0 0 0 1 1 1 0 0 1 1 1 1 0 0 1 0 0 0 0 0 0 0 1 1 0 1 1 0 0 1 0 1 0 1 0 0 0 0 0 1 1 0 0 1 1 1 1 1 1 1 0 1 0 0 0 1 1 0 0 1 1 1 0 1 0 0 0 1 0 1 1 1 0 1 1 1 0 1 0 1 0 0 0 0 0 1 0 0 0 0 1 0 1 0 1
IND0027	0 1 0 1 0 1 1 0 1 1 0 1 1 0 0 0 1 1 1 1 0 0 1 1 0 1 1 0 0 0 0 1 1 1 1 1 0 0 0 0 1 1 1 1 1 0 0 0 0 0 1 0 0 0 1 1 0 1 0 1 0 0 0 0 0 1 1 0 1 0 0 0 0 1 1 1 1 1 0 0 0 1 0 0 1 0 0 0 1 0 1 0 1 0 1 0 0 1 0 1	0 1 1 1 0 0 0 1 0 1 0 1 0 1 0 0 0 0 1 1 1 1 1 1 0 1 0 1 0 1 1 0 1 0 0 0 1 0 1 0 0 1 0 0 1 1 1 0 0 0 1 1 0 0 1 1 1 1 1 0 0 0 0 0 0 1 0 0 1 0 1 1 1 0 1 1 1 0 1 0 1 0 1 0 1 1 1 1 1 0 1 0 1 0 1 0 0 1 1 0
IND0028	1 1 1 1 0 1 1 0 1 0 1 1 0 0 1 1 0 0 0 0 1 1 0 1 1 0 0 1 0 1 0 0 1 0 0 0 0 0 1 0 1 1 0 0 0 1 1 0 0 1 0 0 0 1 1 1 0 0 1 0 0 0 0 0 0 1 0 1 1 0 0 1 0 1 0 1 0 0 1 0 1 1 1 0 0 0 0 0 0 0 1 1 1 1 1 1 0 1 1 1	1 0 0 0 1 0 1 0 1 0 1 0 0 1 1 0 0 1 0 1 0 0 0 0 0 1 1 0 1 1 0 0 0 1 1 0 0 0 0 1 0 0 1 1 1 1 0 0 1 0 0 1 0 0 0 0 0 0 0 0 0 0 1 1 1 0 0 1 1 1 0 1 0 0 1 0 1 1 0 0 0 1 0 1 0 0 0 1 0 0 1 0 1 0 1 1 0 1 1 0
IND0029	1 1 0 1 0 0 0 1 0 1 0 0 0 0 1 0 1 0 0 0 1 1 1 0 0 0 1 1 1 1 1 0 0 1 1 0 1 0 1 0 1 0 0 0 0 1 0 0 0 0 1 0 0 1 1 0 0 1 1 0 1 0 0 1 1 0 1 1 0 1 0 0 0 0 0 1 0 1 0 0 0 0 1 0 0 0 1 1 1 1 1 1 1 0 0 1 1 0 1 0	1 0 1 0 0 0 0 1 0 1 1 1 1 0 1 1 1 0 0 1 1 1 1 1 0 0 1 0 0 1 0 1 1 0 0 0 1 1 0 0 1 1 1 1 1 1 1 1 0 1 0 0 1 0 0 1 0 0 0 0 0 1 0 1 0 1 1 1 1 0 0 1 1 0 0 0 1 1 1 1 0 0 1 0 0 0 0 1 0 0 1 0 0 0 0 0 0 1 0 0
IND0030	1 0 1 1 1 0 1 1 1 0 1 0 1 1 1 1 1 0 1 1 0 0 0 1 1 1 0 0 1 1 1 0 0 1 0 0 0 1 0 1 0 0 0 0 0 1 1 1 0 1 0 1 0 0 1 0 1 1 0 0 0 1 1 0 0 0 0 1 1 0 1 0 1 0 0 0 1 1 0 0 0 1 0 1 1 1 1 1 0 0 1 0 1 0 1 0 1 1 0 0	0 0 0 0 1 1 0 0 1 0 0 0 0 0 1 0 1 1 1 1 0 1 1 1 1 1 1 1 0 1 1 1 1 0 0 1 1 0 1 1 1 0 0 1 1 1 0 1 1 1 0 0 1 1 1 1 0 1 0 0 0 0 0 0 1 0 0 0 0 0 1 0 0 1 0 1 0 1 1 0 0 0 0 1 0 1 1 0 1 1 0 0 1 1 0 1 1 0 1 0
IND0031	1 1 0 1 0 0 0 0 1 0 1 1 1 1 1 1 0 0 0 0 0 0 1 1 0 1 0 1 1 1 0 1 0 0 0 0 1 0 0 0 1 1 1 0 0 0 0 1 0 1 0 0 1 1 1 1 0 0 1 0 0 0 1 1 1 1 1 1 1 0 1 0 1 0 0 1 0 0 0 1 0 1 0 1 0 0 1 1 0 0 1 1 0 1 0 0 0 1 1 1	0 1 1 0 1 1 1 0 1 1 0 1 0 1 1 0 0 1 1 0 0 1 0 1 0 1 0 1 1 1 0 0 1 1 0 0 1 1 0 1 1 0 1 1 1 0 0 1 0 0 1 1 1 1 1 1 1 0 0 0 0 1 1 1 1 0 0 0 0 0 1 1 0 1 1 0 1 1 0 0 1 1 1 0 0 0 1 1 0 1 0 1 1 0 1 1 0 1 1 1
IND0032	0 0 0 1 1 1 1 0 0 1 0 1 0 1 1 0 1 0 0 0 0 0 0 0 1 1 1 1 0 0 0 0 0 1 0 0 1 0 0 0 1 1 0 1 1 1 1 1 1 1 0 1 1 0 0 0 0 1 0 1 1 0 1 1 0 1 0 1 0 0 0 0 1 1 1 1 1 1 1 1 1 0 1 0 1 0 1 1 0 0 1 0 1 1 0 0 1 1 0 1	0 0 1 0 0 1 0 0 1 1 0 0 1 1 1 0 0 1 0 0 0 0 1 0 1 0 1 0 1 0 1 1 1 1 1 0 0 1 0 0 1 0 0 1 1 0 1 0 0 1 1 0 1 1 1 1 1 0 1 0 1 0 1 0 1 0 0 0 0 0 1 0 0 1 0 1 0 1 0 1 1 0 1 1 0 1 0 0 0 0 1 1 0 0 1 0 0 1 1 1
IND0033	0 0 1 1 0 1 0 1 0 0 1 0 0 1 0 0 0 0 0 1 1 1 1 0 0 1 0 0 1 0 1 1 0 1 1 0 1 1 1 1 0 0 1 0 0 0 1 0 1 0 0 0 0 1 1 0 1 0 0 0 0 1 1 1 0 1 0 1 0 0 1 1 1 0 0 0 0 0 0 0 1 1 1 1 1 1 1 0 0 1 1 1 1 0 1 0 0 0 1 0	1 0 0 0 0 0 1 1 0 1 0 1 0 0 1 0 0 0 0 0 0 0 1 1 0 1 0 1 1 1 1 1 1 0 0 0 0 1 1 1 1 0 1 0 1 1 1 1 1 0 0 0 0 1 1 0 1 1 0 1 1 0 1 1 1 0 1 1 0 0 0 1 1 1 1 0 0 1 0 1 1 0 0 0 0 1 1 1 0 0 1 0 0 0 0 0 0 0 1 1
IND0034	0 0 1 0 1 0 0 1 0 0 1 1 0 1 1 0 1 0 0 0 1 1 0 1 1 0 1 0 1 0 0 1 0 1 0 0 0 1 1 0 1 1 0 0 0 1 0 1 1 1 1 0 1 0 0 0 1 0 0 1 0 1 1 1 0 0 0 0 0 1 1 1 1 1 0 0 1 1 1 0 0 0 0 1 1 1 0 1 0 0 1 1 1 0 1 0 0 1 0 1	0 1 1 0 0 0 0 1 0 1 1 1 0 0 1 1 0 1 1 1 1 0 1 0 0 1 1 1 1 0 1 1 1 0 1 0 1 0 0 1 1 0 0 1 0 0 0 1 0 0 0 1 1 1 1 1 1 1 0 1 1 0 1 0 1 0 0 1 1 1 1 1 1 1 0 1 1 1 1 0 0 0 0 0 1 1 0 0 1 1 0 1 1 0 1 0 1 1 1 1
IND0035	1 1 1 1 1 1 1 1 1 1 1 0 0 0 0 1 1 0 0 1 1 1 1 0 1 0 1 0 1 1 1 1 0 1 1 0 0 1 1 1 0 0 0 0 0 1 0 0 0 1 0 0 0 1 0 1 1 1 1 1 1 1 0 1 1 1 1 1 0 0 1 0 1 1 1 1 0 1 0 1 1 0 0 1 0 0 1 1 0 1 0 0 1 0 0 1 0 1 1 1	0 1 1 1 0 1 1 0 0 1 1 1 1 1 1 0 0 0 0 0 1 1 1 1 0 1 1 1 1 0 0 1 1 1 0 0 1 0 0 1 1 1 1 0 0 1 1 0 0 0 0 1 1 1 0 1 1 1 0 1 0 0 0 1 1 1 0 1 0 0 1 0 0 0 0 1 0 0 0 1 0 1 0 0 1 0 0 1 1 0 1 1 1 0 0 1 1 0 0 1
IND0036	0 1 0 0 1 1 1 1 1 0 0 1 1 1 1 1 1 0 1 0 1 1 0 1 1 0 0 0 0 1 0 1 0 1 0 0 1 0 1 1 1 0 0 0 0 1 1 0 1 0 1 1 1 0 0 1 0 0 1 1 1 0 1 0 0 0 1 0 0 0 0 0 0 1 0 1 0 1 1 1 0 0 0 0 1 0 1 0 0 1 0 1 1 0 1 1 0 0 1 0	0 0 0 1 0 1 1 0 0 0 1 0 0 0 0 0 1 0 1 0 1 1 0 0 0 1 0 1 1 1 0 0 0 0 1 1 1 0 0 0 0 1 1 0 0 1 0 1 1 0 1 1 0 1 0 1 1 1 0 1 1 0 1 0 0 0 1 1 1 0 1 1 1 0 1 0 1 1 0 1 0 1 0 1 0 0 0 1 1 0 0 1 1 0 0 0 1 1 1 1
IND0037	1 1 0 1 1 1 1 0 0 0 0 0 1 0 0 1 0 1 0 1 0 0 1 0 0 1 0 1 0 1 0 1 0 0 0 1 0 1 1 1 0 1 0 1 0 1 1 0 0 1 1 1 1 0 0 0 0 0 0 0 0 0 0 0 1 1 1 1 1 0 0 1 0 1 1 0 1 1 0 1 1 1 1 1 1 0 0 0 0 0 1 0 1 1 1 0 0 1 1 1	0 0 0 1 1 1 0 1 0 1 0 0 1 1 0 0 1 0 0 1 1 0 0 1 0 1 0 0 0 0 0 1 1 1 1 0 0 0 1 1 1 0 0 1 1 0 1 1 0 0 0 0 1 1 1 1 0 1 0 1 1 0 0 1 1 0 0 1 1 1 1 0 1 1 0 0 1 1 0 1 0 0 0 1 0 0 1 1 0 0 1 0 1 0 0 0 0 1 0 0
IND0038	1 0 0 1 1 0 0 1 0 1 0 1 0 0 1 1 0 0 0 1 0 1 1 0 1 1 0 0 0 0 0 1 1 0 1 1 0 1 0 1 1 0 0 0 1 1 0 0 1 1 0 1 0 0 1 0 1 0 1 0 1 1 0 0 0 0 1 1 0 1 1 1 0 0 1 1 1 1 1 0 0 1 0 0 0 1 0 1 1 1 0 0 1 1 1 0 1 0 1 0	0 1 0 1 1 0 0 1 1 1 1 1 1 1 1 1 0 1 1 0 0 0 0 1 1 0 1 1 0 0 0 0 1 1 0 0 0 1 0 0 1 1 0 1 1 0 1 0 1 0 1 1 1 0 1 1 0 1 0 0 0 0 0 0 0 1 1 1 1 1 0 0 0 0 0 0 1 0 1 0 0 0 0 0 0 1 0 0 0 1 0 0 1 1 0 1 0 1 1 0
IND0039	1 0 0 1 0 0 1 1 0 1 1 1 0 0 0 1 0 0 1 0 0 1 0 0 1 0 0 0 1 1 0 1 0 0 0 0 1 1 1 0 1 0 0 1 1 0 0 0 0 0 0 0 1 0 0 0 1 0 1 0 0 0 0 1 0 1 0 1 1 0 1 0 0 1 1 1 1 0 0 0 1 1 1 1 1 1 0 1 1 0 1 1 0 0 1 1 1 0 1 0	0 1 1 1 0 1 0 0 0 0 0 1 0 1 0 1 1 1 1 0 1 0 1 1 0 1 1 0 1 0 0 0 1 0 1 0 1 0 0 1 0 1 0 1 0 1 1 1 0 1 0 1 0 0 0 0 0 0 0 0 0 1 0 0 0 0 1 1 0 1 0 0 0 0 0 0 0 0 1 1 1 0 0 0 0 1 1 0 1 0 1 1 1 1 1 0 1 1 1 1
IND0040	1 1 1 1 0 0 1 1 0 1 0 1 0 0 0 0 0 0 0 1 0 0 1 0 1 1 1 1 1 1 1 0 0 0 1 1 1 1 1 1 1 1 0 0 1 1 1 1 1 1 1 1 0 1 0 0 0 0 0 0 1 0 1 0 1 1 1 0 1 1 1 1 1 1 0 1 1 1 1 0 1 1 0 0 1 0 0 1 0 1 1 0 1 0 0 0 0 0 1 1	1 1 0 0 0 0 0 0 1 1 1 0 1 1 0 1 0 1 1 0 0 1 1 0 1 0 1 0 0 1 0 1 1 1 1 1 0 1 1 0 1 0 0 0 1 0 1 0 1 0 1 0 0 0 0 1 0 1 1 1 1 0 0 0 1 1 1 0 1 0 0 0 1 1 0 1 1 1 1 1 0 1 0 0 1 0 1 0 0 0 1 0 0 0 1 1 1 1 1 0
IND0041	0 0 1 0 1 1 0 0 1 1 1 0 1 1 0 1 0 0 1 1 0 1 1 0 0 0 0 0 1 1 0 1 0 1 0 0 0 1 1 1 1 1 1 1 0 0 1 1 0 1 0 1 0 0 1 1 0 1 0 0 1 0 1 1 0 0 1 0 1 1 1 0 0 1 0 0 1 1 0 1 1 0 1 0 0 0 0 0 0 1 1 1 1 1 1 0 1 0 1 0	0 1 1 0 0 0 1 1 0 1 0 1 1 1 1 0 1 1 0 0 1 0 0 0 0 1 0 1 1 0 0 1 0 0 0 0 0 1 0 0 0 1 1 0 0 0 0 0 1 1 0 0 0 0 0 0 1 0 0 0 0 0 0 0 0 0 0 1 1 1 1 1 1 0 0 0 0 1 1 0 0 1 0 1 1 0 0 0 1 0 0 0 0 1 1 0 1 0 0 0
IND0042	0 1 1 0 1 1 0 1 1 1 1 1 1 0 1 1 0 1 0 1 0 0 0 0 1 1 1 1 0 1 0 1 0 1 0 0 0 0 1 0 0 0 0 1 1 0 0 1 1 0 1 1 0 0 1 1 0 0 1 0 1 1 0 0 1 1 0 0 0 0 1 1 1 0 0 1 1 0 1 0 0 0 1 1 0 0 0 0 1 1 0 0 1 0 0 0 1 1 0 1	0 0 1 0 0 1 1 0 1 0 1 0 1 0 0 0 0 1 1 1 0 1 0 0 1 0 1 0 0 0 1 1 0 0 1 1 1 0 1 0 0 0 1 1 1 0 0 0 0 0 0 1 1 0 0 0 1 1 0 1 0 0 1 1 1 0 0 0 1 1 1 1 1 0 0 0 1 1 1 1 1 0 1 0 0 1 1 1 0 1 1 0 0 0 1 1 0 0 0 0
IND0043	1 0 0 1 0 0 1 1 1 0 0 0 1 0 1 0 1 0 1 1 1 1 1 0 1 1 0 1 0 0 1 0 1 0 0 1 0 0 1 0 1 0 0 0 0 1 0 1 1 0 0 1 0 1 0 0 1 1 1 0 1 1 1 0 0 1 0 0 1 1 1 1 1 1 0 0 0 1 0 1 0 1 1 0 1 0 0 0 1 0 0 1 1 1 0 1 0 1 0 0	0 0 1 1 1 0 1 0 1 0 0 1 0 0 1 0 0 0 1 1 0 0 1 1 0 0 0 0 0 0 0 1 1 1 0 1 0 1 0 1 1 1 0 1 1 1 1 0 0 0 1 1 1 0 1 1 0 1 0 1 0 1 0 0 1 0 1 0 0 0 1 1 0 0 0 1 1 0 0 1 1 1 1 1 1 1 1 1 0 0 0 1 0 0 0 1 0 1 0 1
IND0044	1 0 0 0 0 1 1 0 0 1 1 0 1 0 0 1 0 0 1 0 1 0 1 1 0 0 1 0 1 0 0 0 1 0 0 1 1 0 1 0 1 1 0 1 0 1 0 1 1 0 0 0 0 1 0 0 0 0 0 1 0 1 1 0 1 1 1 0 1 1 1 1 1 0 0 0 1 1 0 0 0 1 1 0 1 1 1 0 1 1 1 1 0 0 0 1 0 0 1 1	1 0 0 0 0 0 0 0 0 1 1 0 1 1 1 1 1 1 1 1 0 1 0 0 0 0 0 0 0 1 1 0 0 1 1 1 0 0 0 1 1 1 1 1 1 0 0 0 1 1 1 1 0 0 1 1 0 1 0 0 1 0 1 1 1 0 0 0 1 1 1 0 1 1 1 0 1 1 1 0 0 0 1 0 0 1 1 1 1 1 1 1 1 1 1 1 1 1 1 1
IND0045	0 1 0 1 1 0 1 1 1 0 1 1 1 0 1 0 1 0 0 1 1 1 1 1 0 0 0 0 1 0 1 0 1 1 1 1 0 0 1 0 0 1 1 1 0 1 0 0 0 0 1 1 1 1 1 0 0 0 0 0 1 1 0 0 0 1 1 1 1 1 0 0 0 0 0 0 1 0 0 0 0 0 1 0 0 1 1 0 1 1 1 1 1 1 1 0 1 1 1 1	1 1 0 1 1 0 0 1 1 1 0 1 1 0 1 1 0 0 1 1 0 1 0 0 0 1 1 1 0 0 1 0 1 1 0 0 1 1 1 0 0 0 1 1 1 0 1 1 0 1 0 0 0 1 0 0 0 1 1 0 1 1 1 0 1 0 1 0 0 1 0 1 1 0 0 0 0 0 0 1 0 0 0 1 1 0 1 1 0 0 0 0 0 1 1 0 0 1 0 0
IND0046	1 1 1 1 1 1 1 1 0 0 1 1 1 1 0 1 0 0 1 0 0 1 1 0 0 1 0 0 1 1 0 0 1 0 0 0 0 0 1 1 0 1 0 0 0 1 1 0 1 1 0 0 1 0 1 0 1 0 1 0 1 0 0 0 0 1 0 0 0 0 0 0 0 1 0 0 1 0 0 0 1 1 1 0 1 1 1 1 1 0 0 1 1 1 1 0 0 1 1 1	1 1 1 0 1 1 0 0 0 1 1 0 0 0 0 0 1 1 0 1 1 1 0 0 1 1 1 1 0 1 1 1 0 1 1 1 1 1 0 0 0 0 1 0 0 0 1 1 1 1 0 1 1 0 1 1 0 0 0 0 1 1 0 1 0 1 1 1 1 1 1 0 1 0 0 1 0 0 0 0 1 1 0 0 0 1 1 1 0 0 0 0 1 1 1 1 0 0 0 1
IND0047	0 0 0 1 1 0 1 1 1 0 0 1 0 0 1 0 0 0 1 1 0 0 0 0 1 0 1 0 1 1 0 0 1 1 1 0 0 1 1 0 0 0 1 1 0 1 0 1 0 0 1 1 1 0 1 0 1 1 0 1 1 0 0 1 1 1 1 0 0 0 0 1 0 1 0 1 1 0 0 1 0 0 1 1 0 0 1 0 0 1 1 1 1 0 1 0 1 1 0 1	0 1 1 0 0 1 0 0 1 1 0 0 1 1 1 1 0 1 0 1 1 0 0 1 0 1 1 0 1 0 0 1 0 1 0 0 0 0 0 1 0 1 0 1 1 1 0 1 1 0 0 1 0 0 0 0 0 0 0 0 0 1 1 1 1 1 1 0 0 0 1 0 0 1 0 0 0 0 0 1 1 0 0 1 1 1 0 1 0 0 0 0 1 0 1 1 0 1 0 0
IND0048	1 1 0 0 1 0 0 1 1 1 0 1 0 0 0 1 0 0 0 0 1 1 0 1 0 1 1 1 0 0 0 1 1 1 1 1 0 0 0 1 1 1 1 0 1 1 1 0 1 1 0 0 0 1 1 0 0 0 0 1 0 1 1 0 0 0 1 0 1 1 1 0 1 0 0 0 1 1 1 1 1 1 0 0 0 0 0 0 0 1 1 1 0 0 0 1 0 1 1 0	1 0 0 0 0 0 0 1 1 0 1 1 1 0 1 0 1 1 1 1 0 1 0 1 0 1 1 1 1 0 0 1 1 0 0 1 1 0 1 1 1 1 1 0 1 1 0 1 1 1 0 0 0 1 0 1 0 1 1 0 0 1 1 1 0 0 0 1 1 1 0 1 1 0 1 0 1 0 1 0 1 1 0 1 1 0 1 1 1 1 1 0 1 0 0 1 1 0 0 1
IND0049	0 0 1 1 0 0 0 0 0 0 0 1 0 1 0 1 0 0 1 1 0 1 1 1 1 1 1 0 1 0 0 1 0 1 1 0 1 1 0 0 1 1 1 0 1 0 0 1 1 0 1 1 1 1 0 1 1 0 1 1 1 1 1 1 0 0 0 0 1 1 0 0 1 1 1 1 1 1 1 1 0 1 1 1 1 0 0 1 0 1 0 1 0 1 0 0 0 1 1 1	0 0 0 1 1 0 1 0 0 1 1 0 1 0 1 0 1 0 1 1 1 0 1 1 1 0 0 1 1 0 1 1 0 0 0 1 0 1 0 0 0 0 1 0 0 0 0 1 0 1 0 0 1 0 0 0 0 0 0 1 0 1 1 1 1 0 0 0 1 1 0 1 1 1 0 0 1 1 0 0 1 1 1 0 0 0 1 1 1 0 0 1 0 1 0 0 0 0 0 0
IND0050	1 0 1 0 0 0 0 0 0 1 1 0 0 0 0 0 0 1 1 1 0 0 1 1 1 0 0 1 0 1 0 0 1 0 0 1 1 1 0 0 1 0 1 1 1 0 1 0 0 1 0 1 1 1 0 0 1 0 1 0 0 1 0 0 1 1 1 0 0 1 1 1 0 1 1 0 1 1 1 1 0 0 0 1 0 0 0 1 1 1 0 0 1 0 1 0 1 0 0 1	1 1 0 0 1 0 1 0 0 0 1 0 0 0 1 1 0 0 0 1 0 1 1 1 0 0 0 0 0 0 0 1 0 0 1 0 1 1 0 1 0 0 1 0 0 1 1 0 1 0 0 0 0 0 0 1 0 1 0 1 1 1 1 1 0 0 0 1 0 1 0 1 0 0 0 0 0 0 1 0 1 1 1 0 1 0 1 0 1 1 1 0 0 0 0 0 0 0 0 1
IND0051	1 1 1 0 1 1 1 1 1 1 1 1 0 0 1 0 1 1 1 1 0 0 0 1 0 1 1 0 0 0 0 1 1 1 0 1 0 1 0 1 0 1 0 1 0 0 1 0 0 0 1 1 0 1 1 1 0 1 1 1 0 0 0 0 0 1 1 0 0 1 1 0 1 0 0 1 0 0 1 0 0 1 0 1 0 1 0 0 0 0 0 0 1 0 1 0 1 0 0 1	1 0 1 1 1 0 1 1 0 0 1 1 1 1 0 1 0 1 1 0 0 0 0 1 1 1 1 1 1 1 0 0 1 1 1 1 0 1 1 1 1 1 0 0 0 1 0 0 0 1 0 1 0 0 1 0 1 0 0 0 1 0 0 1 0 1 0 0 0 1 0 0 0 0 0 1 1 0 0 1 1 0 1 1 1 1 0 1 0 1 0 1 0 1 1 1 0 0 1 1
IND0052	1 0 1 0 1 0 0 1 0 1 0 1 0 1 0 0 1 1 1 1 0 1 0 1 1 1 0 1 1 0 0 0 1 1 0 0 0 0 1 0 0 1 1 0 1 1 0 1 0 1 1 0 0 0 1 0 0 0 1 1 1 1 0 0 1 1 0 1 0 1 0 0 1 0 1 0 0 1 1 1 0 1 1 0 1 0 0 1 0 0 0 0 0 1 1 0 0 0 1 0	1 1 1 1 1 1 1 0 1 1 1 0 0 0 1 0 0 1 0 0 0 1 1 0 1 1 1 1 1 0 1 0 0 0 0 0 1 1 0 0 1 0 0 1 0 1 0 1 1 0 1 1 0 0 1 1 0 1 0 0 0 1 1 0 0 1 0 0 0 1 0 0 0 0 0 1 0 1 0 0 0 0 0 1 0 0 0 1 1 0 0 0 1 1 0 1 1 0 1 0
IND0053	1 1 0 0 1 1 0 0 0 0 1 1 1 0 0 1 1 1 0 0 0 1 1 1 0 1 1 0 0 0 1 0 0 0 1 0 0 0 0 0 1 0 0 0 1 0 0 0 1 1 0 0 1 1 1 0 0 0 0 0 0 1 0 1 1 1 1 1 0 0 1 1 1 0 1 0 0 1 1 1 0 0 0 0 1 1 0 0 1 1 0 0 0 1 1 1 0 1 0 1	0 1 0 0 0 0 1 0 0 1 0 0 0 1 1 1 0 1 1 1 0 0 1 0 0 0 0 1 0 1 1 0 1 1 0 0 1 0 1 1 0 0 0 1 0 0 0 0 0 0 1 0 1 0 0 1 1 1 0 0 1 0 0 1 1 1 0 0 1 1 0 0 0 0 1 1 0 1 1 1 0 1 0 0 1 0 0 0 1 1 0 1 1 0 1 0 0 0 1 0
IND0054	0 0 0 0 0 0 1 0 1 0 0 1 0 0 0 1 0 1 0 0 1 1 0 0 0 0 1 1 1 0 0 0 1 0 1 0 0 1 0 1 0 1 0 1 1 1 0 0 0 0 1 1 1 1 1 1 0 1 0 1 1 0 1 0 1 1 1 0 1 0 1 0 1 1 1 0 0 0 0 1 1 0 0 1 1 0 0 1 1 0 0 0 0 1 0 0 1 1 0 0	1 1 0 1 1 1 0 1 1 1 0 0 1 0 0 1 1 1 0 0 0 0 0 1 1 0 0 0 1 0 0 0 0 1 1 0 1 1 1 0 1 1 0 1 0 1 0 1 1 1 1 0 1 1 0 0 1 0 1 1 0 0 1 1 1 1 0 0 1 0 0 0 1 0 1 1 0 1 1 1 1 0 0 1 1 0 1 1 0 1 0 1 1 0 1 1 1 0 1 0
IND0055	1 0 0 1 0 1 1 1 0 1 0 0 1 0 1 0 1 1 0 0 0 1 0 1 1 1 1 0 0 1 0 1 0 1 1 1 0 1 1 0 1 0 0 1 1 1 1 1 1 1 0 1 0 0 1 1 0 1 1 1 1 0 0 1 1 1 0 0 1 0 1 1 0 1 0 0 0 0 1 0 0 0 0 1 0 1 0 1 0 1 1 1 1 1 1 0 1 0 1 1	1 0 0 1 0 1 1 1 1 0 0 0 0 1 1 1 0 0 0 1 1 1 1 1 1 0 0 0 0 0 1 1 0 1 0 1 1 0 1 1 0 0 0 1 0 0 1 1 0 1 0 0 0 1 1 1 0 1 0 1 0 0 1 1 1 1 1 1 1 0 1 0 0 0 0 1 1 1 0 0 0 1 1 0 0 0 1 0 1 1 1 1 1 0 0 0 0 1 1 0
IND0056	1 1 0 0 1 1 1 0 0 1 0 1 0 1 1 0 0 1 1 0 1 1 1 1 0 1 0 0 0 1 1 1 1 0 1 1 1 0 0 0 0 1 0 0 1 1 1 1 1 1 1 1 0 0 1 1 0 0 1 1 1 0 1 0 0 0 1 1 1 1 1 1 0 1 0 0 1 1 1 0 1 1 0 1 0 0 1 1 1 1 0 1 0 1 0 0 1 0 1 0	0 1 0 0 0 0 0 0 1 0 0 1 1 1 1 0 0 0 0 0 0 0 1 0 1 1 1 0 1 0 0 0 0 1 1 0 1 0 1 1 0 1 1 0 0 0 1 1 1 0 1 1 1 1 0 1 0 1 0 0 1 0 0 0 1 0 1 0 1 1 1 1 1 1 0 1 0 1 1 1 0 0 1 0 0 0 0 0 1 1 1 1 1 0 0 0 0 1 1 0
IND0057	0 0 1 1 0 0 0 1 0 0 0 1 1 0 1 0 0 0 1 1 0 0 1 1 0 1 1 1 1 1 0 1 1 0 1 1 1 1 0 1 0 1 0 0 1 0 1 0 1 0 0 1 0 1 1 1 0 1 0 0 1 1 1 1 0 0 1 0 1 1 0 0 0 0 0 1 0 0 1 1 0 1 0 0 0 1 1 0 1 1 1 1 0 0 0 1 0 1 0 0	1 1 1 1 1 0 1 0 1 1 1 0 0 0 1 0 0 1 0 0 1 0 0 0 0 0 1 1 1 1 1 0 1 0 1 0 0 0 1 0 1 1 1 1 1 0 0 1 1 0 0 0 0 1 0 0 0 0 1 1 1 1 0 0 0 0 1 1 0 0 0 1 0 0 0 0 1 0 1 0 0 0 0 1 1 1 0 1 1 0 1 1 0 0 0 1 0 0 0 1
IND0058	1 1 0 0 1 1 0 1 1 0 0 0 0 0 1 0 1 1 1 1 0 0 0 1 1 0 1 1 0 1 1 1 0 1 0 1 0 1 1 0 1 0 0 1 0 0 1 1 0 0 0 0 0 1 0 0 0 0 1 1 1 1 1 1 1 0 1 0 1 1 0 0 1 1 0 1 0 1 1 1 1 0 1 1 0 0 1 0 0 0 0 1 1 0 1 1 1 1 1 1	1 1 1 1 1 1 1 0 1 0 0 0 1 0 1 1 1 1 0 1 1 0 0 1 1 1 0 0 1 0 0 0 0 0 1 0 0 1 0 1 1 0 0 1 0 0 1 1 1 0 0 1 0 1 1 0 0 1 1 1 0 0 1 0 0 1 0 1 1 0 0 0 1 0 1 0 0 1 1 1 1 1 1 0 1 1 0 0 0 0 0 0 0 0 0 1 0 0 0 1
IND0059	1 0 0 0 0 0 0 1 0 1 1 1 1 1 0 0 1 1 0 0 1 0 1 1 0 1 1 0 0 1 0 1 1 0 0 0 1 1 0 1 1 0 0 1 0 1 0 1 0 0 0 1 0 1 0 1 0 1 0 0 0 0 0 1 0 0 0 0 1 1 0 1 1 0 0 1 0 0 0 0 0 0 0 1 1 1 0 1 0 1 1 1 1 1 0 1 1 1 1 0	0 0 1 0 1 0 1 1 0 1 1 0 0 1 0 1 1 0 0 0 1 1 1 1 1 0 0 0 0 0 0 1 1 0 1 0 0 0 0 1 1 0 0 1 0 0 1 0 1 0 0 0 0 0 1 0 0 1 0 0 1 1 1 1 0 1 1 1 0 0 0 1 0 1 1 1 1 0 0 1 1 0 1 0 1 1 1 1 0 0 1 0 0 1 0 1 0 0 0 1
IND0060	0 1 0 1 1 1 0 0 0 0 1 0 0 0 1 1 1 1 0 0 0 1 0 1 1 0 0 1 0 0 1 0 1 1 1 0 1 0 0 0 0 0 0 1 0 1 1 1 1 0 1 1 1 1 1 0 1 0 1 0 1 0 0 1 1 1 0 1 0 0 0 0 0 1 0 0 0 0 1 1 1 0 0 0 0 1 0 0 0 0 0 0 0 0 1 0 1 0 1 0	1 1 1 0 1 1 0 0 1 1 1 1 0 0 1 0 0 1 1 1 0 0 0 0 0 0 0 1 1 1 0 0 0 0 1 0 0 1 0 0 0 0 1 1 1 0 0 1 1 0 1 1 1 0 0 0 1 1 0 0 0 0 1 0 0 0 1 0 1 1 1 0 1 1 0 1 1 0 0 0 0 1 0 0 1 0 0 1 0 1 0 1 0 1 1 0 1 0 1 0
IND0061	0 0 1 1 1 1 0 0 0 1 0 1 0 1 0 0 0 0 0 0 1 1 1 0 0 0 1 0 0 1 1 1 0 1 1 0 0 1 0 0 0 0 0 1 0 0 0 1 1 1 1 1 1 0 1 0 1 1 0 0 0 1 1 1 1 0 0 1 1 0 1 0 0 0 0 0 0 0 0 1 1 0 0 1 1 0 0 0 0 0 1 1 0 1 0 1 1 0 1 0	1 0 0 0 0 0 1 0 0 1 1 1 1 1 0 0 0 1 1 1 0 1 0 0 1 1 1 0 0 0 1 0 0 1 1 1 0 0 0 0 0 1 0 1 0 0 1 1 1 1 1 1 0 1 0 0 1 0 1 0 0 0 0 1 1 1 0 0 1 0 1 1 1 0 1 1 0 0 0 1 1 0 0 0 1 0 0 1 0 1 0 0 0 0 0 0 0 0 1 1
IND0062	1 1 1 0 0 1 0 1 0 1 0 1 1 1 1 0 1 0 0 1 1 1 1 0 1 1 0 1 0 1 0 0 1 1 0 0 0 0 0 0 0 1 1 1 0 0 1 1 0 1 0 0 1 0 0 1 1 0 0 1 1 0 1 1 1 1 0 1 0 0 1 0 1 0 0 0 0 0 0 1 0 0 1 1 1 1 0 1 1 1 0 0 0 1 1 0 1 1 1 1	0 1 0 0 0 0 1 0 0 0 1 1 0 1 1 0 1 0 0 0 0 1 1 0 1 0 0 0 1 0 0 0 1 0 1 1 0 0 1 0 1 1 1 0 1 1 0 1 0 1 1 1 0 1 1 1 1 1 0 1 0 0 1 1 1 1 1 0 1 0 1 0 0 1 0 1 1 1 1 1 0 1 0 1 0 1 0 1 1 1 0 0 1 1 0 0 0 1 0 1
IND0063	1 1 1 0 1 1 1 1 0 1 0 0 1 0 0 0 0 0 0 1 1 0 1 0 1 0 0 1 1 1 1 1 0 0 1 1 1 1 0 0 0 0 1 1 0 1 1 1 0 1 0 1 1 0 0 1 0 0 1 1 1 0 0 0 0 1 1 0 1 0 1 0 1 0 1 1 1 0 1 0 0 1 0 0 1 1 0 1 1 0 1 0 0 1 0 0 1 0 1 1	1 1 0 0 1 1 1 1 1 0 1 0 0 0 1 0 1 0 1 0 0 0 1 0 1 1 1 0 1 0 0 1 1 0 1 1 0 0 1 0 1 1 1 1 1 0 1 0 1 1 1 0 0 1 0 1 1 0 0 1 1 1 1 0 1 0 0 1 0 0 0 1 1 0 0 0 0 0 0 1 0 1 1 1 1 0 0 0 0 0 0 0 0 1 1 1 0 1 1 0
IND0064	0 1 0 1 0 0 0 1 1 1 1 0 0 0 0 0 1 1 1 0 1 0 0 1 1 1 1 0 0 0 0 1 0 0 1 0 1 1 0 0 0 0 1 0 1 1 1 1 1 0 0 0 0 1 1 0 0 1 0 1 0 0 1 0 0 1 1 1 0 1 1 0 1 1 1 0 1 0 0 0 0 0 0 0 1 0 1 1 1 0 0 1 0 0 1 1 0 1 1 0	1 1 1 1 0 0 0 1 1 1 1 1 1 0 0 0 1 0 0 0 0 1 1 0 1 0 0 0 0 0 1 0 1 1 0 1 1 0 0 0 1 1 1 1 1 0 1 0 1 1 0 1 1 0 0 0 0 1 1 1 0 1 1 0 1 0 0 0 0 1 1 1 1 1 0 0 0 0 0 1 1 0 1 1 0 1 0 1 1 1 0 1 1 0 0 1 1 1 0 0
IND0065	0 1 0 1 1 1 0 1 1 1 1 1 0 1 1 1 0 0 1 0 1 0 0 1 0 0 0 0 1 1 1 0 0 1 1 1 0 1 1 0 0 1 1 1 1 0 0 1 0 0 1 1 0 1 0 1 1 1 1 1 0 0 0 1 1 1 1 0 0 0 1 1 1 1 0 0 1 0 0 1 0 1 1 1 0 0 0 0 1 1 0 0 0 1 0 1 1 1 0 0	0 1 1 1 0 1 0 1 1 1 0 0 1 0 1 0 0 0 1 0 1 1 1 0 1 0 0 1 1 0 0 1 1 0 1 1 1 0 1 1 1 1 1 1 1 0 1 1 1 0 1 0 0 0 1 0 0 1 0 0 0 0 0 1 1 1 1 1 1 0 1 1 1 1 1 0 1 1 0 1 0 0 1 1 1 0 0 1 0 1 0 1 1 0 1 0 1 1 0 0
IND0066	0 0 1 0 0 0 1 1 0 0 1 1 1 0 1 1 1 1 1 0 1 1 0 0 0 1 0 0 0 0 1 0 1 0 0 1 1 0 0 0 1 0 0 1 0 0 1 1 0 0 0 0 1 0 0 0 1 1 0 0 0 1 1 1 1 0 0 0 0 0 1 1 0 0 0 1 1 0 1 1 1 0 0 0 1 0 0 1 0 1 1 0 0 1 0 1 1 0 0 0	0 0 0 1 0 1 1 1 1 1 0 0 0 0 0 0 0 1 1 0 1 1 1 1 1 1 0 0 1 0 0 0 0 0 1 0 0 0 1 1 0 0 1 1 0 0 0 1 1 1 0 0 1 0 0 0 0 1 0 0 0 1 0 0 1 0 1 1 1 0 1 0 0 1 1 1 0 0 1 1 1 0 0 0 1 0 1 0 0 1 0 0 1 1 1 0 1 0 1 1
IND0067	1 1 0 1 1 1 1 1 1 0 0 1 0 0 1 0 1 0 1 0 0 1 1 1 0 1 1 1 1 1 0 1 1 1 0 1 0 1 1 1 1 1 0 1 0 1 1 1 1 0 0 0 0 0 0 1 1 0 0 0 0 0 0 1 1 0 1 1 0 1 0 1 0 1 1 0 1 1 0 1 1 1 1 0 0 1 0 1 0 0 0 0 0 1 1 0 1 1 0 1	1 0 1 1 0 0 0 0 0 0 0 1 1 1 0 0 0 1 0 0 0 0 0 1 1 1 1 0 1 1 1 1 1 0 0 1 0 1 1 0 0 1 0 0 1 1 0 1 0 0 1 0 1 0 1 1 0 0 1 0 1 1 0 0 1 1 1 0 1 1 0 1 0 0 1 0 0 0 1 1 0 1 0 1 0 0 1 1 0 0 0 1 0 0 0 0 0 0 1 1
IND0068	1 1 1 1 0 1 1 1 0 1 1 0 1 0 0 1 1 1 1 0 0 0 1 1 1 1 0 0 0 0 1 1 1 1 0 1 0 0 0 0 0 0 1 1 1 0 0 1 1 1 0 1 1 1 1 0 0 1 1 1 1 1 0 1 0 0 1 0 0 0 1 0 0 1 1 0 1 0 0 1 0 1 0 1 0 0 0 1 0 1 1 1 0 0 0 1 0 1 1 0	0 1 1 1 0 1 0 1 0 1 0 0 0 1 0 1 1 0 0 1 1 0 0 1 0 1 1 1 1 0 0 1 1 1 1 1 0 1 1 0 0 0 0 0 1 0 0 0 0 0 0 0 1 1 1 0 0 0 0 0 0 0 1 0 0 0 0 0 1 1 1 1 0 1 1 1 0 0 0 1 1 1 1 0 0 0 0 1 1 0 0 1 1 0 0 0 1 0 0 1
IND0069	1 1 1 1 0 0 0 0 0 1 1 0 1 1 0 1 1 1 0 0 0 1 0 0 0 0 0 1 1 1 0 1 1 0 1 1 0 1 1 1 1 1 0 1 0 1 1 0 1 0 0 0 0 1 0 0 0 0 1 0 1 1 1 0 1 0 1 1 1 0 1 1 0 0 0 1 1 1 1 0 0 0 1 0 1 1 0 0 1 1 1 0 1 0 1 1 0 0 1 0	1 1 1 1 1 1 0 0 0 1 0 0 0 0 1 0 0 0 1 0 1 1 1 0 1 0 1 0 1 1 1 0 0 0 0 0 0 0 0 1 0 1 0 1 0 1 0 0 0 1 1 1 0 1 0 1 1 1 1 1 0 0 0 0 0 0 0 0 1 1 0 0 1 1 1 0 0 1 0 0 0 1 0 0 1 1 0 1 1 1 0 0 0 0 1 0 1 1 1 1
IND0070	0 0 0 1 0 0 1 0 0 1 1 0 1 0 1 0 1 1 0 1 1 1 1 0 1 0 0 0 0 0 1 0 0 0 1 1 0 1 1 0 0 1 1 0 1 0 1 1 1 1 0 0 0 1 0 0 0 1 0 0 1 1 0 1 1 1 1 0 0 0 0 1 1 1 0 0 0 0 0 0 1 0 0 0 1 1 1 1 0 1 0 1 0 0 1 0 1 1 1 0	0 0 0 1 0 0 0 0 0 1 0 1 1 1 1 0 0 0 1 0 0 1 0 1 1 0 0 1 0 1 0 0 1 1 1 1 1 1 1 0 1 0 1 0 0 1 0 1 1 0 1 1 1 0 1 1 1 0 1 0 0 1 1 1 0 0 0 1 1 1 0 1 0 0 1 0 1 0 1 1 1 0 0 1 0 1 1 0 0 0 1 1 1 0 0 0 1 1 0 1
IND0071	0 0 0 1 1 1 1 1 1 1 1 1 0 0 1 1 0 0 1 0 1 1 1 0 1 1 0 1 0 0 0 0 1 1 1 0 0 1 1 1 1 1 1 1 0 1 1 1 0 0 0 0 1 0 0 0 1 0 1 0 1 0 0 0 0 0 0 1 0 0 1 1 0 1 0 0 0 1 0 0 0 1 0 1 0 0 1 1 1 1 1 1 1 1 0 0 1 1 1 0	0 0 0 0 1 0 0 0 1 0 1 1 0 1 1 0 0 0 0 1 0 1 0 1 0 0 0 1 1 0 0 1 1 0 0 1 1 1 1 1 1 1 0 1 1 1 0 1 1 1 1 1 1 1 1 0 0 1 0 0 1 1 1 1 0 0 0 0 1 0 0 0 1 1 1 1 0 1 0 1 1 0 0 0 1 0 1 1 1 0 0 0 0 0 0 0 1 1 0 1
IND0072	1 0 0 0 1 0 0 1 1 0 1 1 0 0 1 1 0 0 1 1 1 1 1 1 1 0 1 1 0 0 1 0 0 1 0 1 0 1 0 1 0 0 0 1 1 1 0 1 0 1 0 0 1 1 1 1 0 1 1 1 1 0 1 0 0 0 1 0 0 1 0 1 1 0 0 0 1 1 0 1 1 0 0 0 0 1 0 1 0 0 0 0 1 1 1 1 0 0 0 0	1 0 1 1 1 1 1 1 1 0 0 1 1 0 0 0 0 0 1 0 1 0 0 0 0 0 1 0 1 0 0 0 1 0 0 1 0 0 0 1 1 1 0 0 0 0 1 1 1 1 1 1 1 1 1 0 0 1 1 0 0 0 0 1 1 0 1 1 1 1 1 0 1 1 1 0 0 1 1 1 1 0 0 0 1 1 1 1 1 1 0 0 1 0 0 1 1 0 0 0
IND0073	1 1 1 0 1 1 1 0 1 0 1 1 0 1 1 0 1 0 0 0 1 0 1 0 0 0 0 0 0 0 0 1 0 0 0 1 1 0 0 0 1 1 0 0 1 1 0 1 0 0 1 0 1 0 1 0 0 1 0 0 1 1 1 0 0 1 1 1 0 0 1 0 0 0 1 1 0 1 1 1 1 0 1 0 0 0 0 0 1 1 0 0 1 1 1 1 1 1 0 1	0 1 1 1 1 0 0 0 1 0 0 1 0 1 0 0 1 1 1 1 0 1 0 0 0 1 0 0 1 1 0 1 0 1 0 1 0 0 0 1 1 0 0 0 0 1 1 0 1 0 1 0 1 0 0 0 0 1 0 0 1 0 1 0 0 1 1 1 0 1 0 1 1 1 1 0 1 1 1 1 1 1 0 0 0 0 0 1 0 1 0 1 1 0 1 0 1 0 0 0
IND0074	1 0 0 0 1 0 1 1 1 1 0 1 1 0 0 1 1 0 0 1 0 1 0 1 0 1 1 0 1 1 0 0 0 0 1 1 0 1 1 0 1 0 0 0 0 1 0 0 0 1 0 1 1 0 1 1 1 1 0 1 1 0 0 0 1 0 0 1 1 1 1 1 0 1 0 1 0 0 1 1 0 0 0 1 0 0 0 1 0 1 1 0 0 1 1 0 1 1 0 1	0 1 0 0 1 1 1 1 1 1 1 0 0 1 0 0 0 0 1 0 1 1 1 0 0 0 1 1 0 1 0 1 0 1 0 1 0 0 1 1 0 0 1 0 0 1 1 0 1 1 1 1 0 1 1 1 1 0 0 0 0 0 0 0 1 0 1 1 0 0 1 1 0 1 1 0 1 0 0 1 0 0 0 1 1 0 1 0 1 0 0 1 1 0 1 0 1 0 0 0
IND0075	0 0 1 1 1 0 1 1 0 1 1 1 0 1 0 0 0 1 1 0 0 0 0 0 1 0 1 1 1 1 1 0 1 0 0 1 1 1 0 0 0 0 0 0 0 0 1 0 1 0 0 0 1 1 1 0 1 0 0 1 1 1 0 1 1 1 0 0 0 1 0 1 1 0 1 0 1 0 0 1 1 0 1 1 1 1 1 1 1 1 0 0 1 1 1 1 0 1 1 0	0 0 0 0 0 1 0 1 1 1 0 1 0 0 1 0 0 0 0 1 0 0 0 0 0 1 0 1 1 0 0 1 1 0 1 1 1 0 1 0 0 1 1 0 1 1 1 0 1 1 1 1 0 1 0 0 1 1 0 0 1 0 1 1 0 1 0 1 1 0 1 1 1 0 0 1 0 0 0 1 1 1 1 1 0 1 0 1 0 1 1 1 0 0 0 0 1 0 1 1
IND0076	1 0 1 0 0 1 0 1 0 0 0 0 1 1 0 1 0 1 0 1 1 0 0 0 1 0 1 1 1 1 0 0 0 1 1 1 0 1 1 1 1 0 1 0 1 1 0 0 0 0 0 0 1 1 0 1 1 0 1 1 1 1 1 0 1 0 0 1 1 0 0 0 1 1 1 1 1 0 0 0 1 1 0 0 1 0 0 1 0 0 0 0 1 0 1 0 1 0 1 0	0 0 0 1 1 1 0 1 1 0 0 0 0 0 0 1 0 0 1 0 1 1 1 1 0 1 1 0 1 1 1 1 1 0 1 1 0 1 1 0 0 0 0 1 0 1 0 0 0 0 1 1 0 0 1 0 1 1 0 1 0 0 1 0 1 0 1 1 0 0 0 0 1 1 0 0 1 1 1 1 0 0 1 1 0 1 0 1 0 0 0 1 1 1 0 0 1 0 1 0
IND0077	0 0 0 0 0 1 0 0 0 0 1 1 1 1 0 1 1 1 0 1 1 1 0 1 1 0 1 0 0 1 0 0 0 0 0 0 1 1 0 0 0 1 1 1 0 0 0 1 1 0 1 0 0 0 1 1 1 1 1 0 0 1 1 1 1 1 1 1 1 0 1 1 0 0 1 1 0 1 0 0 1 0 1 1 0 1 1 1 1 1 0 0 0 0 0 1 0 0 0 1	0 0 1 1 1 0 0 0 1 0 1 0 1 1 0 0 1 1 0 0 0 1 1 0 1 0 0 0 1 1 0 0 1 1 1 0 1 0 0 0 1 1 0 1 0 1 0 0 1 0 1 1 0 1 1 1 0 0 0 1 0 1 1 1 1 1 1 1 0 1 1 1 1 0 0 0 0 1 1 1 1 1 0 1 0 0 1 1 0 0 0 0 1 1 0 1 1 0 0 0
IND0078	1 1 1 1 1 0 0 1 1 1 1 1 1 1 0 1 0 1 0 1 1 0 1 0 1 1 1 1 0 0 1 1 0 1 0 1 1 0 0 1 0 0 1 0 1 0 0 1 0 0 0 1 1 1 0 0 0 1 0 1 0 0 1 1 1 1 0 1 1 0 0 0 1 0 1 1 0 0 1 1 0 0 1 0 1 1 0 0 1 0 0 1 1 0 0 0 1 1 0 1	1 1 0 1 0 1 0 0 0 0 0 1 1 1 0 1 0 0 0 0 0 1 0 0 1 0 1 1 1 0 1 1 0 0 1 1 0 0 0 0 1 1 0 1 0 0 0 0 0 0 1 0 0 0 0 1 0 1 1 1 0 1 1 0 0 0 0 0 0 1 0 0 1 1 1 0 1 1 0 0 0 0 0 1 1 0 1 1 0 1 0 1 0 0 1 0 0 0 1 0
IND0079	1 1 1 1 1 0 0 1 0 0 1 1 1 1 1 1 0 1 1 1 0 0 1 1 0 0 0 1 0 1 1 1 1 1 1 1 0 1 1 0 0 1 0 0 1 0 1 1 0 1 0 1 0 0 1 1 1 0 1 1 1 0 0 0 1 1 0 1 0 1 1 0 0 1 0 1 1 0 0 1 1 0 0 0 0 0 0 0 0 1 1 1 1 1 1 0 0 1 1 0	1 1 1 0 0 0 1 0 1 1 1 0 1 1 0 0 1 0 0 1 0 1 0 0 0 0 0 1 0 1 0 0 1 0 0 0 1 1 1 1 1 1 1 1 0 1 0 0 0 1 1 1 1 0 1 0 0 1 1 1 1 1 0 1 0 0 0 0 1 0 0 0 1 1 1 1 1 1 0 1 0 0 0 0 1 1 0 1 1 1 1 0 0 1 0 1 0 0 1 0
IND0080	1 0 0 0 0 0 1 0 0 1 1 1 1 0 1 1 0 1 0 1 1 0 1 0 1 1 1 0 1 0 0 0 0 0 1 1 1 1 0 1 0 0 0 1 0 0 1 0 0 0 0 0 1 1 1 0 0 0 0 0 1 1 0 1 1 0 0 0 1 1 1 0 1 1 1 0 0 0 1 0 1 0 1 1 0 1 1 1 0 0 0 1 0 1 1 0 0 1 1 1	0 0 0 0 0 0 0 1 0 1 1 1 1 0 0 0 0 1 0 1 0 0 0 1 0 0 1 1 0 0 0 1 0 1 0 0 1 1 0 0 1 0 0 0 1 1 1 0 1 0 0 1 0 1 1 0 0 0 1 1 0 0 1 0 1 1 0 0 0 0 1 1 1 1 1 1 1 1 1 0 0 0 0 1 0 1 1 1 1 0 1 0 1 1 0 0 0 0 1 0
IND0081	0 0 0 1 1 0 0 0 1 0 0 0 0 1 1 0 1 1 0 0 0 1 0 1 0 1 0 1 0 0 1 1 1 1 0 1 0 0 0 0 1 1 0 0 1 0 1 1 1 0 1 0 1 0 1 1 0 0 0 0 0 1 1 0 1 0 1 0 1 0 1 0 0 0 1 0 1 1 0 0 1 0 0 0 0 0 1 1 1 0 0 0 1 0 1 0 0 0 0 0	0 1 1 0 1 0 1 1 0 1 1 1 0 0 0 0 0 0 0 1 1 0 1 0 0 0 1 0 1 0 0 0 0 1 0 1 0 1 0 1 0 0 0 1 1 1 0 0 0 1 0 0 0 1 0 0 1 1 1 0 0 0 1 1 1 1 0 1 0 0 1 0 1 0 0 0 1 0 0 1 0 1 1 1 1 1 0 1 1 1 1 1 1 0 0 1 0 1 1 0
IND0082	1 0 0 0 0 0 1 1 1 0 0 1 0 1 1 0 1 0 0 0 0 1 1 1 0 0 1 0 0 1 0 0 0 1 1 1 1 1 1 1 0 0 1 1 1 1 0 0 0 0 0 0 1 0 1 0 1 0 0 1 1 1 0 1 0 0 1 1 1 1 0 0 1 1 0 1 1 0 1 1 0 1 1 1 1 0 1 1 1 0 1 1 1 0 1 1 1 1 1 1	0 0 0 1 0 0 1 0 1 1 1 1 0 0 1 1 0 0 0 0 1 1 0 1 0 1 0 1 1 1 0 1 1 0 0 0 1 1 0 0 0 0 1 0 1 0 0 0 1 0 0 1 0 0 1 0 0 1 1 1 1 0 1 1 0 0 0 1 0 1 0 0 1 0 1 0 0 0 1 1 1 0 1 1 1 1 0 1 1 0 0 1 0 1 0 0 1 1 1 1
IND0083	0 1 1 0 0 1 1 0 0 1 1 1 1 1 0 1 0 1 1 1 1 1 0 1 1 1 1 1 1 0 1 1 0 0 1 0 0 0 1 0 0 0 0 1 0 1 0 1 1 1 1 0 0 0 1 0 0 0 1 1 1 0 1 0 1 0 0 1 1 0 1 1 0 0 1 0 0 0 0 0 0 0 1 1 1 0 1 1 0 1 0 1 1 0 1 1 1 1 1 0	1 0 0 1 1 1 1 1 1 0 1 0 1 1 1 1 1 0 1 1 0 0 1 0 1 0 1 1 1 0 1 0 1 0 1 1 0 1 0 0 0 1 0 0 1 0 0 0 0 0 0 1 0 0 1 0 1 1 0 0 1 1 1 1 1 1 1 1 1 0 0 1 1 0 0 0 0 1 0 0 0 1 0 0 1 1 1 1 1 1 1 0 1 1 0 0 1 0 1 1
IND0084	0 0 1 1 0 1 0 1 0 0 1 0 1 1 1 1 0 0 0 0 0 0 0 1 1 1 1 1 0 1 0 1 1 0 1 0 0 0 0 0 1 1 1 0 0 0 0 1 1 0 0 1 1 0 0 1 1 0 0 1 0 0 1 0 0 0 0 1 0 0 1 1 0 1 0 1 0 1 0 1 0 1 1 0 0 0 1 0 0 0 1 0 1 1 0 1 1 1 1 1	1 0 1 0 0 1 1 1 0 1 0 1 0 0 1 0 0 1 1 0 1 1 1 1 1 0 1 1 1 0 1 1 1 0 0 0 0 1 0 1 1 1 0 1 0 0 0 0 1 0 1 1 1 0 0 1 0 1 0 1 1 1 0 1 1 0 1 0 0 0 1 1 0 1 1 1 0 0 0 0 1 0 0 1 0 1 0 1 0 1 1 0 1 1 0 0 1 0 1 1
IND0085	1 1 1 1 0 0 0 1 0 1 1 1 1 0 0 0 1 0 1 1 0 1 0 1 0 1 1 0 1 0 1 1 0 0 0 1 0 0 0 1 1 0 1 1 1 0 0 1 1 1 1 0 1 0 1 0 0 0 0 1 0 1 1 0 0 0 1 1 0 0 0 1 0 1 0 0 1 0 0 0 0 0 1 1 1 1 1 1 1 1 1 0 1 1 0 1 1 1 0 0	0 1 1 0 1 0 1 1 1 1 1 1 1 1 0 1 1 0 1 0 1 1 1 0 1 0 0 1 1 0 1 1 0 0 0 1 0 0 0 1 0 1 0 1 0 1 1 0 0 0 0 1 0 1 1 1 1 0 1 1 0 1 0 0 0 0 0 1 0 0 1 0 1 0 0 1 1 1 0 1 0 0 1 0 1 1 0 1 1 0 1 1 1 1 0 0 0 1 0 0
IND0086	1 0 0 1 1 1 1 1 0 0 0 1 0 0 0 1 0 0 0 1 1 0 0 1 0 1 0 1 1 0 1 0 1 1 0 0 1 0 1 0 1 1 1 1 0 1 1 0 0 0 0 1 0 0 0 1 0 0 0 1 1 1 0 1 1 0 1 0 0 1 1 1 0 0 1 0 0 0 1 1 1 1 1 0 1 0 0 1 0 1 1 0 1 1 1 0 1 0 1 0	0 1 1 1 1 0 1 0 0 1 1 0 1 1 0 0 1 0 0 0 0 1 0 1 1 1 0 1 1 1 0 0 1 1 0 1 1 0 1 1 0 0 0 1 1 0 0 1 0 0 1 1 1 1 1 1 1 1 0 1 1 0 1 1 0 1 1 1 0 0 1 1 1 0 1 0 0 0 0 0 0 1 1 0 1 0 1 1 1 1 0 0 1 0 1 1 1 0 0 1
IND0087	1 0 1 1 0 0 0 1 0 0 0 0 0 1 1 1 0 1 0 1 0 1 1 0 1 1 1 1 1 1 1 0 1 1 1 0 0 0 0 0 0 1 1 1 1 0 1 0 0 0 1 1 1 0 0 1 0 1 1 1 0 0 0 0 0 1 1 0 1 0 1 1 0 0 0 0 1 1 1 0 1 0 1 0 0 1 1 1 0 1 0 0 1 0 1 1 0 1 0 1	1 1 1 0 0 0 1 1 1 0 1 1 0 1 1 1 1 0 1 1 0 0 1 0 1 1 0 0 1 1 1 0 0 0 1 1 1 0 0 0 1 1 1 0 1 0 1 1 0 0 0 1 1 1 1 0 0 0 1 1 1 1 0 0 1 0 0 1 1 0 0 1 0 0 1 0 0 0 1 1 0 1 1 1 1 1 1 1 0 0 0 1 0 0 1 1 1 1 1 0
IND0088	1 1 1 0 0 1 1 1 1 1 1 0 1 1 1 1 0 1 0 1 1 0 1 0 0 0 1 1 1 0 1 1 1 1 1 0 1 0 1 1 0 0 1 0 0 0 1 0 1 0 1 0 0 0 0 1 0 0 0 1 0 1 0 1 1 0 1 1 0 1 1 0 0 1 1 1 0 0 1 0 0 0 0 1 0 1 1 1 0 1 0 0 1 1 1 0 0 0 0 0	1 1 0 0 0 1 1 1 0 1 1 1 0 0 1 0 1 0 1 1 0 1 0 1 0 1 0 1 0 0 1 1 1 0 0 0 1 1 1 0 1 1 1 0 0 0 0 1 1 1 0 1 0 0 1 0 0 0 1 1 1 1 0 0 1 0 1 0 1 1 1 0 0 0 1 1 1 0 0 0 0 1 1 1 1 1 0 0 0 0 0 0 0 1 0 1 1 0 1 0
IND0089	1 0 0 0 1 1 0 0 0 0 1 0 0 0 0 0 0 1 0 1 0 1 0 0 1 1 1 0 1 1 0 0 1 0 1 0 1 1 0 0 0 0 0 1 0 0 0 0 1 0 1 0 1 0 0 0 0 1 1 1 1 0 0 1 0 0 1 1 1 0 1 1 0 0 0 1 1 0 1 0 0 0 1 0 1 0 1 1 1 1 1 0 0 1 1 0 0 0 0 1	0 1 0 0 0 0 0 0 0 1 0 0 1 0 0 0 0 1 1 0 1 0 1 1 1 0 1 1 0 0 0 1 1 1 1 0 0 0 0 1 1 1 1 0 0 0 0 1 1 0 1 1 1 0 1 1 1 0 1 0 1 0 1 0 1 0 0 0 1 1 1 1 1 1 0 0 0 0 0 0 0 1 1 0 0 0 1 0 0 0 0 0 1 1 0 0 0 0 0 1
IND0090	0 1 0 1 1 0 1 0 1 0 1 0 0 1 0 1 0 0 1 1 0 1 0 0 0 1 1 1 1 0 1 1 1 1 1 1 1 1 0 1 0 0 0 0 1 1 0 1 1 0 0 0 0 1 0 1 0 1 1 1 0 1 0 1 1 0 1 0 0 1 1 1 0 1 1 0 1 1 0 1 0 0 1 1 0 0 0 1 0 1 1 1 1 1 1 0 1 0 1 0	0 1 0 1 0 0 0 1 0 0 0 0 0 0 0 1 1 1 1 0 0 0 1 0 0 1 1 0 1 0 0 0 1 0 0 0 1 1 1 0 1 1 1 0 0 1 1 1 0 1 1 1 0 1 0 1 0 0 1 1 1 0 0 1 1 0 0 1 1 1 0 0 1 0 1 0 1 0 1 1 1 1 0 0 0 1 0 1 1 0 1 0 1 1 0 1 1 1 0 0
IND0091	0 1 1 1 0 1 0 1 0 0 1 1 0 0 1 0 1 1 1 0 0 1 0 0 1 0 0 0 0 0 1 1 0 1 1 0 1 0 1 1 0 0 0 1 0 0 1 1 0 0 0 1 0 1 1 0 1 1 0 1 0 0 1 1 0 1 1 1 0 1 0 0 0 1 1 1 1 0 0 1 1 0 0 1 1 0 0 1 0 0 0 1 1 1 0 0 1 0 0 1	0 0 1 0 1 0 0 1 1 0 1 1 1 0 1 0 1 0 1 1 1 0 0 0 0 1 1 0 1 0 0 1 0 0 0 0 0 1 0 1 1 0 0 0 0 1 1 1 0 1 0 0 1 1 1 1 0 0 1 1 0 0 0 0 1 0 0 0 0 0 1 1 0 0 1 1 0 0 1 1 1 0 0 1 1 0 1 0 0 0 1 1 1 0 0 0 1 1 1 1
IND0092	0 0 0 1 1 0 0 0 1 1 1 1 1 1 1 1 1 0 1 0 0 0 0 0 1 0 0 1 1 0 0 1 1 0 1 1 1 0 0 1 0 1 1 0 0 1 0 1 1 1 0 0 1 0 1 0 1 1 1 1 1 0 1 0 1 0 1 0 1 1 0 1 1 0 0 1 1 0 1 0 1 1 1 0 1 1 1 1 1 1 0 0 0 0 0 1 0 1 0 1	0 0 0 0 1 1 0 0 0 0 1 1 0 0 1 0 1 1 0 1 0 1 0 0 1 0 0 1 1 0 1 1 1 1 0 1 1 0 1 0 0 1 1 0 0 0 1 1 0 1 1 0 1 1 1 1 0 0 1 0 0 1 0 1 0 1 1 1 1 1 0 0 0 1 0 0 1 1 1 0 0 1 0 1 1 0 1 0 1 0 1 1 0 1 1 1 1 1 0 0
IND0093	0 0 1 0 0 0 0 1 1 0 1 1 1 1 0 1 1 0 0 0 0 0 1 0 1 0 0 0 0 0 0 1 1 1 1 0 0 1 0 1 0 1 1 0 1 1 0 1 0 1 0 0 1 0 0 0 1 1 0 0 0 0 0 1 0 1 1 0 1 1 0 0 0 1 0 0 1 0 1 0 0 1 1 0 1 1 1 1 1 1 0 1 1 0 0 0 0 0 0 0	1 1 1 1 0 1 0 0 0 1 1 0 1 1 1 1 1 1 1 1 1 0 0 0 0 1 0 1 0 0 1 1 1 0 0 1 0 1 1 0 1 1 1 0 1 1 0 1 1 1 0 1 1 1 0 0 1 0 1 1 0 1 0 0 0 0 1 1 0 1 0 1 1 1 0 0 1 0 0 0 0 1 1 1 1 0 1 0 0 0 1 0 1 0 0 0 1 1 0 0
IND0094	1 1 1 0 1 1 0 0 0 0 1 0 0 0 0 0 1 0 1 0 1 0 1 0 0 1 1 0 1 1 0 1 1 0 0 0 0 0 1 0 1 1 0 0 0 1 0 0 0 1 0 1 0 0 1 1 0 1 1 1 1 1 1 1 1 1 0 1 1 1 1 1 1 0 1 1 0 0 0 1 1 1 0 1 0 0 0 1 0 1 1 0 1 0 1 1 0 1 1 0	0 0 0 0 0 0 0 0 0 1 0 1 0 1 0 1 0 0 1 0 1 0 1 1 1 0 1 1 1 0 0 0 0 1 1 1 1 0 1 1 0 0 1 0 0 0 0 0 1 0 0 0 0 0 0 1 1 1 0 0 0 0 0 1 1 1 0 1 0 0 0 1 1 1 0 1 1 0 0 1 1 0 1 0 0 1 0 1 1 1 1 1 1 1 0 0 1 1 0 1
IND0095	0 0 1 0 1 1 0 0 0 1 0 1 0 0 1 0 1 1 1 0 0 0 1 0 1 0 1 1 1 1 1 0 0 0 0 0 0 1 1 1 0 1 1 0 0 1 1 1 1 0 1 0 0 1 0 1 0 1 1 1 1 0 0 1 0 0 1 1 1 1 1 1 1 0 1 1 1 0 0 1 0 1 1 1 1 1 0 0 1 1 0 0 1 1 1 0 1 1 0 1	0 1 1 1 1 0 0 0 0 0 1 1 0 0 1 1 0 1 0 1 1 1 0 1 1 0 1 1 0 1 0 1 0 0 0 1 1 1 1 1 1 0 1 0 0 1 0 1 0 1 0 0 0 0 1 0 0 0 0 0 0 1 0 0 1 0 1 0 1 0 1 0 0 0 0 1 0 0 1 0 0 0 0 0 1 0 0 0 0 0 0 0 1 0 1 0 1 0 0 1
IND0096	1 0 0 1 1 1 0 0 1 0 1 1 1 0 1 1 0 1 1 0 1 1 0 0 1 1 1 1 0 0 0 0 0 0 1 0 0 0 0 0 1 0 1 1 0 0 0 0 1 1 1 1 1 1 1 1 0 0 1 0 1 1 0 1 0 0 1 1 1 1 1 1 0 0 1 0 1 1 0 1 1 0 1 0 1 1 1 1 1 1 1 1 1 0 1 0 1 1 1 1	1 0 1 1 1 0 0 1 0 1 1 0 1 0 1 0 1 0 1 1 0 1 1 1 1 0 1 0 0 0 0 0 1 1 0 1 0 1 1 1 0 1 1 1 0 0 1 1 1 0 1 0 1 1 1 1 0 0 1 0 1 1 0 1 0 1 1 0 0 1 1 1 1 0 1 0 0 0 0 1 0 0 1 1 0 0 0 1 0 1 1 0 1 1 1 0 1 1 1 1
IND0097	0 1 0 0 1 0 1 0 0 1 1 0 1 0 0 0 1 1 0 0 0 0 1 1 1 1 0 1 0 0 0 1 1 1 1 0 0 1 1 1 1 1 1 0 1 1 1 0 0 1 1 0 0 0 1 0 1 1 1 0 1 1 0 1 1 1 1 0 0 0 1 1 1 0 0 1 0 1 1 1 1 1 1 1 0 1 1 1 0 0 1 0 1 0 0 0 0 0 0 1	1 1 0 0 1 0 0 1 1 1 0 0 1 0 1 0 0 1 1 1 1 0 0 1 0 0 0 0 0 1 1 0 1 1 0 1 1 0 1 1 0 1 1 1 1 1 0 1 1 1 0 0 1 1 0 1 1 1 0 1 0 0 1 1 0 0 0 1 0 0 1 1 1 0 1 1 0 1 1 0 0 1 1 0 0 1 1 1 0 1 0 1 1 1 0 1 1 0 1 0
IND0098	1 0 1 0 0 0 1 1 1 0 1 1 1 0 1 0 0 0 0 1 0 1 1 1 1 1 1 0 0 1 1 1 0 1 0 0 0 1 0 0 0 1 0 0 0 0 1 0 0 1 0 0 1 1 0 0 0 0 1 1 1 1 0 1 1 1 0 0 0 0 1 1 1 1 0 0 0 1 1 0 1 1 0 1 0 0 1 1 0 1 1 0 0 1 1 1 1 1 1 1	0 1 0 0 1 0 0 1 0 0 1 0 0 0 1 1 0 1 0 1 1 1 1 1 1 0 1 1 1 0 0 1 1 1 0 1 0 0 1 1 1 1 1 1 1 0 0 0 0 0 1 0 0 1 1 1 0 0 1 0 0 1 0 0 1 1 1 1 1 0 0 0 0 0 0 0 1 0 1 0 1 1 1 1 1 1 1 1 1 1 0 0 0 1 0 0 0 0 1 1
IND0099	0 0 0 1 1 0 1 1 0 1 1 1 1 1 1 0 1 0 0 0 0 0 1 0 0 1 1 0 0 1 0 1 1 0 0 1 0 0 0 1 0 0 1 0 0 0 0 0 0 1 1 0 1 1 0 1 1 1 1 1 0 0 1 0 0 0 1 0 0 1 1 1 0 1 0 0 1 0 0 0 1 0 0 0 1 0 1 0 1 1 0 1 0 0 0 1 1 0 1 0	0 0 1 1 1 0 1 0 0 1 1 0 0 1 0 0 0 0 1 1 1 1 0 0 0 0 0 1 1 1 1 1 0 0 1 1 1 0 0 1 1 1 0 1 0 0 0 0 0 0 1 1 0 0 1 1 0 0 0 1 0 0 1 1 0 1 1 0 1 0 0 1 0 1 1 0 0 1 0 0 1 1 0 0 1 1 1 0 0 0 0 1 1 0 1 1 0 1 0 1
IND0100	0 0 1 1 1 0 0 1 1 1 1 1 1 0 0 1 0 1 0 0 0 0 0 0 0 1 0 0 1 0 0 1 1 0 1 1 1 1 1 0 1 1 1 1 0 0 1 0 0 0 1 0 1 1 0 0 1 1 1 0 1 1 1 1 1 0 1 1 1 1 0 1 0 1 1 0 1 1 0 0 1 1 0 1 1 0 0 1 1 1 1 1 1 1 0 0 0 1 0 0	0 1 0 0 0 1 1 0 1 1 0 0 1 0 1 0 1 0 0 1 0 1 1 0 1 1 0 0 1 0 1 0 1 1 1 0 0 0 1 0 1 1 0 1 0 0 1 1 1 0 1 0 1 0 0 1 1 0 1 1 1 0 1 1 1 1 0 0 0 0 0 0 0 0 1 1 1 1 0 1 1 0 0 1 1 0 0 0 1 0 1 0 1 1 0 0 1 1 0 1
IND0101	0 1 1 1 1 1 0 0 1 1 0 1 0 0 1 0 0 0 1 0 0 0 1 1 1 0 1 1 1 0 0 1 1 1 0 0 0 0 1 1 1 0 0 0 1 0 0 0 1 1 0 1 1 0 0 0 0 0 0 0 0 0 0 1 1 1 1 1 0 1 0 1 0 0 1 1 0 1 0 0 1 0 1 1 1 0 0 0 0 1 0 0 0 0 0 1 0 0 1 1	1 1 0 0 0 1 1 0 0 0 1 0 1 1 1 1 1 0 0 1 0 0 1 0 1 0 0 0 1 1 1 1 0 1 0 0 0 1 0 1 0 1 1 0 0 0 1 0 0 1 0 1 0 0 1 0 0 0 0 1 0 0 0 0 1 0 1 0 1 1 1 0 1 0 1 1 1 0 0 0 1 0 1 0 0 0 1 1 0 1 0 0 0 1 1 1 1 1 1 0
IND0102	1 1 1 1 0 1 1 1 1 1 0 1 1 0 1 1 1 1 1 1 1 1 1 0 1 0 1 1 0 1 0 0 0 1 0 0 0 0 0 1 1 0 1 1 0 1 0 1 0 0 1 0 1 1 1 1 0 1 0 1 0 0 0 0 1 1 0 0 0 1 0 1 1 0 1 1 1 1 1 0 1 1 1 1 1 0 1 0 0 0 0 1 0 1 0 0 0 0 1 0	0 1 1 0 0 0 0 1 1 0 1 0 0 0 1 0 1 0 0 1 0 0 0 1 0 0 0 1 0 1 0 0 0 1 1 1 1 0 0 0 0 0 0 1 1 0 1 0 0 1 0 1 0 0 0 0 1 1 0 1 0 1 1 1 0 1 1 0 1 0 0 1 0 0 1 1 1 1 1 0 1 1 1 0 0 1 0 1 1 1 0 0 1 1 0 0 1 0 1 0
IND0103	0 0 1 1 1 1 0 1 0 0 0 1 0 0 1 0 0 0 0 1 1 1 0 0 1 0 1 0 0 1 0 1 0 1 1 1 0 0 1 1 0 1 1 1 0 1 0 1 1 1 1 1 0 1 0 1 1 1 1 1 1 0 0 0 0 0 0 1 1 1 0 1 0 0 1 0 1 1 0 1 1 0 0 0 0 0 1 1 0 1 1 0 0 1 0 1 0 0 0 0	0 1 0 1 1 1 0 1 1 1 1 1 0 0 0 0 1 1 1 1 1 1 0 1 0 1 0 0 0 1 0 1 0 0 0 0 0 0 0 1 1 0 0 0 0 1 0 1 0 1 0 1 1 1 1 1 1 0 0 1 1 0 1 0 0 0 1 1 0 0 1 0 0 0 0 1 1 1 1 0 1 1 1 1 0 1 0 0 1 1 0 1 0 0 0 1 1 1 0 1
IND0104	0 0 1 0 0 1 1 1 0 0 1 1 0 0 1 1 0 1 1 1 1 1 0 0 1 0 0 1 1 1 0 0 0 0 1 1 0 0 0 1 0 1 0 1 1 0 1 0 1 0 0 0 0 0 0 0 0 1 1 1 0 0 1 1 0 0 1 1 0 0 0 0 0 0 0 0 0 1 1 1 1 1 1 0 0 0 1 1 0 1 0 1 1 0 1 1 0 0 0 0	1 0 0 1 0 0 0 1 1 1 1 1 0 1 0 0 1 0 1 0 1 1 0 1 0 1 1 0 1 0 0 1 1 1 1 0 1 0 1 1 1 0 0 0 0 1 1 1 0 1 0 1 1 1 0 0 0 1 1 1 0 1 0 0 0 0 1 1 1 0 1 0 0 1 1 1 1 0 0 0 0 0 0 1 0 0 0 0 1 1 1 0 0 0 1 0 0 1 0 0
IND0105	0 0 0 0 1 1 0 0 1 0 0 0 0 1 1 0 1 0 1 0 1 1 1 1 0 1 1 0 0 0 0 1 0 1 0 1 0 0 0 1 1 1 0 1 0 1 0 1 1 0 1 0 1 1 0 0 1 1 1 1 0 0 0 1 1 1 0 1 1 1 1 1 1 1 1 1 1 1 0 0 0 0 1 1 0 1 0 1 0 1 1 0 1 1 1 1 1 1 1 0	0 0 0 1 1 0 0 0 0 0 1 1 1 1 0 0 0 0 0 1 1 1 0 1 0 0 0 1 1 0 1 0 1 0 0 1 1 1 1 0 0 0 1 0 0 1 0 0 0 1 0 1 0 0 0 0 1 1 0 1 1 0 0 1 1 1 0 0 0 1 0 1 1 0 0 0 1 0 1 1 0 0 0 1 1 0 1 0 1 0 1 1 1 1 0 0 0 1 1 0
IND0106	0 0 1 0 0 0 1 0 1 0 0 1 0 0 0 0 1 1 0 1 1 1 0 0 0 1 1 0 0 0 1 1 0 1 0 0 0 1 0 1 1 0 0 0 0 1 1 1 1 1 0 0 1 0 0 0 0 0 0 1 0 1 0 0 0 0 0 1 1 1 0 1 0 0 0 0 0 1 0 1 1 0 1 0 1 0 1 0 0 0 1 1 0 1 0 1 0 0 1 0	1 0 1 1 1 1 1 1 0 1 0 0 1 1 0 0 0 1 1 1 1 0 0 1 1 0 1 1 1 1 0 1 1 1 0 0 1 1 1 1 0 0 0 1 0 1 0 0 1 1 1 1 0 0 0 1 1 1 1 0 0 1 0 1 1 0 0 0 0 0 1 1 0 0 1 0 1 1 0 1 1 0 0 1 1 1 1 1 1 0 0 1 1 1 0 1 0 1 0 1
IND0107	0 0 1 0 1 0 1 0 1 1 0 1 0 0 0 1 1 0 0 0 0 1 0 1 1 0 0 1 1 1 0 1 1 0 0 0 0 0 1 0 1 1 1 1 0 0 1 1 0 0 0 0 0 1 0 1 0 0 0 0 0 1 1 1 0 0 0 1 0 0 0 1 0 1 0 0 0 0 1 1 1 0 0 0 1 1 1 1 0 0 1 0 1 0 1 1 0 0 0 0	0 1 1 0 1 0 1 0 1 1 1 0 1 1 0 0 0 0 1 1 0 0 0 0 1 0 0 1 0 0 0 0 0 1 0 0 1 1 1 1 1 1 0 1 1 0 0 0 1 1 1 1 1 0 1 0 1 0 1 0 0 1 1 0 1 0 0 0 1 1 1 1 0 0 1 0 0 1 1 0 1 0 1 0 0 1 0 0 1 0 1 0 0 1 0 0 1 1 0 1
IND0108	0 0 1 0 0 1 0 1 1 0 0 1 0 0 1 1 1 1 0 1 1 1 0 1 0 0 1 0 1 1 0 0 0 1 1 0 1 0 0 0 1 0 0 1 1 1 1 0 1 1 1 1 1 1 0 1 0 1 1 1 0 1 1 1 1 0 0 0 1 1 0 0 0 1 1 1 0 0 1 1 1 0 0 0 0 0 0 0 0 1 0 1 1 0 0 1 1 1 1 1	1 0 1 1 0 0 1 1 0 1 0 0 0 1 0 1 1 1 0 0 1 0 0 0 0 1 0 1 0 1 1 0 1 1 0 1 1 0 1 0 0 1 1 0 1 1 1 0 0 0 1 1 1 1 0 1 0 0 1 1 1 0 0 1 1 1 0 1 1 0 0 1 1 1 0 0 1 0 1 1 0 0 1 1 1 1 1 0 1 0 1 1 0 0 0 1 0 1 0 0
IND0109	0 1 0 1 0 1 1 0 0 1 1 0 1 0 1 1 0 1 1 1 1 1 0 0 1 1 1 0 1 0 1 0 0 1 0 1 1 1 0 0 0 0 1 0 1 0 1 1 1 0 0 1 1 0 1 0 0 1 1 0 0 1 1 1 1 0 0 1 0 0 0 0 0 1 0 1 0 1 1 0 1 1 0 1 1 1 1 1 0 1 1 1 0 0 0 0 1 1 1 0	0 0 0 0 1 0 1 0 1 1 1 1 0 0 0 0 1 1 1 0 0 0 1 1 1 1 1 0 1 0 0 0 0 0 0 1 0 1 1 1 0 0 0 0 1 1 0 1 1 0 0 0 0 0 0 1 0 1 0 0 1 1 0 0 0 1 0 0 0 1 1 0 0 0 1 0 1 1 0 0 0 0 1 0 0 1 1 1 1 1 1 1 1 1 0 1 0 0 0 0
IND0110	1 0 0 1 0 1 0 1 0 0 1 0 0 1 1 1 0 1 0 1 1 1 0 1 0 1 0 1 1 0 0 1 1 0 0 1 1 1 0 1 1 0 1 0 0 1 1 0 1 1 0 0 0 0 1 0 0 1 1 1 0 1 0 0 1 0 1 1 1 1 0 0 1 1 0 1 0 1 0 1 1 1 1 1 0 1 0 1 0 1 1 1 0 1 0 1 0 0 1 0	0 1 0 1 1 0 1 1 0 0 1 1 0 0 0 1 0 1 1 1 0 1 0 0 1 0 0 0 0 1 1 0 1 1 0 1 1 0 1 0 1 1 0 1 1 0 0 1 0 0 1 1 1 0 0 0 1 0 1 1 0 1 0 1 1 1 1 1 0 0 0 1 0 0 0 0 1 1 1 0 1 1 0 1 1 0 0 0 0 1 0 0 1 1 0 0 1 1 0 1
IND0111	0 0 1 1 1 0 1 0 1 0 0 1 0 0 0 1 0 1 1 0 1 1 0 1 1 1 1 1 0 1 0 1 0 0 0 0 1 0 0 0 0 0 1 1 0 0 0 1 0 1 1 1 1 1 1 1 1 0 0 0 1 1 1 1 1 1 0 0 0 1 1 0 0 0 1 0 0 1 0 1 1 0 0 0 0 0 1 1 1 1 0 1 0 1 0 0 0 0 1 0	1 0 0 1 0 0 1 0 0 1 0 1 0 1 0 0 0 0 0 0 0 0 1 1 1 1 1 0 1 0 0 0 1 0 1 0 1 0 0 0 1 0 1 1 0 0 0 1 0 0 1 0 1 0 0 0 1 1 0 0 0 0 1 0 0 1 1 0 0 1 1 1 1 0 1 1 0 0 1 1 0 1 0 0 0 1 1 0 0 1 1 0 1 0 1 1 1 0 0 1
IND0112	1 1 0 1 1 1 1 1 1 0 0 1 1 1 0 1 0 0 1 0 0 0 0 0 0 0 0 1 1 0 0 1 1 1 1 1 0 0 0 0 1 0 0 0 1 1 0 0 0 0 0 0 0 1 0 1 1 1 0 1 1 1 1 1 1 0 0 1 1 1 1 1 1 0 0 1 1 1 0 1 0 1 1 0 0 0 1 0 1 1 0 1 0 1 1 0 0 0 1 0	0 0 1 1 1 0 0 1 1 0 0 0 1 0 0 1 1 0 1 1 1 0 0 1 0 1 1 1 1 0 0 1 0 1 1 1 0 1 0 1 1 1 1 0 0 1 0 1 0 0 1 0 1 0 0 0 1 1 0 0 1 1 0 1 0 0 0 0 1 1 1 0 1 1 1 1 1 0 1 0 1 1 0 0 0 0 1 0 1 0 1 1 0 1 0 0 1 0 0 1
IND0113	1 1 0 1 0 1 1 0 0 0 0 1 0 0 0 1 1 0 0 0 1 0 0 0 0 0 0 0 0 0 1 1 1 0 0 1 1 0 1 1 0 1 1 0 0 0 1 0 0 0 0 1 1 1 1 1 0 0 1 1 1 1 1 1 0 0 0 0 1 0 1 1 0 1 1 1 0 0 1 0 1 1 0 0 0 1 1 0 1 1 1 1 1 0 1 1 0 1 1 0	1 1 1 1 0 1 0 0 0 1 0 1 0 1 1 0 1 1 1 0 1 0 1 0 0 1 1 1 1 1 0 0 1 0 0 1 0 1 0 1 0 0 1 1 0 1 0 1 0 0 1 0 1 1 0 0 1 0 1 1 0 1 1 0 1 1 1 0 1 0 1 0 0 1 0 1 1 0 0 1 0 0 1 0 1 0 1 0 1 0 0 0 1 0 0 0 0 0 1 1
IND0114	1 1 1 0 0 1 0 0 1 1 1 1 1 1 1 0 1 1 0 0 0 1 1 1 1 1 0 1 0 1 1 1 1 1 1 0 0 1 0 0 0 0 0 1 0 1 1 0 1 1 1 0 0 1 0 0 1 1 1 0 0 1 1 0 0 0 0 1 1 1 0 1 1 0 0 1 1 0 0 0 1 0 1 0 0 1 1 1 0 0 1 0 1 1 1 1 0 1 1 0	1 0 1 1 0 0 0 1 0 1 1 0 0 1 0 1 0 1 1 0 0 1 1 1 0 0 0 1 1 0 0 0 1 1 0 1 1 1 1 1 0 1 0 1 0 0 1 1 1 0 1 1 1 1 1 0 1 0 1 1 0 0 0 0 0 0 1 1 0 1 0 0 1 0 0 1 0 0 0 0 0 0 0 1 0 0 1 0 1 1 1 1 0 1 1 0 0 0 0 1
IND0115	1 1 1 0 1 0 0 1 1 0 1 0 0 0 1 0 1 1 1 1 0 1 0 1 0 0 0 1 1 1 1 1 0 1 1 1 0 0 1 1 1 0 1 1 0 1 1 0 1 0 0 0 1 0 0 1 1 0 0 1 1 1 0 1 0 1 0 1 1 1 1 0 0 0 1 0 1 0 1 0 1 1 1 0 0 0 0 0 1 0 0 1 0 0 1 1 0 0 0 1	0 1 1 1 0 1 1 1 1 0 0 1 1 1 0 1 1 0 0 0 0 1 0 1 1 1 0 0 1 1 1 1 0 0 0 0 0 1 1 1 1 1 1 0 0 1 1 0 1 1 0 0 0 1 0 0 1 1 1 0 1 1 0 1 1 1 0 0 1 0 1 1 1 1 1 1 0 0 1 0 0 0 0 1 1 1 0 0 0 1 1 0 1 0 0 0 1 0 0 0
IND0116	0 0 1 0 1 0 1 1 0 0 0 1 1 0 0 1 1 0 1 0 0 1 1 0 0 0 0 0 1 0 1 1 1 1 0 0 1 1 0 1 0 1 1 0 0 0 0 1 0 0 0 1 0 0 0 0 0 1 0 0 0 0 0 1 0 1 0 0 1 0 0 0 0 0 0 1 0 1 0 0 0 1 1 1 1 1 0 1 0 0 0 1 1 1 1 1 0 0 0 1	1 1 0 0 0 1 0 1 1 1 0 1 1 1 1 1 1 1 0 0 1 1 1 1 0 1 0 0 0 0 0 0 0 0 1 0 0 0 1 1 0 0 0 1 1 1 1 1 1 1 0 0 0 0 0 0 0 1 0 0 1 0 0 0 1 1 1 1 1 0 0 1 0 1 1 0 1 0 1 1 0 1 0 1 1 1 1 1 1 1 0 1 1 0 0 1 1 1 1 1
IND0117	0 1 1 0 0 1 1 0 0 0 0 0 1 1 1 1 1 0 0 0 0 0 1 0 0 1 0 0 1 1 1 0 1 1 1 0 1 1 0 1 0 0 0 0 0 1 0 1 0 0 0 0 0 0 1 0 1 0 1 0 0 0 0 1 1 0 1 1 0 1 1 0 1 0 1 1 0 1 0 1 0 1 1 1 1 1 1 0 0 1 0 0 1 0 1 0 0 1 0 0	1 1 0 1 1 1 1 0 0 1 1 0 0 0 1 1 0 0 1 1 1 0 1 1 0 1 0 1 1 0 1 0 1 1 1 0 1 0 1 0 0 0 0 1 1 0 0 0 0 1 0 1 1 1 1 0 1 0 1 1 0 1 1 0 1 1 0 1 1 0 0 0 1 1 0 1 0 0 1 0 0 0 0 0 1 0 1 1 1 1 1 1 0 1 1 1 1 0 1 1
IND0118	0 0 1 0 0 1 1 0 1 1 1 0 0 0 0 1 1 0 0 1 0 1 1 1 1 0 1 1 1 0 1 0 1 0 1 0 1 1 1 1 0 0 1 0 0 1 0 1 0 0 1 0 1 1 1 1 1 1 0 0 1 0 0 0 0 1 0 0 0 1 1 1 1 0 1 0 1 0 0 0 0 0 1 1 1 1 0 1 1 0 1 1 1 1 0 1 1 1 1 0	0 1 1 0 1 0 0 1 0 0 0 1 0 0 0 0 0 0 1 0 1 1 1 1 1 1 1 1 0 1 0 1 1 0 0 0 1 0 1 0 1 0 1 1 0 0 1 1 1 1 1 0 1 1 1 0 1 0 1 1 0 0 1 1 0 1 1 1 0 1 1 0 0 0 1 0 1 1 0 0 1 0 1 1 0 0 0 1 0 0 0 1 1 0 1 0 1 1 1 0
IND0119	0 0 0 1 1 0 0 1 0 1 1 0 1 0 0 0 0 1 1 1 0 1 1 1 0 0 0 0 1 1 0 0 1 0 0 0 1 1 0 0 0 0 0 1 1 1 0 0 0 0 0 0 1 0 0 1 0 1 1 0 1 1 0 1 0 0 0 0 1 0 0 1 1 1 1 1 1 1 0 0 0 0 1 0 1 1 0 1 0 0 0 1 1 1 0 0 1 1 1 0	0 1 1 0 0 1 1 0 1 1 1 1 1 0 0 1 1 1 1 0 1 1 1 1 0 0 1 0 1 0 1 1 1 0 1 1 0 0 0 1 1 1 1 1 1 1 1 0 0 0 0 1 0 0 1 1 1 1 1 0 1 0 0 1 0 0 0 0 1 1 0 1 0 0 0 1 0 1 1 1 1 0 0 1 0 0 1 0 1 1 1 0 0 1 0 1 1 0 1 0
IND0120	0 0 1 0 1 0 0 1 1 0 0 0 1 0 1 0 0 0 0 0 0 0 0 1 1 0 0 1 1 1 0 0 0 1 1 0 0 0 0 1 1 0 0 1 1 1 1 1 0 0 0 0 0 0 1 1 0 1 1 1 0 0 1 0 0 0 1 1 0 1 1 1 1 1 0 0 0 0 1 0 0 0 1 1 0 0 0 1 1 0 0 0 1 0 0 1 1 1 1 0	0 1 0 0 0 1 0 0 1 1 1 0 0 1 1 1 1 0 0 0 0 1 1 0 1 0 0 0 0 0 0 1 1 0 1 1 1 0 1 1 0 0 0 0 1 1 1 1 0 0 1 1 0 0 0 0 1 1 1 0 1 1 0 0 1 1 0 1 1 1 0 0 1 0 1 1 1 0 0 1 0 0 1 1 0 0 0 1 1 0 0 0 0 1 0 1 0 0 1 0
IND0121	0 1 0 1 0 1 1 1 0 1 0 1 0 1 1 1 0 1 1 0 1 1 0 0 1 0 0 1 1 0 1 0 1 1 1 1 1 0 0 1 1 0 0 0 1 1 1 0 1 0 1 0 0 0 0 0 1 1 0 1 1 0 1 0 0 1 0 1 0 0 0 0 1 0 0 1 1 0 1 0 1 0 1 0 1 0 0 1 1 0 1 0 1 0 0 1 0 0 0 0	1 0 0 1 0 0 0 0 1 1 0 0 1 1 1 0 0 1 0 0 0 1 0 0 0 0 1 0 1 1 0 0 1 1 0 1 1 1 0 1 1 0 1 0 1 0 1 1 0 0 0 1 0 1 0 1 0 0 1 1 1 1 0 0 1 1 1 1 1 0 1 0 1 1 0 1 0 0 0 0 1 1 0 1 1 0 1 1 0 1 0 0 1 0 1 1 0 1 1 1
IND0122	0 1 0 0 0 0 0 1 0 0 1 1 1 1 1 1 1 0 1 1 0 1 1 1 0 0 1 0 1 0 0 0 1 1 0 1 0 0 0 0 1 1 0 0 0 0 0 0 1 0 1 0 0 1 1 1 1 1 1 0 1 0 0 1 1 1 1 1 0 0 0 1 1 0 1 0 0 0 0 1 0 0 1 0 0 1 1 1 1 0 0 0 0 1 1 0 0 1 1 1	0 0 1 1 0 0 1 0 0 0 0 1 1 0 0 0 0 0 0 0 1 1 0 0 1 1 1 1 1 0 1 1 1 0 1 1 1 1 0 0 0 0 0 0 0 1 0 0 0 0 1 0 0 0 0 0 1 0 1 1 1 0 0 1 1 1 0 1 1 1 1 0 1 1 0 0 0 0 0 1 1 0 0 0 1 0 0 0 1 1 1 1 1 0 1 0 1 1 0 0
IND0123	0 1 0 1 1 1 1 1 0 0 0 0 1 0 1 1 1 1 0 1 0 0 0 1 1 1 1 0 0 0 1 0 1 0 0 0 0 1 0 1 0 1 0 1 1 1 0 1 1 0 1 1 1 0 0 1 1 1 0 0 1 0 0 1 1 1 0 1 0 0 0 0 0 0 1 1 0 1 0 0 1 1 1 0 0 1 1 1 1 1 1 1 0 1 1 1 1 1 1 0	1 0 1 1 1 0 1 0 0 0 0 0 0 1 1 0 1 0 0 0 1 0 1 0 0 0 1 1 1 1 1 0 1 1 0 1 1 1 0 0 1 1 1 1 0 0 0 0 0 1 0 0 0 0 0 1 1 0 1 1 1 1 0 1 0 0 1 1 1 0 1 1 0 1 1 0 1 1 1 1 1 1 1 1 0 0 0 1 1 1 0 0 1 0 0 1 1 0 1 1
IND0124	0 0 0 1 0 1 1 0 0 1 1 1 0 0 1 1 0 1 1 0 1 1 1 0 0 0 1 0 0 1 1 1 1 1 1 1 0 0 1 1 0 0 1 0 0 0 1 1 1 1 0 1 0 0 0 0 0 0 1 0 0 0 0 0 1 1 1 1 0 0 1 1 1 1 1 0 0 1 0 1 1 0 1 0 0 1 0 0 0 0 1 0 0 1 1 1 1 0 1 1	1 1 0 0 0 1 1 1 0 0 0 0 0 0 1 0 0 1 0 0 0 1 1 0 0 1 1 1 1 0 1 1 1 1 1 0 1 1 1 1 0 0 1 0 0 0 0 1 1 0 0 0 1 1 0 1 0 1 1 0 1 0 1 1 1 1 1 0 0 1 1 0 0 0 1 1 1 0 0 0 1 0 0 1 0 1 0 0 0 0 1 1 0 0 0 0 0 0 1 1
IND0125	0 0 0 0 0 1 0 0 0 1 1 1 1 1 1 1 0 1 0 0 1 1 1 0 1 0 0 0 1 1 1 0 0 0 0 1 0 0 0 0 1 0 0 0 0 1 0 0 1 0 1 1 0 0 1 1 1 1 0 0 1 0 1 1 1 0 1 1 0 0 0 0 0 1 1 0 1 0 1 0 1 0 0 1 1 0 0 1 1 0 1 1 1 0 0 0 0 0 1 0	0 1 0 1 1 1 1 1 1 0 1 1 0 1 1 0 0 1 1 1 0 1 1 1 0 0 0 1 0 1 1 0 1 1 0 0 0 0 0 1 1 1 1 0 0 0 1 0 1 1 0 0 1 0 1 0 1 1 1 1 0 0 0 0 0 0 0 1 0 1 0 1 0 1 1 1 0 0 0 1 1 0 1 0 0 0 1 0 0 0 0 0 0 1 0 1 0 0 0 1
IND0126	0 0 0 0 1 1 0 0 0 0 0 1 1 0 1 1 1 1 0 1 1 1 1 1 1 1 1 0 1 0 0 1 1 1 0 1 1 1 1 0 1 1 0 1 0 1 1 0 1 1 1 1 0 0 1 0 1 0 0 1 0 0 0 1 1 1 0 1 0 0 0 1 1 0 1 1 0 1 1 1 0 0 1 0 1 0 0 1 0 0 1 0 0 0 0 1 0 1 0 0	0 1 1 1 1 1 0 0 1 0 1 0 0 1 0 0 0 1 1 1 1 0 0 0 0 1 1 0 1 1 0 0 0 0 0 0 0 1 0 0 0 1 1 0 1 0 0 0 0 1 1 1 0 1 0 1 0 1 0 1 1 1 1 0 1 1 1 0 0 0 0 0 0 1 0 1 0 1 1 1 1 0 0 1 1 0 0 0 1 1 0 0 0 1 1 0 0 0 0 1
IND0127	1 1 0 1 1 0 0 1 0 0 1 0 0 0 0 0 0 0 0 0 0 1 1 0 0 0 1 1 0 0 1 1 0 0 0 1 0 1 1 1 0 1 1 0 1 0 0 1 1 0 1 1 0 1 1 1 0 0 1 0 0 1 1 1 0 0 1 0 1 1 0 1 1 0 0 0 1 1 1 1 1 0 0 0 0 1 1 0 0 1 0 1 1 0 0 1 1 1 1 1	0 0 1 1 1 0 0 0 1 0 0 1 0 1 1 1 0 0 0 0 1 1 1 1 1 0 1 0 1 0 1 1 1 0 0 1 1 1 0 0 1 0 1 0 1 0 0 1 1 0 0 1 0 1 1 1 1 1 0 1 1 0 0 1 0 1 0 1 1 0 0 0 1 0 1 1 0 1 0 1 1 1 0 1 0 0 0 1 1 1 0 0 0 0 1 1 1 1 1 1
IND0128	0 0 1 1 0 1 1 1 0 0 1 0 1 1 1 0 1 1 0 1 1 0 1 1 0 1 1 1 1 0 0 1 1 1 0 1 0 0 1 0 0 0 1 1 0 1 1 1 0 0 0 1 0 1 1 0 1 1 0 1 1 0 0 1 0 0 0 0 0 1 1 0 0 0 0 1 0 1 1 1 1 1 1 0 1 1 1 0 1 0 1 1 1 1 0 0 1 0 0 0	1 0 0 0 1 1 1 0 1 1 1 1 0 1 0 0 0 0 1 1 1 0 0 1 0 0 1 1 1 1 0 1 1 0 0 1 1 0 0 1 1 1 1 0 0 1 0 1 1 1 0 1 1 0 0 0 0 1 0 0 1 0 0 1 0 0 0 1 1 1 0 0 0 0 1 0 1 0 0 1 1 1 1 1 1 1 0 0 1 0 0 1 1 0 0 1 1 0 1 0
IND0129	1 0 1 0 1 0 1 0 0 1 1 1 0 0 0 1 0 0 0 1 1 0 0 1 1 1 0 0 1 0 0 0 1 1 0 1 0 1 0 1 0 0 0 1 0 0 0 0 0 0 0 1 1 1 1 1 0 0 0 1 1 1 1 1 1 1 0 1 1 0 1 1 1 1 1 1 0 1 1 1 0 0 0 1 1 0 1 1 1 0 1 0 0 1 1 0 1 1 1 1	0 1 1 1 1 1 1 0 0 1 0 1 1 0 1 1 0 0 1 0 0 1 1 0 1 1 0 1 1 1 1 0 1 0 1 1 0 0 1 1 0 0 0 0 0 0 0 0 0 1 0 0 0 1 1 0 0 1 0 1 1 1 1 1 0 1 0 0 1 0 1 1 0 1 1 0 0 0 1 1 1 1 1 1 0 1 0 1 0 0 1 1 0 1 1 1 1 0 1 0
IND0130	0 0 0 0 0 1 1 1 0 0 0 0 1 1 1 1 1 1 1 1 0 1 1 1 0 0 1 0 0 0 1 1 0 0 1 1 1 1 1 0 1 0 1 0 1 0 1 0 1 0 1 0 0 1 1 1 1 1 0 1 0 1 0 1 0 0 0 0 0 0 1 1 1 0 1 1 0 0 0 1 1 1 1 0 1 0 1 1 0 0 0 0 0 0 0 0 0 1 0 0	1 0 0 1 1 0 0 0 1 0 0 1 1 0 0 1 1 1 1 0 1 1 1 0 0 1 1 1 1 1 0 0 0 0 0 1 1 0 1 0 0 1 0 0 0 1 0 0 0 0 1 0 1 1 1 1 1 1 0 0 1 1 0 1 1 1 1 0 1 1 0 1 1 1 0 1 0 1 1 0 0 0 0 1 1 1 1 1 0 1 0 1 0 1 0 0 0 0 0 1
IND0131	0 0 1 1 0 0 0 1 1 0 1 0 0 1 0 0 0 1 0 0 0 0 0 0 0 1 1 0 0 1 1 0 1 1 1 1 0 0 0 0 0 0 0 0 1 0 0 1 1 0 1 1 0 0 0 0 1 1 1 0 1 1 0 0 1 0 1 0 0 0 0 0 1 1 0 0 0 1 0 0 0 0 1 1 0 1 0 1 0 1 0 1 1 0 0 0 0 0 0 1	0 1 0 1 1 1 1 1 1 1 1 1 1 1 1 0 0 1 0 0 1 0 1 1 0 1 1 1 0 0 0 1 0 0 1 1 1 1 0 0 1 1 0 0 0 0 0 1 1 1 1 0 1 1 1 0 0 1 0 0 1 0 1 1 1 0 0 1 1 1 1 0 0 0 1 1 0 0 1 0 0 0 0 1 0 1 0 1 0 0 1 1 1 1 0 1 0 0 0 1
IND0132	0 0 1 0 1 0 1 1 0 0 1 0 0 0 0 1 0 0 1 1 1 1 0 0 1 1 1 0 1 0 0 1 0 1 0 1 1 0 1 1 1 0 0 1 1 1 0 0 0 1 1 1 0 1 1 1 0 1 1 0 0 1 0 0 1 1 1 1 0 0 1 0 0 0 0 1 1 1 1 1 1 1 0 0 1 1 0 1 0 1 0 0 1 1 0 0 1 0 0 1	1 1 0 0 0 1 1 1 0 1 1 1 0 1 1 0 1 1 1 0 0 0 0 0 1 1 0 0 1 1 1 0 0 0 1 1 1 0 1 1 1 1 1 1 0 1 0 1 0 1 1 0 1 0 0 0 0 1 0 0 1 0 0 1 0 0 0 1 0 0 0 0 1 1 0 1 1 0 0 1 1 1 1 1 1 0 1 0 1 1 0 1 0 0 1 1 0 0 1 0
IND0133	0 0 1 0 1 1 1 1 0 1 1 1 0 1 0 1 1 1 1 1 1 0 1 1 1 0 1 0 1 1 0 1 0 0 1 1 0 1 0 1 1 0 0 0 1 0 0 1 1 1 0 1 0 1 0 0 1 1 1 1 1 0 1 0 0 1 0 0 0 1 0 1 1 1 1 0 1 1 0 1 1 1 1 0 1 1 0 0 1 0 0 1 1 0 0 1 1 1 0 1	1 0 0 1 0 1 0 0 1 0 1 1 1 0 1 0 1 0 0 1 0 0 1 0 0 1 1 0 1 0 1 0 0 1 1 1 0 0 0 0 1 1 0 1 1 0 1 0 0 1 0 0 1 1 0 1 0 0 0 0 1 1 1 1 1 1 1 1 0 0 0 1 0 0 1 0 1 1 1 0 0 1 1 0 1 0 0 0 0 1 0 1 1 1 0 1 1 0 1 1
IND0134	1 0 0 0 0 1 1 0 1 1 1 0 0 0 0 0 0 1 0 1 0 0 1 0 0 1 1 0 0 1 1 0 0 0 0 0 1 1 0 0 1 1 1 0 1 1 0 0 0 1 1 1 0 0 0 1 1 1 1 1 1 1 1 1 1 0 1 1 0 0 0 0 1 1 1 1 1 1 1 0 0 0 0 0 1 0 1 0 1 0 1 1 0 1 0 0 1 1 1 1	1 0 0 1 0 0 0 1 1 1 0 0 1 1 0 0 1 0 0 0 0 1 0 0 1 0 1 0 0 0 0 1 1 0 0 0 1 0 0 1 1 1 0 0 1 0 0 0 1 1 1 0 0 1 0 1 1 1 1 1 1 0 1 1 1 1 0 1 0 0 1 1 0 1 0 1 0 0 1 0 0 1 0 1 1 0 1 0 1 0 0 0 0 1 1 1 1 0 1 1
IND0135	1 0 0 0 1 1 0 1 1 0 0 0 0 0 0 1 1 1 1 1 1 0 1 0 0 1 0 1 1 0 1 0 1 0 0 0 0 1 0 1 0 0 0 0 1 0 1 1 0 0 0 1 1 1 1 0 0 1 1 1 1 1 0 1 0 1 0 1 0 1 1 0 1 1 0 1 0 1 1 0 0 1 0 0 0 1 1 1 1 0 1 0 1 0 1 1 1 1 1 1	0 1 1 0 0 0 0 1 0 0 1 1 0 0 0 1 0 1 0 0 1 0 1 0 1 1 0 1 1 0 0 1 1 1 1 0 1 0 0 1 0 1 1 1 1 1 0 0 0 1 1 1 0 0 0 1 1 1 0 1 0 1 1 1 1 0 1 0 0 1 1 1 0 1 1 1 0 1 0 1 1 1 1 0 0 0 0 1 0 1 0 0 1 1 1 0 1 1 0 1
IND0136	1 1 1 0 0 0 0 0 0 1 0 1 1 1 1 0 0 0 0 1 1 0 1 0 1 0 1 0 0 0 0 1 1 0 0 0 1 0 1 0 0 1 1 1 1 1 1 0 1 0 0 1 1 0 0 0 0 1 0 0 0 1 1 1 0 0 0 0 1 0 1 0 0 1 1 0 0 0 0 1 0 1 0 1 0 0 1 1 0 0 0 1 0 0 1 1 0 1 0 0	1 1 0 1 0 1 1 1 0 0 1 1 0 1 1 1 0 1 1 1 1 1 1 1 1 0 0 1 0 1 1 0 1 1 0 0 0 0 1 0 1 0 1 1 1 1 1 0 1 0 0 0 0 0 1 0 0 1 1 1 0 1 1 0 0 0 0 1 1 0 1 0 0 1 1 0 0 0 1 0 0 1 0 0 1 1 1 0 1 1 1 1 0 0 0 1 0 0 1 1
IND0137	0 1 0 1 0 1 1 1 0 1 0 0 0 1 1 0 1 1 1 0 0 1 1 1 1 0 0 1 0 1 1 0 1 1 0 0 1 0 1 1 1 0 1 0 0 0 0 1 0 0 0 1 0 0 1 0 0 0 0 1 0 1 0 0 0 1 0 0 0 1 0 0 0 0 0 0 0 0 1 0 0 1 1 1 1 0 0 0 1 0 1 1 0 1 1 1 0 1 0 0	1 1 1 0 1 0 1 0 1 0 1 0 0 0 0 0 1 0 0 0 1 0 1 1 1 0 1 0 0 1 0 1 0 0 0 0 1 0 0 1 0 0 0 0 1 0 0 0 0 0 1 1 1 1 0 0 0 0 0 1 1 1 1 1 1 0 1 1 1 0 0 0 0 1 0 0 1 1 1 1 1 0 0 0 1 1 0 0 0 1 1 0 0 1 1 0 1 0 1 0
IND0138	0 1 1 1 1 0 0 1 0 0 0 0 1 1 1 1 1 1 0 0 0 0 0 1 1 0 0 1 0 0 1 0 0 0 0 1 1 0 0 1 1 0 0 1 1 0 0 0 1 0 0 1 0 0 0 0 0 1 0 0 1 0 1 1 0 1 1 0 1 0 1 1 1 1 0 0 0 0 0 0 1 0 1 1 1 1 1 0 1 1 0 0 1 0 0 0 0 0 1 0	0 0 0 1 0 1 0 1 0 0 1 1 1 0 1 1 0 0 0 1 1 0 0 1 1 1 0 0 0 0 1 0 0 0 0 1 1 1 1 1 1 0 0 0 0 0 0 1 0 0 1 1 0 0 1 0 0 0 1 0 0 0 0 0 0 1 1 0 0 0 1 0 1 0 1 0 0 1 1 1 0 1 1 0 0 0 1 0 1 0 0 0 1 1 0 1 1 1 0 1
IND0139	0 0 1 1 0 0 1 1 1 1 0 0 1 1 1 1 0 1 1 1 0 1 1 0 1 1 0 1 1 0 1 0 0 1 0 0 0 1 0 0 0 1 1 0 1 0 0 0 0 1 1 1 0 1 1 1 1 0 1 0 1 1 0 1 1 0 0 0 0 0 1 0 0 0 0 0 0 0 0 0 1 1 1 1 1 0 1 1 1 1 0 1 1 0 1 1 0 1 0 0	1 0 0 1 1 1 0 1 0 1 1 0 1 1 1 0 1 0 1 1 1 0 1 0 0 0 0 0 0 0 1 0 1 1 0 0 0 0 1 0 1 1 1 0 1 0 0 0 0 1 1 0 1 0 1 1 0 1 1 1 0 0 1 0 0 1 1 0 0 0 1 0 1 1 0 0 0 1 0 1 0 1 1 1 1 0 1 1 0 0 1 1 1 0 0 0 0 0 0 0
IND0140	1 0 0 1 0 1 1 1 0 1 0 1 0 0 1 0 1 0 1 1 1 1 0 0 0 0 0 1 1 0 0 0 0 0 1 0 1 0 1 1 0 1 1 1 0 0 0 1 1 1 0 1 1 1 0 0 0 1 1 0 0 1 0 0 1 1 0 0 1 1 1 1 1 1 0 1 1 1 1 0 0 1 0 1 1 1 1 1 1 0 1 0 0 0 1 1 1 1 1 0	1 1 0 1 0 1 0 0 1 0 1 0 0 1 0 0 1 1 0 1 0 0 0 0 0 0 0 1 0 1 1 0 0 1 1 0 1 0 1 0 0 0 0 0 0 1 0 1 0 1 0 0 0 1 0 0 1 0 1 0 1 0 0 0 1 1 0 1 0 0 0 0 1 1 0 1 1 1 1 1 1 1 0 0 1 0 0 0 0 0 0 0 0 1 1 1 0 0 1 1
IND0141	1 1 1 1 0 0 1 1 1 1 1 1 0 0 1 0 1 1 0 0 0 1 1 0 0 0 0 0 0 0 1 1 0 0 0 1 1 0 0 0 1 0 1 0 1 0 1 0 0 0 0 0 0 0 0 0 0 0 1 0 1 1 0 1 0 0 1 1 0 0 1 1 1 0 0 0 0 1 1 0 1 1 1 0 0 1 0 0 0 1 1 0 0 1 1 1 1 1 0 1	1 1 0 1 1 0 0 1 0 0 1 1 1 1 1 0 1 1 1 1 1 1 0 0 0 1 1 0 1 1 1 0 1 0 0 0 1 0 0 0 1 0 1 0 1 0 0 0 0 0 1 1 1 1 1 0 0 1 1 0 1 1 0 1 1 1 1 0 0 1 1 0 1 1 0 1 1 1 1 1 1 1 0 0 1 0 1 0 0 0 0 0 1 1 1 1 0 1 1 1
IND0142	0 1 1 1 1 1 0 1 1 0 0 1 1 1 0 0 1 0 0 0 1 1 1 1 1 0 0 0 0 0 1 1 1 1 0 1 0 0 1 1 1 1 1 1 1 1 0 1 0 0 0 0 0 1 0 1 1 1 1 1 1 1 1 0 0 1 0 1 0 1 1 0 0 1 0 0 0 1 0 1 1 0 1 1 1 0 0 0 0 0 1 0 1 1 0 0 0 0 0 1	1 1 0 1 0 0 1 1 1 1 1 1 0 1 0 1 0 1 1 0 0 1 0 1 0 0 0 1 1 1 1 1 1 0 0 1 1 0 1 1 0 0 1 1 0 0 1 0 1 1 0 1 0 1 1 1 1 0 0 0 0 1 1 1 0 0 0 0 1 0 1 0 0 1 1 1 1 1 0 0 0 0 0 0 0 0 1 0 0 1 0 1 0 0 0 1 1 0 0 1
IND0143	0 1 1 0 1 1 1 0 0 1 0 0 1 1 1 1 1 0 1 0 0 0 0 1 1 0 0 0 0 0 1 1 0 1 1 0 0 0 0 0 0 1 0 1 0 1 0 1 0 1 0 1 0 0 1 0 0 0 1 0 0 1 1 0 1 0 0 0 1 0 0 1 0 1 0 0 0 0 1 1 1 1 1 1 0 1 1 0 0 0 0 0 1 0 1 0 0 1 1 0	0 0 0 1 0 0 0 1 0 0 0 1 1 0 0 1 1 1 1 0 0 1 1 0 0 0 0 1 0 1 1 0 0 0 1 0 0 0 1 1 1 0 0 1 1 1 0 0 0 1 1 1 1 1 1 0 1 1 1 1 0 0 0 0 1 1 1 0 1 1 0 0 0 1 1 0 0 0 0 0 1 1 0 1 0 0 1 1 1 0 0 1 1 1 0 0 1 1 0 0
IND0144	1 0 1 0 1 1 0 0 0 0 1 0 1 0 0 1 0 1 1 1 0 0 1 0 1 1 1 0 1 0 1 1 1 0 1 0 0 1 0 1 0 1 0 0 1 0 0 1 0 0 0 1 0 0 1 0 1 0 1 0 1 0 1 0 0 0 1 1 0 1 1 0 1 1 0 0 1 1 1 0 0 0 0 0 1 1 0 0 1 0 1 0 1 1 1 0 0 0 0 0	0 0 1 0 0 1 0 1 0 0 0 0 1 0 1 0 0 0 0 0 0 1 0 0 0 0 1 0 1 0 0 1 0 0 0 0 0 1 0 1 0 0 1 1 0 0 1 0 0 1 1 1 1 0 0 1 0 0 0 1 0 1 1 1 1 0 1 0 0 0 1 1 1 0 0 1 0 1 1 0 1 0 1 1 0 1 0 1 1 1 0 0 0 1 0 0 1 1 0 0
IND0145	0 0 1 1 0 0 1 0 0 1 0 1 0 0 0 1 1 1 1 0 1 0 1 1 0 0 0 1 0 1 0 1 0 1 0 0 1 1 1 0 0 1 0 0 1 0 0 0 1 0 0 1 1 1 0 1 0 1 0 0 0 1 1 0 1 1 1 0 1 1 0 1 1 0 1 1 1 0 0 0 0 0 1 0 1 0 0 0 1 1 1 0 1 0 0 1 1 1 0 0	0 1 1 0 1 1 1 0 0 0 1 1 0 0 1 1 1 1 1 0 1 1 1 1 0 0 1 1 1 0 0 0 1 1 0 1 1 1 1 0 1 1 1 0 0 0 1 0 0 1 1 1 1 0 0 1 0 0 1 1 0 1 0 1 1 0 0 1 0 1 0 0 1 1 0 0 0 1 0 0 1 1 0 1 1 0 1 0 1 1 1 1 0 1 1 1 0 1 0 1
IND0146	1 0 0 0 0 1 1 1 1 1 0 1 0 1 0 0 0 0 1 1 0 1 0 1 1 0 1 0 0 1 0 0 1 1 1 1 0 1 1 1 1 1 0 1 1 0 1 0 0 1 0 0 1 0 0 0 0 1 1 0 1 1 0 0 1 0 1 0 1 0 1 1 1 0 1 0 0 0 1 1 0 1 1 0 0 1 1 0 0 1 1 0 1 0 0 0 1 0 1 0	1 1 1 0 0 0 1 1 1 0 0 1 0 1 0 1 0 0 0 1 0 1 1 0 0 0 0 1 1 0 0 0 0 1 1 0 1 0 0 1 1 1 1 1 1 0 0 0 0 0 1 1 1 1 0 1 0 0 1 1 1 1 1 1 0 0 1 0 0 1 1 0 1 0 1 1 0 0 0 0 0 0 1 1 1 1 0 0 1 0 0 1 1 0 1 0 0 0 0 0
IND0147	1 0 0 0 0 0 1 1 1 1 0 1 0 0 1 1 1 1 1 1 0 1 1 1 1 0 1 0 1 1 1 0 1 1 0 0 0 1 1 0 1 0 1 1 0 1 0 0 0 1 0 0 0 0 0 0 1 0 1 1 0 1 0 0 1 1 1 0 1 1 1 0 1 1 0 1 1 1 0 1 0 0 0 0 0 0 0 1 1 1 0 0 1 0 1 0 1 1 1 0	0 0 0 1 0 1 1 1 0 0 0 0 1 0 0 0 1 0 1 1 0 0 0 0 0 1 1 0 1 0 1 0 1 0 1 0 0 1 0 1 0 1 0 0 0 0 1 1 1 1 1 1 1 1 1 0 0 0 0 1 0 0 1 1 0 0 0 1 0 1 1 0 0 0 1 1 0 0 0 0 0 0 0 0 1 1 1 1 0 1 0 0 1 1 0 0 1 0 0 0
IND0148	0 1 1 0 0 0 1 1 1 0 1 0 0 1 0 1 1 0 0 1 1 1 0 1 1 0 0 1 0 0 0 1 0 1 1 0 1 1 0 1 1 1 0 0 0 1 0 1 0 1 1 1 0 1 0 1 0 0 0 1 0 0 0 1 1 1 1 1 1 0 0 0 0 0 1 0 1 0 1 1 1 0 0 1 1 1 1 0 1 0 0 1 1 0 1 1 1 1 1 0	0 1 1 0 1 1 1 1 1 0 1 1 1 0 0 1 1 0 0 1 1 1 1 0 0 1 1 1 0 1 0 0 0 0 1 1 0 1 0 1 1 0 1 1 1 1 1 1 0 1 1 1 1 0 1 1 0 1 0 1 0 0 0 1 0 1 1 1 1 0 0 0 1 1 1 1 0 0 1 0 1 0 1 0 0 1 1 1 0 0 1 1 1 1 1 1 1 1 1 1
IND0149	0 0 1 1 1 0 1 1 1 0 0 0 1 1 1 1 0 1 0 0 1 1 1 1 1 1 1 0 1 1 0 1 1 0 0 1 0 0 0 1 1 1 0 1 1 0 1 0 1 1 0 1 1 1 0 0 1 1 0 1 0 1 0 0 0 0 1 0 1 0 0 1 1 0 1 0 0 0 1 0 0 0 1 0 1 0 0 1 1 0 1 0 0 0 1 1 0 1 0 0	0 1 1 1 1 0 0 1 1 1 1 1 0 0 0 1 0 0 1 0 0 1 1 0 0 0 0 0 0 0 1 0 1 0 0 1 1 0 1 0 1 0 0 0 1 1 1 1 0 1 1 0 0 0 1 0 1 0 0 1 1 0 1 1 1 0 0 0 1 0 0 0 0 0 0 1 1 0 0 0 1 1 0 0 0 1 1 0 0 1 1 0 0 0 1 1 0 1 1 1
IND0150	1 1 0 0 1 1 1 0 1 1 0 0 0 1 0 1 0 0 1 0 1 0 1 1 1 0 0 1 1 0 0 1 1 1 0 0 0 0 1 0 0 0 0 1 0 1 1 0 0 1 1 0 0 1 1 1 0 0 1 0 1 0 1 0 1 1 1 1 1 0 0 0 0 0 1 0 1 0 1 0 0 1 0 1 1 1 1 0 0 0 1 0 0 1 0 0 1 1 1 1	1 1 0 0 0 0 0 1 0 0 0 1 0 1 0 0 0 0 1 0 1 0 1 1 1 0 0 1 0 0 0 1 1 1 1 1 1 1 0 1 0 0 1 0 0 0 1 0 0 0 1 0 1 1 0 1 1 1 1 0 0 1 0 0 1 1 1 0 0 1 0 1 0 0 1 0 1 0 1 0 0 1 1 1 1 0 1 0 1 0 1 1 0 0 1 1 0 1 1 0
IND0151	0 0 1 1 1 0 0 0 0 0 1 0 0 1 1 0 1 1 0 1 0 1 0 0 0 1 0 0 0 0 1 1 0 1 0 0 1 0 1 1 1 0 0 0 1 0 1 0 0 1 1 0 1 1 0 0 0 1 1 1 1 0 0 0 1 0 0 0 0 1 1 0 1 1 0 1 0 1 0 0 0 1 0 0 1 0 1 0 1 0 0 0 1 1 0 0 0 0 1 1	1 1 1 0 1 1 0 0 1 0 1 1 1 1 1 1 1 1 0 1 1 0 0 0 1 0 0 1 0 1 0 1 1 0 1 0 0 1 1 1 1 0 1 1 0 1 1 0 1 1 0 1 0 1 1 1 1 1 0 0 1 0 1 1 0 0 1 0 0 0 1 0 0 1 0 0 1 1 1 0 1 0 0 1 0 0 1 0 1 1 0 0 0 0 0 0 1 1 1 1
IND0152	1 1 0 1 1 1 1 1 1 0 1 1 1 0 0 0 0 1 1 1 0 0 0 0 0 0 1 1 0 0 1 0 0 0 0 1 0 1 1 1 0 0 1 0 0 0 1 1 0 0 1 0 1 0 0 0 1 1 0 0 0 0 1 0 1 1 1 1 0 1 1 0 1 1 0 0 1 0 1 0 0 0 1 0 1 0 1 1 0 1 1 1 0 1 1 0 1 1 1 1	1 0 1 1 0 1 0 1 0 0 0 0 0 1 0 0 0 1 1 0 0 0 0 0 0 1 0 0 0 1 0 0 1 1 0 1 0 0 1 1 1 0 1 1 0 1 1 1 0 1 0 1 0 1 0 0 1 0 1 0 1 1 0 0 0 0 1 1 0 1 1 0 0 0 1 0 1 1 1 0 0 1 0 0 0 1 1 0 0 1 0 1 1 1 1 0 0 1 1 0
IND0153	0 0 0 1 0 1 1 1 1 0 0 0 1 1 1 1 0 1 0 1 0 1 1 0 1 1 0 0 1 1 0 0 0 1 0 0 0 0 1 1 0 0 1 0 1 1 1 0 0 1 0 0 0 1 1 0 1 0 0 0 0 0 1 0 0 0 0 1 1 0 0 1 0 1 0 0 1 1 0 0 1 1 1 1 0 1 0 0 1 1 1 0 0 0 0 0 1 1 1 0	0 0 1 0 0 1 0 0 0 1 1 1 0 0 0 1 1 0 0 0 1 0 0 1 0 0 0 0 0 0 1 0 0 1 1 0 0 1 1 0 0 1 1 0 0 1 1 0 0 1 1 0 1 0 1 0 0 1 1 1 1 1 0 1 0 0 0 1 0 1 0 1 0 0 0 1 1 1 0 1 0 1 1 0 1 1 1 1 0 1 1 0 1 1 1 1 1 0 1 1
IND0154	1 1 1 0 0 0 1 0 0 0 0 1 1 0 1 0 0 1 0 0 1 1 0 0 1 0 1 1 1 0 0 0 0 0 1 1 0 0 1 1 0 0 0 0 1 1 1 0 1 1 0 1 1 1 0 0 1 0 1 1 0 0 0 0 0 1 1 1 1 1 0 1 0 0 0 1 1 1 0 1 1 0 1 0 0 0 0 1 1 0 1 0 1 1 0 0 0 1 1 0	0 1 0 1 0 1 1 1 1 0 1 1 1 0 0 1 0 1 1 1 0 0 0 1 0 1 1 1 1 1 1 0 0 0 0 1 1 0 0 1 1 0 0 1 1 0 0 1 1 1 0 0 0 1 0 1 0 0 1 0 1 0 0 1 1 0 1 0 1 1 1 0 1 1 1 0 0 1 1 1 1 1 0 1 0 1 0 0 1 1 1 0 1 1 0 0 1 1 0 1
IND0155	0 0 0 1 0 1 1 0 0 1 1 0 1 0 1 1 1 0 1 0 1 0 0 1 1 0 1 1 1 0 1 1 1 0 1 0 1 1 1 0 1 1 1 0 0 1 0 1 0 1 0 1 1 1 1 1 1 0 0 0 0 0 0 1 1 1 1 0 1 1 1 1 0 0 0 0 1 1 0 0 1 0 0 1 1 1 0 1 0 1 0 1 1 1 0 1 1 0 1 1	0 1 1 1 1 0 1 0 0 1 0 0 1 1 0 1 1 1 1 1 0 1 1 0 0 1 1 1 0 0 0 0 1 1 0 0 0 0 1 0 1 0 0 1 1 0 0 1 0 1 0 0 0 0 0 0 0 1 1 0 1 1 0 1 0 0 0 0 0 0 0 0 0 1 0 0 1 0 0 0 1 1 1 1 1 0 0 0 1 0 0 1 1 1 1 1 0 1 0 1
IND0156	1 1 0 0 1 0 0 1 1 0 1 0 0 0 1 0 0 1 0 1 0 1 0 1 0 1 1 0 1 0 0 1 0 0 1 0 1 1 0 0 0 1 0 0 0 0 0 1 0 0 1 1 1 0 0 0 0 0 1 0 1 0 0 0 1 0 1 0 0 0 0 0 1 0 0 0 0 1 1 0 0 0 1 1 1 1 1 1 0 1 1 1 1 1 0 0 1 0 1 0	0 0 0 0 0 0 1 1 1 1 1 1 0 1 1 1 1 0 0 1 1 0 1 1 1 1 0 0 1 1 1 1 1 1 1 1 1 1 0 1 1 0 1 1 0 0 1 1 1 0 0 1 1 0 1 1 0 1 0 1 1 0 0 0 1 0 0 0 1 1 0 0 0 0 0 0 0 1 0 0 0 1 1 0 0 0 1 1 1 1 1 1 0 0 1 1 0 1 1 0
IND0157	0 0 1 1 0 1 0 1 1 0 1 1 0 0 0 0 1 0 1 1 0 0 0 1 1 0 0 1 0 1 0 0 1 0 0 1 1 0 0 0 1 0 1 0 1 1 0 1 0 1 1 0 1 1 0 1 0 0 0 1 0 0 0 1 0 1 0 0 0 1 1 0 0 1 1 0 0 1 0 0 0 0 0 1 1 1 1 1 0 1 1 1 1 0 1 1 1 0 1 0	1 1 0 0 0 0 1 1 0 1 1 1 1 0 1 1 1 0 0 0 1 1 1 0 1 1 1 0 1 1 1 1 1 1 0 0 1 0 0 0 0 1 0 1 0 0 1 0 0 0 0 0 0 1 1 1 0 0 1 0 0 0 0 0 0 1 0 0 0 0 0 0 1 0 0 0 1 1 1 1 0 1 0 0 1 0 1 0 1 1 1 1 0 0 0 1 0 1 0 0
IND0158	1 0 0 0 0 1 1 1 1 0 0 0 0 0 0 0 1 1 1 0 0 1 0 1 1 0 1 0 0 1 0 0 0 1 1 1 1 1 1 1 0 0 1 0 1 0 0 0 0 1 1 0 0 1 0 0 0 1 0 1 1 0 0 1 0 1 1 0 1 1 1 0 0 1 1 0 0 1 0 0 1 1 1 1 0 1 0 0 0 0 1 0 0 0 1 1 1 0 1 1	1 0 1 1 1 0 0 1 1 0 1 0 0 1 1 0 1 1 1 1 1 1 0 1 1 1 0 0 1 0 1 1 0 0 0 1 0 1 0 1 1 1 1 0 1 0 0 1 1 0 0 0 1 1 0 0 0 1 1 1 0 0 1 0 1 1 0 1 0 0 0 0 0 1 1 1 0 0 0 1 0 1 0 0 1 1 1 1 1 1 1 0 1 0 1 1 1 1 1 0
IND0159	0 0 0 0 1 1 1 0 0 1 1 0 1 1 1 0 1 1 0 0 1 0 0 1 1 1 1 0 1 1 1 0 1 0 1 0 1 0 0 0 1 0 1 1 0 1 0 1 1 0 0 1 0 1 0 0 1 0 1 0 0 1 0 0 0 1 0 0 1 1 1 0 0 1 1 1 0 1 0 1 0 0 1 1 1 0 0 0 1 1 0 0 1 1 1 1 0 0 1 0	1 1 1 0 0 1 1 1 1 1 0 1 0 0 1 0 1 1 0 1 1 0 0 1 0 0 0 1 0 0 0 0 0 1 1 1 1 1 1 1 1 1 1 0 0 0 0 0 0 1 1 1 1 1 1 0 0 1 1 0 0 0 1 1 1 1 0 0 1 1 0 1 1 0 0 0 1 0 1 0 0 0 1 0 1 0 0 0 1 0 1 0 0 1 0 1 1 1 1 0
IND0160	1 0 0 0 0 0 1 1 0 1 1 0 0 1 1 1 1 0 0 1 0 0 1 0 0 1 1 1 0 1 1 0 0 0 1 1 1 0 1 1 0 1 0 1 0 0 0 0 0 0 1 1 0 0 1 1 0 1 0 1 1 1 0 0 0 1 0 1 0 0 1 0 0 0 1 1 1 1 1 1 1 0 1 1 0 0 0 1 0 1 1 1 1 1 0 1 0 0 0 0	1 0 0 0 1 0 1 1 0 0 1 0 0 0 0 1 1 1 0 1 0 0 1 1 0 1 0 1 1 0 0 1 1 0 1 0 0 0 0 1 1 0 1 0 1 1 1 0 0 0 1 0 0 0 0 0 0 1 1 0 0 1 0 0 1 1 1 1 1 1 0 1 1 0 0 0 1 1 1 1 1 0 1 0 1 0 1 0 0 1 0 1 1 0 1 0 0 1 1 0
IND0161	0 1 0 1 1 0 1 0 1 1 1 1 0 0 1 0 1 1 0 0 1 1 0 1 0 1 0 1 1 1 1 1 1 1 0 0 0 1 1 0 0 0 0 1 0 0 1 0 0 0 0 1 1 0 0 1 1 1 1 0 1 0 0 1 0 1 1 0 1 1 0 0 0 0 0 1 0 0 1 0 1 1 0 0 1 0 0 0 0 1 0 0 1 0 0 0 0 1 1 1	1 0 1 1 1 0 1 0 0 1 0 0 1 1 0 1 0 0 0 1 1 1 1 1 0 1 0 0 0 0 1 0 1 0 0 0 1 1 1 0 1 0 0 1 0 1 1 0 1 1 0 0 0 0 1 1 1 0 0 1 1 1 0 1 1 0 1 1 1 0 1 0 1 1 1 0 1 0 1 1 1 0 1 1 1 0 0 0 1 1 0 1 0 1 1 0 0 0 0 0
IND0162	1 1 0 0 0 1 0 1 0 1 0 0 1 0 0 1 0 0 1 0 0 0 1 1 0 1 1 1 0 1 1 0 1 1 0 1 0 1 0 1 0 1 0 1 0 1 0 0 0 1 0 0 0 0 1 0 1 1 1 0 1 1 1 1 1 0 0 0 0 0 0 1 0 0 0 1 1 0 0 1 1 1 1 1 0 1 0 0 0 0 1 1 1 0 0 1 0 1 0 0	1 1 1 1 0 1 0 0 0 1 1 1 0 0 0 0 1 1 0 0 0 1 0 1 1 0 1 1 0 0 0 1 1 0 0 0 0 0 1 1 0 1 0 1 1 1 1 1 0 0 0 0 1 1 1 1 0 1 0 1 0 1 0 1 1 0 1 0 1 0 1 1 1 1 0 1 0 0 0 0 1 1 1 0 0 0 0 1 0 1 1 0 0 1 0 0 1 1 0 0
IND0163	1 1 1 1 1 0 0 1 1 0 1 1 1 1 0 0 1 1 0 1 1 0 1 1 0 0 0 0 0 1 0 1 0 1 1 0 0 0 1 0 1 0 0 1 0 1 0 0 1 0 0 0 1 1 0 1 1 1 1 1 1 0 1 0 0 0 0 0 1 1 1 0 0 0 0 1 1 0 1 1 0 0 1 0 0 1 1 1 0 1 0 0 0 1 0 1 1 0 1 1	0 0 0 0 0 1 1 0 0 1 0 1 0 1 0 0 1 1 0 1 0 0 0 0 0 1 0 1 1 0 0 1 0 0 0 1 0 1 0 1 0 0 1 1 0 0 1 1 1 1 0 0 1 0 1 0 0 1 0 0 0 1 1 1 0 1 1 1 1 1 0 0 0 0 0 1 1 1 1 0 0 1 0 1 1 0 0 0 0 0 0 1 0 1 1 1 0 0 1 1
IND0164	0 1 1 0 1 1 0 0 0 0 1 0 1 0 0 1 1 1 1 1 1 1 1 1 1 0 0 1 0 0 1 0 1 0 0 0 1 1 0 0 1 0 1 1 0 1 0 0 1 1 1 1 1 1 0 0 1 0 0 1 0 0 0 1 0 0 1 0 1 1 0 1 0 0 0 0 0 0 1 0 0 0 1 1 0 1 1 1 1 0 0 0 1 1 1 1 1 0 0 0	1 1 1 0 0 0 0 0 1 0 0 0 0 1 0 1 1 1 1 0 0 0 1 0 0 0 0 1 0 1 1 0 0 1 1 1 1 1 1 1 0 0 0 1 0 0 1 1 0 1 0 0 0 0 0 1 0 0 0 1 1 0 1 0 1 0 1 0 0 0 1 1 1 0 0 0 0 1 0 0 1 0 1 0 0 1 0 1 1 1 0 1 0 1 0 0 0 0 1 0
IND0165	0 0 0 1 0 0 1 0 0 1 1 0 1 1 1 1 0 0 0 1 0 1 0 0 0 1 1 0 1 0 0 0 1 0 0 1 1 1 0 1 0 0 0 0 0 0 0 0 0 1 1 1 0 0 0 0 1 1 0 1 0 0 0 0 0 1 0 0 1 0 1 0 0 1 1 1 1 0 0 1 0 0 1 1 0 0 0 0 0 1 1 1 0 1 0 1 0 0 0 1	0 1 0 1 0 1 1 0 1 0 0 0 0 1 0 1 0 1 0 1 0 0 0 0 1 0 0 1 0 1 1 1 0 1 0 0 0 1 1 1 1 1 0 0 0 0 1 1 1 0 1 0 0 0 0 0 0 1 0 0 0 1 1 1 0 1 0 0 0 1 1 1 1 1 0 1 0 0 1 0 1 1 1 1 1 1 0 0 1 0 1 0 1 1 1 0 0 0 1 1
IND0166	1 1 1 1 1 0 0 1 1 0 0 0 0 0 0 0 1 0 0 1 0 1 1 1 0 0 0 1 0 0 1 0 1 0 1 0 1 1 1 0 0 1 1 1 0 0 0 0 0 1 0 0 0 1 0 1 0 1 0 0 0 0 0 1 0 1 0 1 1 0 1 0 1 1 1 1 1 1 1 0 0 1 0 0 1 1 1 1 0 1 1 0 1 1 1 1 0 0 0 0	1 0 0 0 0 0 1 1 0 0 0 1 1 0 1 1 1 1 0 1 1 1 0 0 1 1 0 1 1 1 1 1 1 1 1 1 0 1 1 0 0 1 0 1 0 0 0 1 1 1 0 1 1 1 1 0 1 0 1 0 1 0 0 1 0 0 1 1 0 0 0 0 1 1 1 0 0 0 0 0 1 1 1 1 1 1 0 1 0 1 1 1 0 0 0 0 1 1 0 1
IND0167	1 1 1 1 0 1 0 0 1 1 1 1 0 0 0 0 0 1 0 1 1 1 0 0 0 1 1 1 1 0 1 1 1 0 1 1 1 0 1 1 1 0 1 1 1 0 0 1 1 1 0 1 1 1 0 1 1 0 0 0 0 0 1 0 1 0 1 1 1 1 0 1 0 1 0 1 1 1 0 0 1 1 1 0 0 0 1 1 0 0 0 1 1 0 0 1 1 1 1 1	1 0 1 1 0 0 0 0 0 0 1 1 1 0 0 0 0 0 0 0 1 0 0 1 0 0 0 0 0 1 1 0 1 0 0 0 1 1 1 0 1 1 0 1 1 1 0 1 0 0 1 0 0 1 1 1 0 0 0 0 1 1 0 1 1 1 0 0 0 1 1 1 0 1 1 1 0 1 0 1 0 0 0 0 0 0 1 0 0 1 1 0 1 1 1 0 1 0 1 1
IND0168	0 0 0 1 0 1 0 1 0 1 1 0 1 1 1 0 0 1 1 0 0 1 1 1 1 1 0 1 1 0 1 1 0 1 1 0 0 0 0 1 1 1 0 1 0 1 0 0 0 1 1 0 0 0 0 1 1 0 1 0 0 0 1 1 0 1 1 0 1 1 1 0 0 0 0 1 0 0 1 0 1 1 1 0 0 0 0 1 0 0 0 1 0 0 1 1 1 0 1 1	1 1 1 0 0 1 1 0 0 1 0 0 1 1 0 1 0 1 1 1 0 0 0 1 1 1 0 1 0 0 1 0 0 0 0 0 1 0 1 1 1 0 0 1 1 0 1 1 1 1 0 1 0 1 1 0 1 1 0 1 0 0 0 0 0 1 0 1 0 1 0 1 0 0 0 0 1 1 0 1 0 1 1 1 0 0 1 0 0 0 0 0 1 1 0 0 1 0 1 0
IND0169	0 1 0 1 0 1 1 0 1 1 0 0 1 0 1 1 1 1 1 1 1 1 1 1 1 0 0 0 1 1 0 0 1 1 1 0 0 1 0 1 0 0 0 1 1 1 1 1 0 0 1 1 1 0 0 0 0 0 1 1 1 0 1 0 0 1 1 0 1 1 0 1 0 1 1 0 0 1 1 1 1 0 0 1 0 1 0 1 1 0 1 1 1 1 0 0 1 1 0 0	1 1 0 1 1 0 1 1 0 0 0 0 0 1 1 1 1 1 1 0 0 0 1 1 1 1 0 0 1 1 0 0 1 1 1 1 1 1 0 1 0 0 0 0 1 1 1 0 1 1 1 0 1 1 0 0 1 1 1 1 1 1 1 1 1 1 0 1 1 1 1 1 0 0 1 1 0 1 1 0 1 1 0 0 0 1 1 1 1 1 1 1 1 0 1 1 1 1 0 0
IND0170	0 0 1 0 1 0 1 0 1 1 1 0 0 0 0 0 0 0 0 0 0 0 0 0 0 0 1 0 1 1 1 0 1 0 0 0 1 0 0 0 0 0 0 1 0 1 0 0 1 1 0 0 1 1 1 1 1 0 0 0 0 1 0 0 0 1 0 1 1 0 1 0 0 1 0 1 0 1 0 0 1 1 1 1 0 1 0 0 1 1 0 0 1 1 1 1 0 1 0 1	1 0 0 1 0 1 1 0 1 0 1 1 0 0 0 0 1 1 0 0 0 1 1 0 0 1 0 1 1 1 0 0 0 1 0 1 1 0 1 0 0 0 1 1 1 0 1 0 1 1 1 0 0 0 1 1 0 1 1 0 1 1 1 0 1 1 1 0 0 0 0 1 0 0 1 1 1 0 0 1 1 0 0 0 1 1 0 0 0 0 0 1 0 1 1 0 0 0 0 0
IND0171	0 1 0 0 0 1 0 0 1 0 1 0 1 1 1 1 1 0 1 0 0 1 0 0 0 0 0 1 1 0 1 0 0 0 1 1 1 0 0 0 1 1 0 1 1 0 0 1 1 1 1 1 0 1 1 1 0 1 0 0 0 0 1 1 1 0 1 1 0 1 0 0 1 0 0 1 0 1 0 0 0 0 0 0 1 0 0 0 0 1 1 1 1 1 1 1 1 0 1 0	1 0 1 0 0 1 0 0 0 1 0 1 1 1 0 0 1 1 1 1 1 0 1 1 1 0 0 0 1 1 0 0 1 1 1 1 0 1 0 0 1 0 0 1 0 1 0 1 0 0 1 0 1 1 0 0 0 0 0 1 1 0 0 0 0 0 1 1 0 0 1 1 1 1 0 0 1 1 1 1 1 1 0 0 1 1 1 1 1 1 0 1 1 1 0 1 1 1 0 0
IND0172	0 0 1 0 1 1 0 1 1 1 0 1 0 1 0 0 1 0 1 0 0 1 1 1 0 0 1 1 0 1 1 1 1 0 1 1 0 0 0 1 1 0 0 1 1 1 0 0 1 0 0 1 1 1 1 0 0 1 1 1 0 0 0 1 1 1 0 1 1 1 0 1 0 0 0 1 1 1 1 1 1 1 0 0 0 1 0 1 1 1 1 0 1 0 0 0 0 0 0 0	0 0 1 1 0 1 0 1 1 1 1 1 0 0 0 1 0 1 0 0 1 1 0 0 1 0 0 0 1 0 1 1 0 1 1 1 0 0 0 0 1 1 0 1 0 0 1 1 0 1 1 0 1 0 1 1 0 0 1 1 0 1 1 0 0 0 0 0 1 1 1 1 1 1 0 1 1 1 0 0 1 1 0 0 1 0 0 0 1 0 1 1 0 1 1 0 1 1 1 0
IND0173	1 0 0 1 0 0 0 1 0 0 0 0 1 0 0 0 0 1 0 1 1 0 0 0 1 1 1 0 1 1 0 0 0 0 1 1 0 1 1 1 0 0 1 0 1 1 1 1 0 1 0 1 0 1 1 1 1 0 0 0 1 1 1 1 0 0 0 0 0 1 1 1 1 1 1 0 1 1 0 0 1 1 0 1 0 0 1 1 1 1 0 0 0 1 0 1 1 0 0 0	0 1 0 0 0 0 0 0 1 1 1 0 1 1 0 1 0 0 1 1 1 1 0 0 0 1 1 1 0 1 1 1 1 0 1 1 1 1 0 0 1 1 1 0 0 1 0 1 1 1 0 1 0 1 1 0 0 0 1 1 0 1 1 1 1 1 0 1 0 1 0 0 1 1 0 1 0 1 1 1 0 0 0 1 1 0 1 0 1 1 0 1 0 1 1 1 0 0 1 0
IND0174	0 0 1 1 0 1 0 1 0 1 0 0 1 0 0 0 0 1 1 1 1 0 0 1 1 1 0 0 0 1 0 1 1 0 0 1 0 1 0 0 0 1 1 1 0 1 1 0 0 0 1 0 0 1 0 0 1 0 0 0 0 0 0 0 1 0 1 1 1 1 1 0 0 0 1 1 1 1 0 1 0 1 1 1 1 0 0 0 1 0 1 1 0 1 0 1 1 1 0 0	0 0 1 0 1 0 0 1 0 0 0 0 1 1 1 0 0 1 1 0 0 1 0 0 0 0 1 0 1 0 0 0 1 0 0 0 0 1 1 1 0 1 0 1 0 0 0 1 1 0 0 1 0 0 0 0 1 1 1 1 0 1 1 1 0 0 0 0 1 0 0 1 1 0 1 0 1 0 0 1 1 1 0 1 1 0 0 1 1 1 0 1 0 1 1 1 0 0 0 0
IND0175	1 1 0 0 0 0 1 1 0 1 0 0 1 1 1 1 1 1 0 1 0 1 1 1 1 0 1 0 0 1 1 0 0 0 0 1 1 0 1 1 1 0 1 0 0 1 0 1 1 1 1 0 1 1 1 0 0 1 0 0 0 1 0 1 0 0 0 1 0 1 0 0 0 0 0 1 1 1 1 1 1 0 1 1 0 1 1 1 1 1 0 0 1 1 0 0 0 1 0 1	1 0 1 1 1 0 1 0 1 1 1 0 1 0 0 0 0 1 0 0 1 1 0 0 1 1 1 0 1 0 1 1 1 1 0 1 1 0 1 0 0 1 1 1 0 0 0 0 0 1 1 0 1 1 1 0 0 0 1 1 0 0 1 0 0 1 0 0 1 1 1 0 1 1 0 1 0 1 1 0 0 0 0 1 1 1 0 1 0 0 1 1 0 0 1 0 1 1 0 0
IND0176	1 0 1 1 1 0 1 1 0 1 1 1 1 1 1 0 0 1 0 1 0 1 0 1 1 0 0 0 0 1 1 1 0 1 0 1 0 1 0 0 1 1 0 1 0 1 1 1 1 1 1 1 1 0 1 1 1 0 0 1 0 0 0 0 1 0 1 0 0 1 0 1 0 1 1 0 1 0 0 0 1 1 1 1 1 0 1 0 0 1 0 0 0 1 1 1 1 0 0 0	1 1 1 0 0 0 0 0 1 0 1 1 1 0 0 1 1 0 0 0 1 1 1 0 1 0 1 1 0 0 0 1 0 1 0 1 1 1 0 0 1 1 0 1 1 0 0 0 1 0 0 1 1 0 1 1 0 1 0 0 0 0 1 1 1 0 1 1 1 0 1 1 0 1 0 0 0 1 0 0 0 0 1 1 1 1 1 1 1 0 1 0 1 0 0 0 0 1 1 0
IND0177	1 1 0 1 1 1 0 0 1 1 1 1 0 0 1 1 1 1 0 0 1 0 1 1 0 1 1 0 0 0 0 1 0 1 1 1 0 0 1 0 1 0 1 0 1 0 1 0 1 1 0 0 0 1 1 0 1 1 1 1 0 0 0 0 0 0 1 1 0 0 1 1 0 0 0 0 0 1 0 0 1 1 0 0 0 1 1 1 1 0 0 0 1 1 0 0 1 1 0 1	0 0 0 1 1 1 0 0 1 1 1 0 1 0 1 1 0 0 1 0 1 0 0 1 1 0 1 0 1 0 0 1 0 1 1 0 1 1 0 1 0 1 1 1 0 1 0 1 1 1 0 0 1 1 1 1 1 0 1 1 0 0 1 0 0 1 0 1 0 1 1 1 1 0 1 1 0 0 1 1 1 0 1 1 1 0 0 1 1 0 1 0 0 0 1 1 0 0 0 0
IND0178	1 0 0 1 1 1 0 1 0 0 0 0 1 0 1 1 1 0 0 0 0 0 0 0 1 0 1 0 1 1 1 0 1 1 1 1 0 1 1 1 0 1 0 1 1 0 1 0 0 0 1 0 1 0 1 0 0 1 0 1 1 0 1 1 1 1 1 0 0 1 0 1 1 1 0 0 0 1 1 0 0 1 0 0 0 0 1 0 1 0 0 1 1 0 0 0 1 0 1 0	0 0 1 0 1 1 1 0 0 0 1 0 1 0 0 0 1 0 1 0 1 1 1 1 1 1 1 0 1 1 1 1 1 0 1 1 1 0 1 0 1 0 0 0 0 1 1 1 0 0 1 1 0 1 0 0 0 0 0 0 1 1 0 1 0 1 1 0 1 0 1 1 0 1 0 0 0 0 1 1 1 1 1 0 1 0 0 0 0 0 1 1 1 1 1 0 0 1 1 1
IND0179	1 1 0 1 0 0 0 0 0 0 0 1 1 0 1 1 0 1 0 1 0 0 0 0 0 0 1 0 0 1 0 1 0 0 1 0 0 0 0 1 0 1 0 0 0 0 1 0 0 1 0 0 0 1 0 1 1 1 0 1 0 0 0 1 1 1 0 0 0 1 0 1 0 1 0 0 1 0 0 0 1 0 0 1 1 1 0 0 0 0 0 0 1 1 0 1 1 0 0 1	0 0 1 0 0 1 1 1 0 0 1 1 0 0 1 0 1 1 1 1 1 1 0 1 0 1 1 0 1 0 1 0 0 0 1 1 1 1 0 0 1 1 1 1 0 1 0 1 1 0 1 1 1 1 0 0 1 0 0 1 0 0 0 1 1 0 1 0 1 0 1 0 1 0 1 1 1 1 0 0 1 1 1 1 0 0 1 0 1 0 0 0 0 1 1 0 1 0 1 1
IND0180	0 0 1 0 0 0 0 1 1 1 0 0 1 1 0 0 1 0 0 0 0 0 0 0 0 1 0 0 0 0 0 0 0 1 0 1 0 1 1 1 0 0 0 0 1 0 1 0 1 1 1 1 1 0 0 1 1 1 0 0 0 0 1 1 1 0 0 0 1 0 1 0 0 0 0 1 1 1 0 1 1 0 1 0 0 1 0 1 1 0 1 0 1 0 0 0 1 0 0 1	0 0 0 1 0 0 0 1 0 0 0 0 1 1 1 0 0 0 0 1 0 0 0 0 0 1 0 1 0 0 0 1 0 1 0 0 1 1 0 1 0 1 1 1 0 0 0 1 0 1 1 0 0 1 0 1 1 1 0 0 0 0 1 0 0 1 1 0 0 1 0 1 0 0 1 0 1 1 1 1 1 1 1 0 1 1 0 1 0 0 1 0 1 0 0 0 1 1 0 1
IND0181	1 0 1 0 0 1 0 0 1 0 1 1 1 1 1 0 1 1 1 0 1 0 1 1 0 0 1 0 0 0 1 1 0 0 0 0 0 0 0 0 0 0 0 0 0 0 1 1 0 0 0 0 0 1 1 1 0 1 1 1 0 1 0 0 0 0 1 0 1 1 0 0 0 1 0 1 1 1 0 1 0 1 0 0 0 0 0 1 1 0 1 1 1 1 1 0 1 0 0 0	1 0 0 1 0 1 1 0 0 0 0 1 1 0 1 0 1 0 0 0 0 1 1 1 1 1 0 0 0 0 1 1 1 0 0 0 1 0 1 1 1 0 1 1 0 1 0 1 1 1 1 0 0 0 0 1 1 0 0 1 0 1 1 1 0 1 1 0 1 0 0 0 0 1 1 1 1 1 0 0 1 1 0 0 0 1 1 0 1 0 0 1 0 1 0 1 0 1 1 0
IND0182	0 1 1 1 1 0 1 1 0 0 1 0 1 1 1 0 1 0 0 0 1 1 0 0 0 0 1 0 1 0 1 1 1 0 0 0 1 0 0 1 0 1 1 1 0 0 0 0 1 0 1 0 0 0 1 1 0 1 0 0 1 0 0 1 0 0 1 0 0 1 1 0 0 0 0 1 0 0 0 0 1 1 1 1 0 1 0 1 0 0 0 0 1 1 1 0 1 0 1 1	1 1 0 1 0 0 0 0 0 1 1 1 1 0 1 1 0 1 0 1 0 0 1 0 1 1 1 1 0 1 1 1 0 1 0 1 0 0 0 1 1 1 0 0 0 0 1 0 0 1 1 0 1 0 1 1 0 1 0 1 0 0 1 1 1 0 0 0 0 0 1 0 1 0 1 1 1 0 0 1 1 0 0 1 1 0 0 1 1 1 0 1 0 0 1 1 0 1 0 1
IND0183	0 1 1 0 1 1 1 0 1 0 1 1 1 1 0 0 0 0 1 1 0 0 0 0 0 0 0 1 1 1 0 0 1 0 1 0 0 1 1 0 1 1 1 1 1 0 1 0 1 1 1 0 0 1 1 0 1 0 0 1 0 0 0 0 0 0 0 0 0 1 1 1 0 0 0 0 0 0 0 1 0 1 1 0 0 0 0 1 1 1 0 1 1 0 0 1 1 0 0 0	0 0 0 0 0 0 1 0 0 1 1 1 0 0 0 0 1 0 0 0 0 1 0 0 1 0 1 0 1 0 1 0 0 1 0 0 0 1 0 0 1 1 1 0 0 1 0 0 0 1 0 0 1 0 0 0 1 1 0 0 0 1 1 0 1 0 1 1 0 0 1 1 1 0 0 0 1 0 0 1 1 1 0 0 1 1 0 1 0 1 1 1 0 0 1 1 0 0 1 0
IND0184	1 1 1 1 1 1 1 0 1 0 1 0 0 0 1 1 1 0 0 0 0 1 0 1 1 0 0 1 1 0 1 1 0 0 0 0 1 1 0 1 1 0 0 0 0 1 1 0 0 0 0 1 1 1 1 1 1 1 1 1 1 1 0 1 1 1 0 1 1 0 1 1 1 1 0 0 0 0 0 0 0 0 1 0 1 1 0 1 1 0 1 1 1 0 1 0 0 1 1 0	1 0 0 0 1 1 1 0 0 0 1 0 1 1 1 0 1 1 0 0 0 1 0 1 0 1 1 1 0 1 1 0 1 0 1 0 0 0 1 1 0 1 1 0 0 0 0 0 0 0 0 0 0 1 1 0 0 1 1 0 1 1 0 0 1 0 1 0 0 1 0 1 1 0 1 0 1 0 1 0 1 0 0 0 0 1 0 0 1 1 1 0 1 1 0 0 1 1 1 1
IND0185	1 0 0 1 1 0 1 1 1 0 1 0 1 1 1 0 1 1 1 0 0 0 1 1 0 0 1 1 0 1 0 0 0 1 1 1 0 0 0 0 0 1 1 0 1 0 0 1 0 1 1 0 0 1 0 0 0 1 0 1 0 0 0 0 0 1 0 1 1 1 1 1 0 0 0 0 0 1 0 1 0 1 1 1 0 0 1 0 0 0 0 1 0 1 0 0 1 0 0 0	0 1 0 0 0 1 1 0 1 0 1 1 1 0 0 0 0 1 0 0 1 0 1 1 0 0 0 0 1 1 0 0 0 1 0 1 1 1 1 0 0 0 0 0 1 0 0 0 0 1 1 1 0 0 0 1 1 0 0 1 1 0 0 0 0 1 1 0 0 0 1 1 0 0 0 0 0 0 0 0 1 1 1 0 0 0 1 0 1 1 0 1 0 0 1 1 1 0 0 0
IND0186	1 0 1 1 0 0 1 0 0 0 0 1 1 0 0 0 1 0 0 0 1 1 1 0 0 1 1 1 1 0 1 1 0 1 1 0 1 0 1 0 0 0 1 1 1 1 0 1 1 0 1 1 0 1 0 1 1 1 0 1 1 0 1 1 0 0 0 1 1 1 0 0 1 1 0 1 1 0 1 0 0 1 0 0 0 1 1 0 0 0 0 0 1 0 0 1 1 0 0 0	1 0 0 0 1 1 0 1 1 0 1 1 0 1 0 0 1 1 0 1 1 1 0 1 0 1 1 1 0 1 1 1 0 0 0 0 0 1 1 1 0 0 0 0 1 0 1 1 1 0 1 1 0 0 0 1 0 0 0 1 0 1 1 1 1 0 0 0 0 1 0 1 0 0 0 0 1 0 1 1 0 0 1 1 1 0 0 1 1 0 1 0 1 1 0 1 1 1 1 0
IND0187	1 0 1 1 1 1 0 1 1 0 0 0 0 0 0 0 1 1 0 0 0 1 0 0 1 1 0 0 1 0 1 1 0 1 0 0 1 1 0 0 1 1 0 1 1 1 1 1 1 0 1 1 1 1 0 0 0 0 1 0 1 1 1 1 1 0 0 1 0 1 0 0 1 0 1 1 0 1 1 0 0 0 1 0 1 1 0 1 0 0 1 0 0 1 1 1 0 1 1 0	1 1 1 1 0 0 1 1 0 0 1 0 1 1 0 0 0 1 0 0 0 1 1 1 0 0 0 1 1 1 0 1 1 0 0 0 0 0 0 0 0 1 1 0 0 1 1 1 1 1 0 1 1 0 1 1 0 1 0 0 0 0 0 0 1 0 0 0 1 0 1 1 1 0 1 0 1 0 1 0 1 0 0 1 0 1 0 1 0 1 1 1 0 0 0 1 1 0 0 0
IND0188	0 1 0 0 1 0 0 1 1 0 0 1 1 0 0 0 0 0 1 0 1 0 0 1 1 0 1 1 0 0 1 1 1 0 0 1 1 1 1 1 1 1 0 0 1 0 0 0 0 0 0 0 1 0 1 0 0 1 1 0 1 1 1 1 1 0 1 1 0 0 1 1 1 0 0 0 1 1 0 1 1 1 1 0 1 0 0 0 1 0 0 1 0 0 0 0 0 0 0 1	1 0 0 0 0 1 1 0 0 0 1 1 1 1 1 0 0 0 0 1 0 1 1 1 1 0 0 1 0 1 0 0 1 0 1 0 1 1 0 0 1 0 0 1 0 0 1 0 1 0 1 0 0 1 0 0 0 0 0 1 0 1 1 0 0 1 0 0 0 1 1 0 1 1 1 0 1 0 1 0 1 0 1 1 1 0 1 1 0 0 0 1 1 1 1 0 0 1 0 0
IND0189	0 0 1 1 0 0 1 0 0 0 0 1 0 1 1 1 1 1 0 1 0 1 1 1 1 1 0 0 0 1 0 1 1 1 1 0 1 0 1 0 0 0 1 0 0 1 1 0 0 1 0 1 0 1 1 1 1 1 0 0 1 0 0 1 0 1 1 1 0 1 0 1 1 0 1 0 1 1 1 0 0 1 0 1 1 1 1 0 0 1 1 1 0 0 1 1 1 0 1 1	0 0 1 0 0 1 0 0 1 0 1 1 0 1 0 1 0 0 0 0 0 1 0 1 1 1 0 0 0 0 1 0 1 0 0 1 1 0 1 0 0 0 1 0 1 1 1 0 1 0 0 0 1 1 1 0 1 1 0 1 0 1 0 1 0 0 1 1 0 1 0 0 1 1 1 0 1 1 0 0 1 0 0 1 0 1 0 0 0 1 0 1 0 1 0 1 1 1 1 0
IND0190	1 0 1 0 1 0 1 1 0 1 1 0 0 1 0 1 0 1 1 0 0 1 0 0 0 0 0 1 1 1 1 0 1 0 0 0 1 1 0 1 1 0 1 0 0 1 0 0 1 1 1 1 1 0 0 0 0 0 0 1 1 1 1 1 1 1 0 1 0 0 0 1 1 0 1 1 0 1 1 0 0 1 1 1 0 1 0 0 1 0 1 0 1 1 1 0 1 1 0 0	0 0 0 1 0 0 1 0 1 0 1 0 1 1 1 1 1 0 0 1 0 1 0 0 0 0 1 0 0 1 0 0 0 0 0 0 1 1 0 0 1 0 1 1 1 1 1 0 0 0 1 0 1 0 0 0 1 1 1 0 1 0 1 1 0 1 0 1 0 1 1 0 1 1 1 1 0 1 0 0 0 0 0 1 0 1 1 0 0 0 1 1 1 0 1 0 0 0 1 1
IND0191	0 1 0 1 0 0 0 0 0 1 1 1 1 1 0 1 1 1 0 1 0 0 0 1 1 0 1 1 1 0 0 1 1 1 1 0 0 1 0 1 0 1 1 0 0 1 1 0 0 1 1 1 1 1 1 1 0 0 1 1 1 1 1 0 1 1 1 1 0 0 0 1 0 1 0 1 0 1 1 1 1 0 1 1 0 1 0 1 0 0 0 1 0 0 1 1 0 0 0 1	1 0 1 0 0 0 0 1 0 1 1 1 1 1 1 1 0 1 1 0 0 0 1 0 1 0 0 1 0 1 0 0 1 1 0 0 1 1 1 1 1 1 0 1 0 0 0 1 0 0 0 1 0 1 0 0 0 1 1 1 0 1 1 1 0 0 1 0 1 1 0 1 0 1 1 1 0 1 0 1 1 0 1 1 1 1 0 1 0 0 1 0 0 0 0 0 0 1 0 1
IND0192	0 1 0 0 1 0 1 1 0 1 0 1 0 1 1 1 1 0 0 1 0 0 0 1 1 0 1 0 0 1 1 0 0 1 0 1 0 1 0 1 1 0 1 1 0 0 0 0 0 1 1 0 1 1 1 1 1 0 1 0 1 0 0 1 0 1 0 1 0 0 0 0 1 1 0 0 1 0 0 0 0 0 1 1 1 0 0 0 1 1 1 0 1 1 0 1 0 1 1 0	1 1 0 1 0 0 1 0 1 1 1 1 0 0 0 1 1 1 0 1 0 0 1 0 0 1 1 1 0 0 0 1 1 0 0 1 1 0 0 0 1 0 0 0 1 1 1 1 1 1 0 0 1 0 1 1 1 0 1 0 0 1 0 0 0 1 1 0 0 0 0 1 1 0 1 0 1 1 1 1 0 1 1 0 1 0 0 1 0 0 0 1 0 1 1 1 1 0 1 0
IND0193	1 1 0 1 0 0 0 1 0 0 1 0 1 1 0 0 1 1 0 1 1 1 1 0 1 1 1 0 0 1 1 0 1 0 0 0 0 1 1 1 0 1 0 1 0 0 1 1 0 1 0 0 0 0 1 1 0 1 1 0 0 0 1 0 0 1 1 1 0 1 1 0 0 0 1 1 1 0 1 0 0 0 0 0 0 0 1 0 1 0 1 1 0 1 1 0 0 0 0 1	1 1 0 1 0 0 0 1 0 0 1 1 1 1 0 0 1 0 0 0 0 0 1 0 1 1 0 0 0 1 0 0 0 1 0 0 1 0 1 0 1 0 0 0 0 1 0 0 1 0 1 1 1 1 0 1 1 1 1 0 1 0 0 0 1 1 1 0 0 1 1 1 0 1 1 0 0 1 1 1 0 0 0 1 0 0 0 1 1 0 1 1 0 0 1 0 0 1 1 0
IND0194	0 1 1 0 0 1 1 1 1 1 1 0 1 1 0 0 0 1 1 0 0 1 0 1 0 1 1 1 0 1 1 1 1 1 1 0 1 1 1 1 0 1 0 1 0 0 0 1 0 0 0 1 1 0 1 0 0 0 1 1 1 1 0 0 0 0 0 0 0 0 1 0 1 0 1 1 1 0 0 1 1 1 1 0 0 0 0 1 1 0 0 0 1 0 0 1 1 0 1 1	1 0 1 0 0 1 0 0 1 1 1 0 0 1 1 0 1 0 0 1 1 0 1 1 1 1 1 0 0 1 0 1 0 1 0 0 0 0 0 0 0 0 1 0 1 1 0 0 1 0 1 1 1 0 0 0 1 1 0 1 1 1 1 1 0 0 0 0 1 0 1 1 0 0 1 0 1 0 0 1 1 1 0 1 1 1 1 1 0 0 1 0 1 1 0 0 0 1 0 0
IND0195	1 1 1 0 0 1 1 1 1 0 1 0 0 1 1 1 1 0 0 1 0 1 1 1 0 0 0 0 0 0 0 0 0 0 1 0 1 1 1 0 0 0 1 1 0 0 0 1 1 1 1 1 0 1 0 0 0 0 1 1 0 1 1 1 0 0 0 1 0 1 1 0 1 0 0 1 0 1 0 1 1 1 1 1 1 0 0 0 0 1 1 1 1 0 1 0 0 1 1 0	1 0 0 0 1 0 0 0 0 1 0 1 0 1 0 1 0 1 0 0 0 1 0 1 0 1 1 1 0 0 0 0 0 0 1 0 0 1 0 1 1 0 1 1 1 1 1 1 0 1 1 1 1 1 1 0 1 0 0 1 1 1 0 1 0 1 0 0 0 1 1 0 0 0 0 0 1 0 0 1 0 0 1 1 0 1 1 1 1 1 1 0 1 1 1 1 1 1 1 0
IND0196	1 0 0 1 1 0 1 0 1 0 0 1 1 0 0 0 1 1 1 1 1 0 0 1 1 1 1 1 0 1 0 0 1 0 1 0 1 0 1 0 1 1 1 1 1 0 1 1 1 1 1 1 0 1 1 0 0 0 1 0 0 0 1 1 0 0 0 1 0 1 0 1 0 0 1 0 1 1 1 0 1 0 0 1 1 1 1 0 0 1 1 1 1 1 1 0 1 1 0 1	1 1 1 1 0 1 0 1 1 0 1 0 0 0 1 0 0 1 1 0 0 0 0 0 0 1 0 1 0 0 1 0 0 1 1 1 0 0 0 1 1 0 0 0 0 1 1 1 0 0 1 0 0 0 1 1 1 1 1 0 1 1 0 1 1 1 0 0 1 0 1 1 0 0 1 1 0 0 1 0 1 0 0 0 1 1 1 1 0 1 0 1 0 1 1 1 0 0 0 1
IND0197	1 1 1 1 0 0 0 0 1 0 1 0 1 0 0 0 0 1 0 1 0 1 0 0 1 0 0 0 1 0 0 0 0 1 1 0 1 1 0 0 0 1 0 0 0 1 0 1 1 1 1 0 0 1 0 0 1 1 1 0 1 0 0 0 0 0 0 0 1 1 0 1 1 0 1 0 1 1 1 1 1 0 1 0 1 1 1 1 1 0 0 1 1 0 0 0 0 1 0 0	0 1 0 0 0 1 1 1 1 1 0 0 0 0 1 1 0 0 0 1 1 0 1 0 1 1 0 1 0 1 0 0 1 0 1 0 1 1 0 1 1 0 1 0 0 1 0 0 1 1 0 0 1 1 1 0 0 0 1 1 1 1 0 0 1 1 1 1 1 0 1 0 0 0 1 0 1 1 0 0 1 0 0 1 0 1 0 1 0 0 1 0 0 1 0 1 0 0 0 1
IND0198	0 1 1 1 1 1 1 0 1 1 1 0 1 0 1 1 1 0 1 0 0 1 1 0 1 1 0 0 0 0 1 0 1 0 0 0 0 0 0 1 0 1 0 0 1 0 0 1 0 1 0 1 1 0 0 1 1 1 1 1 0 0 1 0 0 1 1 1 1 0 0 0 1 1 1 0 1 0 0 0 0 0 0 1 0 0 1 0 1 1 0 1 1 0 1 0 0 0 0 0	0 0 0 0 1 0 1 1 1 0 1 0 1 1 0 1 1 1 1 1 1 0 0 1 0 1 1 1 0 0 1 0 0 1 0 1 0 1 0 1 0 0 0 0 0 1 1 1 1 1 0 1 0 0 1 0 0 0 1 1 1 1 1 1 0 1 1 1 1 1 1 1 0 0 0 0 1 0 1 1 0 0 1 1 0 0 1 1 1 1 1 0 1 0 1 1 0 0 1 1
IND0199	0 0 1 0 0 1 1 1 1 0 1 0 1 1 1 1 1 1 0 0 0 1 0 0 0 0 0 1 0 1 0 0 1 0 0 1 1 0 0 0 1 1 1 0 0 0 0 0 0 1 0 0 1 1 0 0 0 1 1 0 0 1 0 1 0 1 1 0 0 0 0 0 1 0 0 1 0 0 0 0 1 1 0 0 1 0 0 0 0 0 1 0 0 1 0 0 0 0 0 1	0 1 1 1 0 0 0 0 0 1 1 0 0 0 0 1 1 0 0 1 0 0 0 1 0 1 1 1 1 0 0 1 1 0 1 1 1 1 1 1 0 1 1 0 1 1 1 1 1 1 0 1 1 0 1 0 0 0 0 1 0 1 1 0 1 1 1 0 0 0 1 0 0 1 1 1 0 0 1 0 0 0 1 0 1 1 0 1 1 0 0 1 0 0 1 0 0 1 1 0
IND0200	0 1 1 0 0 1 1 1 0 0 1 0 1 1 0 0 1 1 0 0 1 1 0 0 0 1 1 1 1 0 1 0 1 1 1 1 0 0 1 1 1 1 1 1 1 1 1 1 1 0 1 0 0 0 1 1 1 0 0 1 0 0 1 1 0 1 1 0 0 1 0 1 0 0 1 1 0 1 1 1 0 1 1 1 1 1 0 0 0 1 1 1 0 1 1 1 1 0 0 1	0 0 0 1 1 0 0 1 1 0 0 1 1 0 0 0 1 0 1 1 1 1 0 1 1 0 1 0 1 0 0 1 1 1 0 0 0 0 1 0 1 0 1 0 1 1 1 0 0 0 1 1 1 0 1 1 1 1 1 1 0 0 1 1 1 0 0 1 1 1 0 1 0 1 1 0 1 0 0 1 0 1 1 1 1 0 1 1 1 0 0 0 0 0 0 0 0 0 1 1
