ID	hap_1_1	hap_1_1	hap_1_2	hap_1_2	hap_2_1	hap_2_1	hap_2_2	hap_2_2	hap_3_1	hap_3_1	hap_3_2	hap_3_2	hap_4_1	hap_4_1	hap_4_2	hap_4_2	hap_5_1	hap_5_1	hap_5_2	hap_5_2	hap_6_1	hap_6_1	hap_6_2	hap_6_2	hap_7_1	hap_7_1	hap_7_2	hap_7_2	hap_8_1	hap_8_1	hap_8_2	hap_8_2	hap_9_1	hap_9_1	hap_9_2	hap_9_2	hap_10_1	hap_10_1	hap_10_2	hap_10_2
IND001	1	1	2	2	1	2	2	1	1	1	1	1	2	1	1	1	2	1	1	2	1	1	1	2	1	1	1	2	1	1	1	2	1	1	1	1	1	1	2	1
IND002	1	2	2	2	2	1	2	1	1	1	1	1	1	1	1	1	2	1	1	1	2	1	1	2	1	1	1	2	2	1	1	2	1	1	1	1	2	1	2	1
IND003	1	2	2	1	1	2	2	1	1	1	1	1	1	2	1	1	1	1	1	1	2	1	2	2	1	2	1	2	1	2	1	2	1	1	1	1	2	1	2	1
IND004	1	1	2	2	2	2	2	1	1	1	1	2	1	1	1	1	1	1	1	2	2	1	1	1	1	2	1	2	1	1	1	2	1	1	1	1	2	1	2	1
IND005	1	2	2	1	1	2	2	1	1	1	1	1	2	2	1	1	1	1	1	1	1	1	2	1	1	2	1	2	2	2	1	2	1	1	1	1	2	1	2	1
IND006	1	2	2	1	1	2	2	1	1	1	1	2	1	1	1	1	2	1	1	1	2	1	2	2	1	2	1	2	2	2	1	2	1	1	1	1	2	1	2	1
IND007	1	2	2	2	2	2	2	1	1	1	1	1	2	1	1	1	2	1	1	2	2	1	2	2	1	1	1	2	1	2	1	2	1	1	1	1	1	1	2	1
IND008	1	1	2	2	1	2	2	1	1	1	1	2	1	1	1	1	1	1	1	1	2	1	1	2	1	2	1	2	1	2	1	2	1	1	1	1	1	1	2	1
IND009	1	1	2	1	1	1	2	1	1	1	1	2	2	1	1	1	1	1	1	2	1	1	1	2	1	2	1	2	2	2	1	2	1	1	1	1	1	1	2	1
IND010	1	1	2	1	1	2	2	1	1	1	1	1	2	1	1	1	1	1	1	2	1	1	1	2	1	1	1	2	1	1	1	2	1	1	1	1	1	1	2	1
IND011	1	2	2	2	2	1	2	1	1	1	1	1	2	2	1	1	2	1	1	1	1	1	2	2	1	2	1	2	2	1	1	2	1	1	1	1	1	1	2	1
IND012	1	2	2	2	1	2	2	1	1	1	1	2	2	2	1	1	2	1	1	2	1	1	2	2	1	2	1	2	1	2	1	2	1	1	1	1	2	1	2	1
IND013	1	2	2	2	1	1	2	1	1	1	1	2	1	1	1	1	1	1	1	2	1	1	1	1	1	1	1	2	1	2	1	2	1	1	1	1	2	1	2	1
IND014	1	2	2	1	1	2	2	1	1	1	1	2	1	1	1	1	2	1	1	2	2	1	2	2	1	2	1	2	2	1	1	2	1	1	1	1	2	1	2	1
IND015	1	2	2	1	1	2	2	1	1	1	1	2	1	1	1	1	2	1	1	2	2	1	1	2	1	1	1	2	2	1	1	2	1	1	1	1	1	1	2	1
IND016	1	1	2	2	2	2	2	1	1	1	1	2	1	1	1	1	2	1	1	1	1	1	1	2	1	1	1	2	1	2	1	2	1	1	1	1	1	1	2	1
IND017	1	1	2	1	1	1	2	1	1	1	1	1	1	2	1	1	2	1	1	1	2	1	1	1	1	2	1	2	2	2	1	2	1	1	1	1	2	1	2	1
IND018	1	2	2	1	2	1	2	1	1	1	1	1	2	2	1	1	2	1	1	2	1	1	2	1	1	1	1	2	2	1	1	2	1	1	1	1	2	1	2	1
IND019	1	2	2	1	1	1	2	1	1	1	1	1	2	2	1	1	1	1	1	1	1	1	2	2	1	1	1	2	1	2	1	2	1	1	1	1	1	1	2	1
IND020	1	2	2	1	1	2	2	1	1	1	1	1	2	2	1	1	1	1	1	2	1	1	1	1	1	1	1	2	1	2	1	2	1	1	1	1	1	1	2	1
IND021	1	1	1	1	2	1	2	1	2	1	1	1	2	1	2	1	1	1	1	1	1	1	1	1	1	2	1	1	2	1	2	2	2	2	1	2	2	2	1	1
IND022	1	1	2	1	2	1	2	1	2	1	1	1	1	1	2	1	1	1	1	1	1	1	1	1	1	2	1	1	2	1	2	2	2	2	1	1	2	2	1	1
IND023	1	1	1	1	2	1	2	1	2	2	2	2	2	1	2	1	1	1	1	1	2	1	2	1	1	2	1	2	2	1	2	1	2	2	1	2	2	2	1	1
IND024	1	1	2	1	2	1	2	2	2	1	2	1	1	1	2	1	1	1	1	1	1	1	1	1	1	2	1	1	2	1	2	2	2	2	1	1	2	2	1	1
IND025	1	1	2	1	2	1	2	1	2	2	1	2	2	1	2	1	1	1	1	1	1	1	1	1	1	2	1	2	1	1	2	1	1	2	1	1	2	2	1	1
IND026	1	1	1	1	2	1	2	2	2	2	2	2	1	1	2	1	1	1	1	1	1	1	1	1	1	2	1	2	1	1	2	2	2	2	1	2	2	2	1	1
IND027	1	1	2	1	2	1	2	2	2	1	1	1	1	1	2	1	1	1	1	1	2	1	1	1	1	2	1	1	1	1	2	2	2	2	1	1	2	2	1	1
IND028	1	1	1	1	2	1	2	2	2	1	1	1	1	1	2	1	1	1	1	1	2	1	1	1	1	2	1	2	2	1	2	1	1	2	1	1	2	2	1	1
IND029	1	1	1	1	2	1	2	2	2	2	2	1	1	1	2	1	1	1	1	1	2	1	1	1	1	2	1	2	2	1	2	1	2	2	1	1	2	2	1	1
IND030	1	1	1	1	2	1	2	1	2	1	1	2	2	1	2	1	1	1	1	1	1	1	1	1	1	2	1	2	1	1	2	2	2	2	1	1	2	2	1	1
IND031	1	1	1	1	2	1	2	1	2	1	2	1	2	1	2	1	1	1	1	1	2	1	2	1	1	2	1	2	1	1	2	2	2	2	1	1	2	2	1	1
IND032	1	1	1	1	2	1	2	1	2	1	1	1	1	1	2	1	1	1	1	1	1	1	1	1	1	2	1	2	2	1	2	1	2	2	1	1	2	2	1	1
IND033	1	1	1	1	2	1	2	2	2	2	1	2	2	1	2	1	1	1	1	1	2	1	2	1	1	2	1	1	1	1	2	1	1	2	1	1	2	2	1	1
IND034	1	1	1	1	2	1	2	1	2	2	1	2	2	1	2	1	1	1	1	1	1	1	1	1	1	2	1	1	2	1	2	1	2	2	1	1	2	2	1	1
IND035	1	1	1	1	2	1	2	2	2	1	2	2	1	1	2	1	1	1	1	1	1	1	1	1	1	2	1	2	1	1	2	2	1	2	1	1	2	2	1	1
IND036	1	1	1	1	2	1	2	1	2	1	1	2	1	1	2	1	1	1	1	1	2	1	1	1	1	2	1	1	1	1	2	1	2	2	1	1	2	2	1	1
IND037	1	1	2	1	2	1	2	2	2	1	2	1	2	1	2	1	1	1	1	1	1	1	1	1	1	2	1	1	1	1	2	2	1	2	1	1	2	2	1	1
IND038	1	1	1	1	2	1	2	1	2	2	2	1	1	1	2	1	1	1	1	1	1	1	2	1	1	2	1	2	1	1	2	1	2	2	1	1	2	2	1	1
IND039	1	1	2	1	2	1	2	1	2	1	1	1	1	1	2	1	1	1	1	1	1	1	2	1	1	2	1	1	2	1	2	2	2	2	1	2	2	2	1	1
IND040	1	1	2	1	2	1	2	2	2	2	2	2	1	1	2	1	1	1	1	1	1	1	2	1	1	2	1	2	1	1	2	2	2	2	1	2	2	2	1	1
IND041	1	1	2	1	1	1	1	1	1	1	1	1	1	1	2	1	1	1	1	2	1	1	2	1	1	1	2	2	1	1	1	2	1	1	2	1	2	1	1	1
IND042	2	1	2	1	1	2	2	1	1	1	1	1	1	1	1	1	1	1	1	2	1	1	2	1	1	1	2	1	1	1	1	1	1	1	2	1	2	1	1	1
IND043	2	1	1	1	1	2	1	1	1	1	2	1	1	1	1	1	1	1	1	2	1	1	2	1	1	1	2	1	1	1	1	2	1	1	2	1	2	1	2	1
IND044	2	1	2	1	1	2	2	2	1	1	1	1	1	1	1	1	1	1	1	1	1	1	2	1	1	1	2	1	1	1	1	2	1	1	1	1	2	1	2	1
IND045	1	1	2	1	1	2	2	2	1	1	1	1	1	1	1	1	1	1	1	1	1	1	2	1	1	1	2	2	1	1	1	2	1	1	2	1	2	1	2	1
IND046	1	1	1	1	1	2	1	2	1	1	1	1	1	1	2	1	1	1	1	1	1	1	2	1	1	1	2	1	1	1	1	1	1	1	1	1	2	1	1	1
IND047	2	1	2	1	1	1	1	2	1	1	2	1	1	1	2	1	1	1	1	1	1	1	2	1	1	1	2	1	1	1	1	2	1	1	2	1	2	1	1	1
IND048	2	1	2	1	1	1	2	1	1	1	2	1	1	1	1	1	1	1	1	2	1	1	2	1	1	1	1	1	1	1	1	1	1	1	1	1	2	1	2	1
IND049	1	1	1	1	1	2	1	2	1	1	2	1	1	1	2	1	1	1	1	2	1	1	2	1	1	1	2	2	1	1	1	2	1	1	2	1	2	1	2	1
IND050	1	1	2	1	1	2	2	2	1	1	1	1	1	1	1	1	1	1	1	1	1	1	2	1	1	1	2	1	1	1	1	2	1	1	2	1	2	1	1	1
IND051	1	1	1	1	1	2	2	2	1	1	2	1	1	1	1	1	1	1	1	2	1	1	2	1	1	1	2	2	1	1	1	2	1	1	2	1	2	1	2	1
IND052	1	1	2	1	1	2	2	2	1	1	1	1	1	1	2	1	1	1	1	2	1	1	2	1	1	1	1	2	1	1	1	2	1	1	2	1	2	1	2	1
IND053	1	1	2	1	1	2	2	1	1	1	2	1	1	1	2	1	1	1	1	2	1	1	2	1	1	1	2	2	1	1	1	1	1	1	2	1	2	1	1	1
IND054	2	1	2	1	1	2	2	2	1	1	2	1	1	1	2	1	1	1	1	1	1	1	2	1	1	1	1	1	1	1	1	1	1	1	1	1	2	1	1	1
IND055	2	1	1	1	1	1	1	2	1	1	2	1	1	1	2	1	1	1	1	1	1	1	2	1	1	1	2	1	1	1	1	1	1	1	1	1	2	1	2	1
IND056	2	1	2	1	1	2	1	2	1	1	1	1	1	1	1	1	1	1	1	1	1	1	2	1	1	1	1	2	1	1	1	2	1	1	1	1	2	1	1	1
IND057	1	1	2	1	1	1	1	1	1	1	2	1	1	1	2	1	1	1	1	2	1	1	2	1	1	1	1	1	1	1	1	2	1	1	1	1	2	1	2	1
IND058	2	1	2	1	1	1	2	2	1	1	2	1	1	1	1	1	1	1	1	1	1	1	2	1	1	1	2	1	1	1	1	2	1	1	2	1	2	1	2	1
IND059	2	1	1	1	1	2	1	1	1	1	1	1	1	1	2	1	1	1	1	2	1	1	2	1	1	1	2	2	1	1	1	1	1	1	2	1	2	1	1	1
IND060	2	1	2	1	1	1	2	2	1	1	1	1	1	1	1	1	1	1	1	2	1	1	2	1	1	1	2	2	1	1	1	1	1	1	1	1	2	1	2	1
IND061	1	2	1	1	1	1	1	2	2	2	2	1	1	1	1	1	1	1	1	2	1	2	1	1	1	1	1	2	2	1	2	2	1	1	2	2	1	1	1	2
IND062	1	1	1	1	1	1	1	2	2	2	2	1	1	1	1	1	1	1	2	1	1	2	1	1	1	1	1	1	2	1	2	1	1	1	2	1	2	1	2	1
IND063	1	1	1	1	1	1	1	2	2	2	2	1	1	1	1	1	1	1	1	1	2	1	1	1	1	1	1	2	2	1	2	1	1	1	2	2	2	1	1	1
IND064	2	2	1	1	1	1	1	2	1	2	2	1	1	1	1	1	1	1	2	2	2	2	1	1	1	1	1	2	2	1	2	2	1	1	2	2	1	1	2	2
IND065	1	1	1	1	1	1	1	2	2	2	2	1	1	1	1	1	1	1	2	1	1	1	1	1	1	1	1	2	2	1	2	1	1	1	1	2	2	1	2	2
IND066	1	1	1	1	1	1	1	2	1	2	2	1	1	1	1	1	1	1	2	2	1	2	1	1	1	1	1	2	2	1	2	1	1	1	1	1	1	1	2	1
IND067	2	1	1	1	1	1	1	2	2	2	1	1	1	1	1	1	1	1	1	2	2	2	1	1	1	1	1	2	2	1	2	1	1	1	1	1	2	1	1	1
IND068	1	2	1	1	1	1	1	2	2	2	1	1	1	1	1	1	1	1	1	1	2	2	1	1	1	1	1	1	2	1	2	1	1	1	2	1	2	1	1	2
IND069	1	2	1	1	1	1	1	2	1	2	2	1	1	1	1	1	1	1	1	2	1	2	1	1	1	1	1	1	2	1	2	1	1	1	2	2	1	1	1	1
IND070	1	2	1	1	1	1	1	2	2	2	1	1	1	1	1	1	1	1	1	2	1	1	1	1	1	1	1	1	2	1	2	1	1	1	2	2	2	1	2	2
IND071	2	2	1	1	1	1	1	2	1	2	1	1	1	1	1	1	1	1	2	1	1	2	1	1	1	1	1	1	2	1	2	1	1	1	1	1	2	1	1	1
IND072	2	2	1	1	1	1	1	2	1	2	2	1	1	1	1	1	1	1	1	1	2	1	1	1	1	1	1	1	2	1	2	2	1	1	1	1	2	1	2	1
IND073	2	1	1	1	1	1	1	2	1	2	1	1	1	1	1	1	1	1	1	2	1	2	1	1	1	1	1	1	2	1	2	1	1	1	2	1	2	1	1	2
IND074	2	2	1	1	1	1	1	2	1	2	1	1	1	1	1	1	1	1	2	1	2	1	1	1	1	1	1	1	2	1	2	1	1	1	1	1	2	1	2	1
IND075	1	1	1	1	1	1	1	2	1	2	2	1	1	1	1	1	1	1	2	1	2	1	1	1	1	1	1	1	2	1	2	1	1	1	1	2	2	1	1	1
IND076	2	1	1	1	1	1	1	2	2	2	2	1	1	1	1	1	1	1	1	2	1	1	1	1	1	1	1	1	2	1	2	1	1	1	1	1	2	1	1	1
IND077	2	2	1	1	1	1	1	2	2	2	1	1	1	1	1	1	1	1	2	1	1	1	1	1	1	1	1	1	2	1	2	2	1	1	1	1	1	1	2	2
IND078	1	1	1	1	1	1	1	2	2	2	1	1	1	1	1	1	1	1	2	2	2	1	1	1	1	1	1	1	2	1	2	2	1	1	2	1	1	1	1	1
IND079	2	2	1	1	1	1	1	2	2	2	1	1	1	1	1	1	1	1	2	2	2	1	1	1	1	1	1	2	2	1	2	2	1	1	1	2	1	1	2	2
IND080	1	2	1	1	1	1	1	2	2	2	2	1	1	1	1	1	1	1	1	2	2	1	1	1	1	1	1	1	2	1	2	1	1	1	2	2	2	1	1	1
IND081	2	1	2	1	1	2	2	2	1	1	1	2	1	1	2	2	1	1	2	1	2	1	2	1	1	1	1	1	1	1	1	2	2	2	1	1	2	2	1	1
IND082	2	1	2	1	2	2	1	2	2	1	1	2	1	1	1	1	1	1	1	1	1	1	1	1	1	1	1	2	1	1	1	1	1	1	1	1	2	1	1	1
IND083	2	2	2	1	2	1	1	2	2	1	1	2	1	1	2	1	1	1	2	1	2	1	2	1	2	2	2	2	1	1	1	2	1	2	1	1	2	1	2	1
IND084	2	2	2	1	1	2	1	2	1	1	1	2	1	1	1	1	1	1	1	1	1	1	1	1	1	2	1	1	1	1	1	2	1	2	1	1	2	1	1	1
IND085	1	2	2	1	2	2	2	2	1	1	1	2	1	1	1	1	1	1	2	1	1	1	1	1	1	2	2	2	1	1	1	1	1	1	1	1	2	2	2	1
IND086	1	2	2	1	1	1	1	1	2	1	1	2	1	1	2	2	1	1	1	1	2	1	2	1	2	1	1	1	1	1	1	2	2	1	1	1	2	2	1	1
IND087	1	1	2	1	2	2	1	1	2	1	1	2	1	1	2	2	1	1	1	1	2	1	2	1	2	1	2	2	1	1	1	2	2	2	1	1	2	2	2	1
IND088	1	1	2	1	2	1	2	2	1	1	1	2	1	1	2	1	1	1	1	1	2	1	2	1	1	1	1	1	1	1	1	1	2	1	1	1	2	2	1	1
IND089	2	1	2	1	2	2	2	2	1	1	1	2	1	1	2	1	1	2	1	1	2	1	2	1	1	1	1	2	1	1	1	2	1	2	1	1	2	1	1	1
IND090	1	1	2	1	2	2	2	1	1	1	1	2	1	1	1	2	1	2	2	1	1	1	1	1	1	2	2	2	1	1	1	2	2	2	1	1	2	2	1	1
IND091	2	2	2	1	2	1	1	1	2	1	1	2	1	1	1	2	1	1	1	1	2	1	2	1	2	2	2	2	1	1	1	2	1	2	1	1	2	1	2	1
IND092	2	1	2	1	2	2	2	1	1	1	1	2	1	1	1	1	1	2	1	1	2	1	2	1	2	2	2	2	1	1	1	1	1	2	1	1	2	2	2	1
IND093	2	2	2	1	2	2	1	2	2	1	1	2	1	1	2	2	1	2	1	1	2	1	2	1	1	2	1	2	1	1	1	2	2	1	1	1	2	2	1	1
IND094	1	1	2	1	2	2	1	2	2	1	1	2	1	1	2	2	1	2	1	1	2	1	1	1	2	1	1	1	1	1	1	1	2	2	1	1	2	1	2	1
IND095	2	1	2	1	2	2	1	1	1	1	1	2	1	1	2	1	1	2	1	1	1	1	2	1	1	1	1	1	1	1	1	1	1	2	1	1	2	2	1	1
IND096	2	1	2	1	2	2	1	2	1	1	1	2	1	1	1	1	1	2	2	1	2	1	1	1	2	1	1	1	1	1	1	1	2	1	1	1	2	2	2	1
IND097	1	1	2	1	1	2	1	1	1	1	1	2	1	1	1	2	1	2	1	1	2	1	2	1	1	2	2	2	1	1	1	2	2	2	1	1	2	2	1	1
IND098	1	2	2	1	1	1	1	1	1	1	1	2	1	1	2	1	1	1	1	1	1	1	1	1	2	1	1	2	1	1	1	1	2	1	1	1	2	2	1	1
IND099	2	2	2	1	2	1	1	2	1	1	1	2	1	1	2	2	1	2	1	1	2	1	1	1	2	2	2	1	1	1	1	2	1	2	1	1	2	2	1	1
IND100	1	1	2	1	1	2	1	2	2	1	1	2	1	1	1	1	1	2	1	1	2	1	2	1	2	1	1	2	1	1	1	2	2	2	1	1	2	1	2	1
IND101	1	1	1	1	1	1	1	2	2	1	1	2	1	1	1	1	1	1	1	1	1	1	1	1	1	2	1	1	2	2	2	1	1	1	2	1	1	1	1	2
IND102	1	1	2	1	1	2	1	2	1	1	1	1	1	1	1	1	1	1	1	1	1	1	1	1	1	2	1	1	2	1	1	1	1	1	1	1	1	2	1	2
IND103	1	1	1	1	1	1	1	2	2	1	1	1	1	1	1	1	1	1	1	1	1	1	1	1	2	2	1	1	2	1	1	1	1	1	1	1	1	1	1	1
IND104	1	1	1	1	1	2	1	2	2	1	1	2	1	1	1	1	1	1	1	1	1	1	1	2	1	2	1	1	1	2	1	1	1	1	2	1	1	2	1	2
IND105	1	1	1	1	1	1	1	2	1	1	1	1	1	1	1	1	1	1	1	1	1	1	1	2	2	2	1	2	1	2	2	1	1	1	1	1	1	1	1	2
IND106	1	1	2	1	1	2	1	2	2	1	1	1	1	1	1	1	1	1	1	1	1	1	1	1	1	2	1	1	1	2	1	1	1	1	2	1	1	1	1	1
IND107	1	1	1	1	1	1	1	2	1	1	1	1	1	1	1	1	1	1	1	1	1	1	1	2	2	2	1	2	1	2	2	1	1	1	2	1	1	2	1	2
IND108	1	1	1	1	1	1	1	2	1	1	1	1	1	1	1	1	1	1	1	1	1	1	1	1	1	2	1	1	1	2	1	1	1	1	2	1	1	2	1	2
IND109	1	1	1	1	1	2	1	2	1	1	1	1	1	1	1	1	1	1	1	1	1	1	1	2	1	2	1	1	2	1	2	1	1	1	1	1	1	2	1	2
IND110	1	1	1	1	1	2	1	2	1	1	1	1	1	1	1	1	1	1	1	1	1	1	1	1	1	2	1	1	1	2	2	1	1	1	1	1	1	1	1	2
IND111	1	1	1	1	1	2	1	2	2	1	1	2	1	1	1	1	1	1	1	1	1	1	1	1	1	2	1	1	2	1	1	1	1	1	1	1	1	1	1	1
IND112	1	1	1	1	1	2	1	2	1	1	1	1	1	1	1	1	1	1	1	1	1	1	1	1	2	2	1	1	1	1	1	1	1	1	1	1	1	1	1	1
IND113	1	1	2	1	1	2	1	2	1	1	1	1	1	1	1	1	1	1	1	1	1	1	1	2	1	2	1	1	1	2	1	1	1	1	1	1	1	2	1	2
IND114	1	1	2	1	1	2	1	2	2	1	1	1	1	1	1	1	1	1	1	1	1	1	1	2	2	2	1	2	2	1	2	1	1	1	2	1	1	1	1	2
IND115	1	1	2	1	1	2	1	2	2	1	1	1	1	1	1	1	1	1	1	1	1	1	1	1	2	2	1	2	1	2	1	1	1	1	1	1	1	1	1	2
IND116	1	1	1	1	1	1	1	2	2	1	1	1	1	1	1	1	1	1	1	1	1	1	1	1	1	2	1	1	2	1	1	1	1	1	1	1	1	2	1	1
IND117	1	1	1	1	1	1	1	2	1	1	1	2	1	1	1	1	1	1	1	1	1	1	1	1	2	2	1	2	1	2	1	1	1	1	2	1	1	2	1	1
IND118	1	1	2	1	1	2	1	2	1	1	1	2	1	1	1	1	1	1	1	1	1	1	1	1	2	2	1	1	2	1	1	1	1	1	1	1	1	2	1	1
IND119	1	1	1	1	1	2	1	2	2	1	1	1	1	1	1	1	1	1	1	1	1	1	1	2	2	2	1	2	2	1	1	1	1	1	1	1	1	2	1	1
IND120	1	1	2	1	1	2	1	2	1	1	1	1	1	1	1	1	1	1	1	1	1	1	1	2	1	2	1	2	2	2	1	1	1	1	2	1	1	1	1	2
IND121	1	1	1	2	2	1	2	2	1	2	1	1	1	1	1	2	1	1	1	1	1	1	1	1	1	2	1	1	1	2	2	2	2	2	1	1	1	2	2	1
IND122	1	1	1	1	2	1	1	2	2	2	2	1	1	1	1	1	2	1	1	2	1	1	2	1	1	2	2	1	1	1	1	1	2	2	1	1	2	2	2	1
IND123	1	1	1	2	2	1	1	1	2	2	2	1	1	1	1	1	1	1	1	1	1	1	2	1	1	2	2	1	1	2	2	2	1	1	1	1	2	1	2	1
IND124	1	1	1	1	2	1	1	1	1	2	2	2	1	1	1	1	2	1	1	1	2	1	2	1	1	2	1	1	1	2	1	1	2	2	1	1	1	2	2	1
IND125	1	1	1	2	2	1	2	2	2	2	2	2	1	1	1	1	2	1	1	2	2	1	1	1	1	2	1	1	1	2	1	2	2	1	1	1	1	2	2	1
IND126	1	1	1	2	2	1	2	2	1	2	2	2	1	1	1	1	2	1	1	1	1	1	2	1	1	2	1	1	1	1	2	2	1	1	1	1	2	2	2	1
IND127	1	1	1	1	2	1	2	2	2	2	1	2	1	1	1	2	2	1	1	2	1	1	1	1	1	2	1	1	1	2	1	1	1	2	1	1	1	1	2	1
IND128	1	1	1	1	2	1	1	2	1	2	2	2	1	1	1	2	1	1	1	1	2	1	1	1	1	2	2	1	1	1	2	1	1	2	1	1	2	1	2	1
IND129	1	1	1	1	2	1	2	1	2	2	2	1	1	1	1	2	2	1	1	1	2	1	2	1	1	2	2	1	1	2	2	2	2	2	1	1	1	2	2	1
IND130	1	1	1	1	2	1	2	1	1	2	1	1	1	1	1	1	2	1	1	1	2	1	1	1	1	2	1	1	1	1	1	2	1	1	1	1	2	1	2	1
IND131	1	1	1	2	2	1	1	1	1	2	1	1	1	1	1	1	1	1	1	2	2	1	1	1	1	2	2	1	1	2	1	1	2	1	1	1	1	1	2	1
IND132	1	1	1	2	2	1	2	1	2	2	2	1	1	1	1	2	1	1	1	1	2	1	2	1	1	2	1	1	1	2	2	1	2	2	1	1	2	2	2	1
IND133	1	1	1	2	2	1	1	2	1	2	2	2	1	1	1	2	1	1	1	2	1	1	2	1	1	2	1	1	1	2	1	1	2	2	1	1	2	2	2	1
IND134	1	1	1	2	2	1	1	2	1	2	2	2	1	1	1	2	1	1	1	1	2	1	1	1	1	2	2	1	1	1	1	2	2	2	1	1	1	2	2	1
IND135	1	1	1	2	2	1	2	2	2	2	2	1	1	1	1	2	1	1	1	1	1	1	1	1	1	2	1	1	1	1	2	1	1	1	1	1	2	1	2	1
IND136	1	1	1	1	2	1	2	1	1	2	1	1	1	1	1	1	2	1	1	2	1	1	2	1	1	2	1	1	1	1	2	1	2	2	1	1	2	2	2	1
IND137	1	1	1	1	2	1	2	2	1	2	1	1	1	1	1	2	1	1	1	1	2	1	1	1	1	2	2	1	1	2	1	1	2	2	1	1	2	1	2	1
IND138	1	1	1	2	2	1	2	2	1	2	2	2	1	1	1	1	2	1	1	1	1	1	1	1	1	2	1	1	1	1	1	1	2	2	1	1	2	2	2	1
IND139	1	1	1	2	2	1	1	1	2	2	2	1	1	1	1	1	2	1	1	2	1	1	1	1	1	2	2	1	1	1	2	2	1	1	1	1	1	2	2	1
IND140	1	1	1	1	2	1	1	1	1	2	2	2	1	1	1	1	2	1	1	2	1	1	2	1	1	2	2	1	1	1	2	2	1	1	1	1	2	1	2	1
IND141	1	2	1	1	2	2	2	1	2	1	2	1	1	2	2	1	1	1	2	2	1	1	2	1	1	1	2	1	2	1	2	2	1	1	1	1	2	1	1	1
IND142	1	1	1	1	2	2	2	1	1	1	2	1	1	1	2	1	1	1	2	2	1	1	2	1	1	1	2	2	2	1	2	2	1	1	1	2	1	1	1	2
IND143	1	2	1	1	2	2	2	1	1	1	2	2	1	1	2	1	1	2	2	1	2	1	2	1	1	1	2	2	2	1	2	2	1	1	1	1	2	1	1	1
IND144	1	1	2	1	1	2	2	1	2	1	2	1	1	1	2	1	1	2	2	1	2	1	2	1	1	1	2	1	2	1	2	2	1	1	1	2	2	1	1	2
IND145	1	2	2	1	1	2	2	1	1	1	2	1	1	1	2	1	1	1	2	2	1	1	2	1	1	1	2	1	2	1	2	2	1	1	1	2	1	1	1	1
IND146	1	1	2	1	2	2	2	1	2	1	2	2	1	2	2	1	1	1	2	2	2	1	2	1	1	1	2	1	2	1	2	2	1	1	1	2	2	1	1	2
IND147	1	1	2	1	2	2	2	1	1	1	2	2	1	1	2	1	1	1	2	1	2	1	2	1	1	1	2	1	2	1	2	1	1	1	1	1	2	2	1	1
IND148	1	2	1	1	1	2	2	1	1	1	2	1	1	1	2	1	1	2	2	1	1	1	2	1	1	1	2	2	2	1	2	1	1	1	1	1	2	1	1	2
IND149	1	1	2	1	1	2	2	1	2	1	2	2	1	2	2	1	1	1	2	1	1	1	2	1	1	1	2	1	2	1	2	2	1	1	1	1	2	1	1	2
IND150	1	2	2	1	1	2	2	1	2	1	2	1	1	2	2	1	1	2	2	1	2	1	2	1	1	1	2	1	2	1	2	2	1	1	1	2	1	2	1	2
IND151	1	2	2	1	1	2	2	1	1	1	2	2	1	1	2	1	1	1	2	2	1	1	2	1	1	1	2	1	2	1	2	2	1	1	1	1	2	1	1	1
IND152	1	2	2	1	2	2	2	1	2	1	2	1	1	1	2	1	1	2	2	2	1	1	2	1	1	1	2	2	2	1	2	1	1	1	1	1	2	1	1	2
IND153	1	1	1	1	1	2	2	1	1	1	2	2	1	1	2	1	1	2	2	2	2	1	2	1	1	1	2	2	2	1	2	1	1	1	1	2	2	2	1	2
IND154	1	1	1	1	2	2	2	1	2	1	2	2	1	2	2	1	1	2	2	2	1	1	2	1	1	1	2	2	2	1	2	2	1	1	1	2	2	2	1	1
IND155	1	2	1	1	1	2	2	1	1	1	2	2	1	1	2	1	1	2	2	1	1	1	2	1	1	1	2	2	2	1	2	2	1	1	1	2	1	1	1	1
IND156	1	2	1	1	1	2	2	1	2	1	2	1	1	2	2	1	1	1	2	1	1	1	2	1	1	1	2	1	2	1	2	1	1	1	1	1	2	2	1	2
IND157	1	1	2	1	1	2	2	1	2	1	2	2	1	1	2	1	1	1	2	2	1	1	2	1	1	1	2	1	2	1	2	2	1	1	1	1	2	2	1	1
IND158	1	1	1	1	1	2	2	1	1	1	2	2	1	1	2	1	1	2	2	2	2	1	2	1	1	1	2	1	2	1	2	2	1	1	1	1	1	1	1	1
IND159	1	1	1	1	2	2	2	1	2	1	2	2	1	2	2	1	1	1	2	2	1	1	2	1	1	1	2	1	2	1	2	2	1	1	1	1	2	2	1	2
IND160	1	1	1	1	1	2	2	1	1	1	2	1	1	2	2	1	1	2	2	2	2	1	2	1	1	1	2	1	2	1	2	1	1	1	1	2	1	2	1	1
IND161	1	2	1	1	1	1	1	1	1	1	1	2	1	1	1	1	2	1	1	1	2	1	1	1	2	2	1	2	1	1	1	1	1	1	2	1	1	2	2	1
IND162	1	1	1	1	2	1	1	1	1	1	1	2	1	1	1	1	2	1	1	1	2	1	1	1	2	1	1	2	1	2	1	1	1	1	1	2	1	2	2	1
IND163	1	1	1	1	1	2	1	1	1	1	1	2	1	1	1	1	2	2	1	1	2	1	1	1	1	2	1	2	1	2	1	1	1	1	2	2	1	2	2	1
IND164	2	1	1	2	2	1	1	1	1	1	1	2	1	1	1	1	2	1	1	1	1	1	1	1	2	1	1	1	1	2	1	2	1	1	2	1	1	2	1	1
IND165	1	2	1	1	1	2	1	1	1	1	1	2	1	1	1	1	2	1	1	1	1	1	1	1	2	1	1	1	1	1	1	1	1	1	2	1	1	2	1	1
IND166	2	2	1	2	2	1	1	1	1	1	1	2	1	1	1	1	1	2	1	1	1	1	1	1	1	1	1	1	1	1	1	2	1	1	1	2	1	2	1	1
IND167	1	1	1	2	1	2	1	1	1	1	1	2	1	1	1	1	1	2	1	1	1	1	1	1	1	2	1	1	1	1	1	2	1	1	2	1	1	2	1	1
IND168	1	2	1	2	2	2	1	1	1	1	1	2	1	1	1	1	1	2	1	1	1	1	1	1	1	1	1	2	1	1	1	2	1	1	2	1	1	2	1	1
IND169	1	1	1	1	1	1	1	1	1	1	1	2	1	1	1	1	1	1	1	1	2	1	1	1	1	2	1	1	1	2	1	2	1	1	2	1	1	2	2	1
IND170	1	1	1	1	2	1	1	1	1	1	1	2	1	1	1	1	2	2	1	1	2	1	1	1	1	2	1	1	1	1	1	2	1	1	1	2	1	2	1	1
IND171	2	2	1	1	1	2	1	1	1	1	1	2	1	1	1	1	1	1	1	1	2	1	1	1	2	2	1	2	1	2	1	1	1	1	1	2	1	2	2	1
IND172	2	2	1	2	2	2	1	1	1	1	1	2	1	1	1	1	2	2	1	1	1	1	1	1	2	1	1	2	1	2	1	2	1	1	1	2	1	2	1	1
IND173	1	2	1	1	1	1	1	1	1	1	1	2	1	1	1	1	2	2	1	1	1	1	1	1	2	1	1	1	1	1	1	1	1	1	1	2	1	2	2	1
IND174	2	1	1	1	1	2	1	1	1	1	1	2	1	1	1	1	1	1	1	1	1	1	1	1	2	2	1	2	1	1	1	1	1	1	1	1	1	2	2	1
IND175	2	1	1	2	1	2	1	1	1	1	1	2	1	1	1	1	2	1	1	1	1	1	1	1	1	2	1	2	1	2	1	1	1	1	2	1	1	2	2	1
IND176	1	1	1	1	2	2	1	1	1	1	1	2	1	1	1	1	2	1	1	1	2	1	1	1	2	2	1	2	1	1	1	1	1	1	1	2	1	2	1	1
IND177	1	1	1	1	2	2	1	1	1	1	1	2	1	1	1	1	1	2	1	1	1	1	1	1	2	1	1	2	1	1	1	1	1	1	1	1	1	2	1	1
IND178	2	1	1	2	2	2	1	1	1	1	1	2	1	1	1	1	2	2	1	1	1	1	1	1	1	2	1	1	1	1	1	2	1	1	2	2	1	2	1	1
IND179	1	2	1	2	2	1	1	1	1	1	1	2	1	1	1	1	1	1	1	1	2	1	1	1	1	2	1	1	1	2	1	2	1	1	2	2	1	2	1	1
IND180	2	1	1	2	2	1	1	1	1	1	1	2	1	1	1	1	2	1	1	1	1	1	1	1	2	2	1	2	1	1	1	1	1	1	1	1	1	2	1	1
IND181	2	2	2	1	1	1	2	1	2	1	1	2	1	2	2	1	1	2	1	1	1	1	2	1	1	2	1	2	1	1	2	2	1	1	2	1	1	2	2	1
IND182	1	2	2	1	1	1	2	1	2	1	1	1	1	1	1	1	1	2	1	1	2	1	1	1	1	2	1	2	1	1	2	2	1	1	1	2	1	2	2	1
IND183	2	2	1	1	1	2	2	1	2	1	1	1	1	2	2	1	1	2	1	2	1	1	1	1	1	2	1	2	1	1	2	2	1	1	1	2	1	2	2	1
IND184	2	2	2	1	1	1	1	1	2	1	1	1	1	1	2	1	1	2	1	2	2	1	2	1	1	2	1	2	1	1	2	2	1	1	2	1	1	2	2	1
IND185	1	2	1	1	1	1	1	1	2	1	1	2	1	1	1	1	1	1	1	2	2	1	1	1	1	2	1	2	1	1	2	2	1	1	2	2	1	2	2	1
IND186	1	2	1	1	1	1	2	1	2	1	1	2	1	2	2	1	1	2	1	1	1	1	2	1	1	2	1	2	1	1	2	2	1	1	1	2	1	2	2	1
IND187	2	2	2	1	1	1	1	2	2	1	1	2	1	2	1	1	1	1	1	1	1	1	2	1	1	2	1	2	1	1	2	2	1	1	1	2	1	2	2	1
IND188	1	2	1	1	1	2	2	1	2	1	1	1	1	1	2	1	1	1	1	2	1	1	1	1	1	2	1	2	1	1	2	2	1	1	1	1	1	2	2	1
IND189	2	2	1	1	1	1	1	2	2	1	1	1	1	2	1	1	1	2	1	1	2	1	2	1	1	2	1	2	1	1	2	2	1	1	1	2	1	2	2	1
IND190	2	2	1	1	1	2	1	1	2	1	1	1	1	2	1	1	1	1	1	2	1	1	1	1	1	2	1	2	1	1	2	2	1	1	1	2	1	2	2	1
IND191	2	2	2	1	1	1	1	2	2	1	1	1	1	1	2	1	1	2	1	2	1	1	2	1	1	2	1	2	1	1	2	2	1	1	2	1	1	2	2	1
IND192	1	2	2	1	1	2	2	1	2	1	1	2	1	2	1	1	1	2	1	1	1	1	1	1	1	2	1	2	1	1	2	2	1	1	1	1	1	2	2	1
IND193	2	2	2	1	1	2	1	1	2	1	1	1	1	2	2	1	1	2	1	1	1	1	2	1	1	2	1	2	1	1	2	2	1	1	1	1	1	2	2	1
IND194	1	2	2	1	1	2	2	1	2	1	1	2	1	1	2	1	1	2	1	1	1	1	1	1	1	2	1	2	1	1	2	2	1	1	1	1	1	2	2	1
IND195	2	2	2	1	1	1	2	2	2	1	1	2	1	2	1	1	1	1	1	1	2	1	1	1	1	2	1	2	1	1	2	2	1	1	1	1	1	2	2	1
IND196	2	2	1	1	1	1	2	2	2	1	1	2	1	2	2	1	1	2	1	1	2	1	1	1	1	2	1	2	1	1	2	2	1	1	2	1	1	2	2	1
IND197	2	2	2	1	1	2	2	2	2	1	1	1	1	1	1	1	1	2	1	1	2	1	2	1	1	2	1	2	1	1	2	2	1	1	2	2	1	2	2	1
IND198	1	2	1	1	1	2	2	1	2	1	1	1	1	1	2	1	1	1	1	2	2	1	2	1	1	2	1	2	1	1	2	2	1	1	1	2	1	2	2	1
IND199	2	2	2	1	1	2	1	1	2	1	1	1	1	1	2	1	1	1	1	2	1	1	1	1	1	2	1	2	1	1	2	2	1	1	1	1	1	2	2	1
IND200	1	2	1	1	1	2	1	2	2	1	1	2	1	2	1	1	1	2	1	2	1	1	1	1	1	2	1	2	1	1	2	2	1	1	2	1	1	2	2	1
