ID	hap_1_1	hap_1_1	hap_1_2	hap_1_2	hap_2_1	hap_2_1	hap_2_2	hap_2_2	hap_3_1	hap_3_1	hap_3_2	hap_3_2	hap_4_1	hap_4_1	hap_4_2	hap_4_2	hap_5_1	hap_5_1	hap_5_2	hap_5_2	hap_6_1	hap_6_1	hap_6_2	hap_6_2	hap_7_1	hap_7_1	hap_7_2	hap_7_2	hap_8_1	hap_8_1	hap_8_2	hap_8_2	hap_9_1	hap_9_1	hap_9_2	hap_9_2	hap_10_1	hap_10_1	hap_10_2	hap_10_2	hap_11_1	hap_11_1	hap_11_2	hap_11_2	hap_12_1	hap_12_1	hap_12_2	hap_12_2	hap_13_1	hap_13_1	hap_13_2	hap_13_2	hap_14_1	hap_14_1	hap_14_2	hap_14_2	hap_15_1	hap_15_1	hap_15_2	hap_15_2	hap_16_1	hap_16_1	hap_16_2	hap_16_2	hap_17_1	hap_17_1	hap_17_2	hap_17_2	hap_18_1	hap_18_1	hap_18_2	hap_18_2	hap_19_1	hap_19_1	hap_19_2	hap_19_2	hap_20_1	hap_20_1	hap_20_2	hap_20_2	hap_21_1	hap_21_1	hap_21_2	hap_21_2	hap_22_1	hap_22_1	hap_22_2	hap_22_2	hap_23_1	hap_23_1	hap_23_2	hap_23_2	hap_24_1	hap_24_1	hap_24_2	hap_24_2	hap_25_1	hap_25_1	hap_25_2	hap_25_2	hap_26_1	hap_26_1	hap_26_2	hap_26_2	hap_27_1	hap_27_1	hap_27_2	hap_27_2	hap_28_1	hap_28_1	hap_28_2	hap_28_2	hap_29_1	hap_29_1	hap_29_2	hap_29_2	hap_30_1	hap_30_1	hap_30_2	hap_30_2	hap_31_1	hap_31_1	hap_31_2	hap_31_2	hap_32_1	hap_32_1	hap_32_2	hap_32_2	hap_33_1	hap_33_1	hap_33_2	hap_33_2	hap_34_1	hap_34_1	hap_34_2	hap_34_2	hap_35_1	hap_35_1	hap_35_2	hap_35_2	hap_36_1	hap_36_1	hap_36_2	hap_36_2	hap_37_1	hap_37_1	hap_37_2	hap_37_2	hap_38_1	hap_38_1	hap_38_2	hap_38_2	hap_39_1	hap_39_1	hap_39_2	hap_39_2	hap_40_1	hap_40_1	hap_40_2	hap_40_2	hap_41_1	hap_41_1	hap_41_2	hap_41_2	hap_42_1	hap_42_1	hap_42_2	hap_42_2	hap_43_1	hap_43_1	hap_43_2	hap_43_2	hap_44_1	hap_44_1	hap_44_2	hap_44_2	hap_45_1	hap_45_1	hap_45_2	hap_45_2	hap_46_1	hap_46_1	hap_46_2	hap_46_2	hap_47_1	hap_47_1	hap_47_2	hap_47_2	hap_48_1	hap_48_1	hap_48_2	hap_48_2	hap_49_1	hap_49_1	hap_49_2	hap_49_2	hap_50_1	hap_50_1	hap_50_2	hap_50_2
IND001	2	2	2	1	2	1	2	1	2	1	1	2	2	2	2	2	1	1	1	1	1	2	2	2	2	1	2	1	1	2	1	1	1	2	1	1	2	2	2	1	1	1	1	1	1	1	2	1	1	1	2	1	1	1	1	2	1	1	1	2	1	1	1	1	1	1	1	1	1	2	2	2	1	2	1	1	1	1	2	1	1	1	1	2	1	1	1	1	1	1	1	1	2	1	1	1	2	1	1	2	1	1	2	1	2	1	1	1	2	1	1	1	1	1	2	1	1	2	2	2	2	2	1	1	1	1	1	2	1	1	1	1	2	2	1	1	1	1	2	2	2	1	2	2	2	1	1	1	1	1	1	2	1	1	1	1	1	2	1	1	1	1	2	1	1	2	1	2	1	2	2	1	1	1	1	1	1	1	1	1	2	1	2	1	1	1	1	1	1	1	1	1	1	2	1	1	2	1	1	1
IND002	2	2	2	1	2	1	2	1	1	2	1	1	2	2	2	1	2	1	1	1	1	1	1	2	2	1	1	1	1	2	1	1	1	2	1	1	2	2	2	1	1	1	1	2	1	1	2	1	1	1	2	1	1	1	1	2	1	1	1	2	1	1	1	1	1	1	1	1	1	2	1	2	1	2	1	1	1	1	2	1	1	1	1	1	1	1	1	1	1	1	1	1	1	2	1	1	2	2	1	2	1	1	2	1	2	1	1	1	2	1	1	1	1	2	1	1	2	2	2	1	1	1	2	1	1	2	1	2	1	1	1	1	2	1	1	1	1	1	2	2	2	2	1	2	1	2	1	1	1	2	2	1	1	1	1	1	1	2	1	1	1	1	2	1	1	2	1	2	1	2	1	1	1	1	1	1	1	1	1	1	2	1	2	1	1	2	1	1	2	1	1	1	1	2	1	1	2	1	1	1
IND003	2	2	2	1	1	1	1	1	1	1	1	1	1	2	2	1	2	1	1	2	1	2	2	1	2	1	2	1	1	2	1	1	1	2	1	1	1	2	2	1	1	1	1	1	1	1	2	1	1	1	2	1	1	1	1	2	1	1	2	2	1	1	1	1	1	1	1	1	1	2	2	2	1	2	1	1	1	1	2	2	1	1	1	2	1	1	1	1	1	1	1	1	1	1	1	1	1	1	1	1	1	1	1	1	1	1	1	1	1	1	1	2	1	1	1	1	1	1	2	2	1	2	2	1	1	2	2	2	1	1	1	1	2	2	2	1	1	1	2	1	2	2	2	1	1	2	1	1	1	1	2	1	1	1	1	1	2	2	1	1	1	1	2	1	1	2	1	2	1	1	1	1	2	1	1	1	1	1	1	1	2	1	1	1	1	2	1	1	2	1	1	1	1	2	2	1	1	1	1	1
IND004	1	2	2	1	2	1	2	1	2	2	1	2	1	2	2	2	1	1	1	1	1	2	2	2	2	1	2	1	1	2	1	1	1	1	1	1	2	2	2	1	1	2	1	2	1	1	2	1	1	1	2	1	1	1	1	1	1	1	1	2	1	2	1	1	1	2	1	1	1	1	1	2	1	2	1	1	1	1	2	2	1	1	1	2	1	1	1	1	1	1	1	1	1	2	1	1	2	1	1	2	1	1	1	1	2	1	1	1	1	1	1	2	1	1	1	2	1	2	2	1	2	2	1	1	1	1	2	2	1	1	1	1	2	2	1	1	1	1	2	2	2	2	2	1	1	2	1	1	1	2	2	1	1	1	1	1	1	2	1	1	1	1	2	1	1	1	1	2	1	1	1	1	2	1	1	1	1	1	1	1	2	1	1	1	1	1	1	1	1	1	1	1	1	2	1	1	1	1	1	1
IND005	1	2	2	1	1	1	1	1	2	1	1	2	1	2	2	2	2	1	1	2	2	2	1	1	2	1	1	1	1	2	1	1	1	1	1	1	1	2	2	1	1	2	1	2	1	1	2	1	1	1	2	2	1	1	1	1	1	1	2	1	1	2	1	1	1	1	1	1	1	2	2	2	1	2	1	1	1	1	2	1	1	1	1	1	1	1	1	1	1	1	1	1	2	1	1	1	1	1	1	1	1	1	2	1	1	1	1	1	1	1	1	2	1	1	2	1	2	2	2	2	1	2	1	1	1	1	1	2	1	1	1	1	2	2	1	1	1	1	2	2	2	1	1	1	1	1	1	1	1	2	2	2	1	1	1	1	2	2	2	1	1	1	1	1	1	1	1	2	1	2	2	1	1	1	1	1	2	1	1	1	2	1	2	1	1	1	1	1	1	1	1	1	1	2	1	1	2	1	1	1
IND006	2	2	2	1	1	1	1	1	1	1	1	2	1	2	2	2	2	1	1	2	1	1	1	1	2	1	2	1	1	2	2	1	1	2	1	1	1	2	2	1	1	1	1	1	1	1	2	1	1	1	2	2	1	1	1	1	1	1	1	2	1	2	1	1	1	1	1	1	1	1	1	2	1	2	1	1	1	1	2	1	1	1	1	2	1	1	1	1	1	1	1	1	2	1	1	1	1	1	1	1	1	1	2	1	2	1	1	1	1	1	1	1	1	1	2	1	1	1	1	2	2	1	2	1	2	1	2	1	1	1	2	1	2	1	2	1	1	1	2	1	2	2	2	2	1	2	1	1	1	2	1	2	1	1	1	1	2	2	1	1	1	1	2	1	1	1	1	2	1	1	1	1	2	1	1	1	1	1	1	1	2	1	2	1	1	2	1	1	2	1	1	1	1	2	2	1	2	1	1	1
IND007	2	2	2	1	2	1	2	1	1	2	1	2	2	2	2	1	1	1	1	2	1	2	1	1	2	1	1	1	1	2	2	1	1	2	1	1	1	2	2	1	1	2	1	1	1	1	2	1	1	1	2	1	1	1	1	1	1	1	1	2	1	1	1	1	1	2	1	1	1	1	2	2	1	2	1	1	1	1	2	1	1	1	1	1	1	1	1	1	1	1	1	1	2	1	1	1	2	1	1	2	1	1	2	1	1	1	1	1	2	1	1	2	1	1	1	2	2	1	1	2	1	2	2	1	1	1	1	2	1	1	2	1	2	2	2	1	1	1	2	1	2	2	1	1	2	2	1	1	1	1	2	2	1	1	1	1	1	2	1	1	1	1	2	1	1	1	1	2	1	2	1	1	2	1	1	1	2	1	1	1	2	1	2	1	1	1	1	1	2	1	1	1	1	2	2	1	1	1	1	1
IND008	2	2	2	1	1	1	2	1	1	2	1	1	2	2	2	1	2	1	1	1	1	1	1	1	2	1	2	1	1	2	1	1	1	1	1	1	1	2	2	1	1	1	1	2	1	1	2	1	1	1	2	2	1	1	1	2	1	1	2	1	1	2	1	1	1	1	1	1	1	2	1	2	1	2	1	1	1	1	2	1	1	1	1	2	1	1	1	1	1	1	1	1	1	2	1	1	1	1	1	1	1	1	1	1	1	1	1	1	1	1	1	1	1	2	2	2	2	1	1	1	2	1	2	1	2	2	2	1	1	1	2	1	2	2	2	1	1	1	2	2	2	2	2	1	1	2	1	1	1	1	1	1	1	1	1	1	2	2	2	1	1	1	2	1	1	1	1	2	1	1	2	1	2	1	1	1	1	1	1	1	2	1	2	1	1	1	1	1	2	1	1	1	1	2	1	1	2	1	1	1
IND009	1	2	2	1	2	1	1	1	2	2	1	2	1	2	2	1	2	1	1	1	1	1	2	1	2	1	1	1	1	2	2	1	1	2	1	1	2	2	2	1	1	2	1	1	1	1	2	1	1	1	2	1	1	1	1	1	1	1	1	1	1	2	1	1	1	1	1	1	1	1	2	2	1	2	1	1	1	1	2	1	1	1	1	2	1	1	1	1	1	1	1	1	2	1	1	1	2	2	1	2	1	1	1	1	1	1	1	1	2	1	1	1	1	1	1	1	1	2	2	1	2	2	2	1	1	1	1	2	1	1	2	1	2	2	1	1	1	1	2	2	2	1	1	2	1	1	1	1	1	2	2	2	1	1	1	1	1	2	1	1	1	1	2	1	1	1	1	2	1	2	1	1	1	1	1	1	2	1	1	1	2	1	1	1	1	2	1	1	2	1	1	1	1	2	2	1	2	1	1	1
IND010	1	2	2	1	1	1	2	1	2	1	1	2	1	2	2	1	1	1	1	1	2	1	1	1	2	1	1	1	1	2	2	1	1	1	1	1	2	1	2	1	1	2	1	1	1	1	2	1	1	1	2	1	1	1	1	2	1	1	1	1	1	1	1	1	1	1	1	1	1	2	2	2	1	2	1	1	1	1	2	2	1	1	1	2	1	1	1	1	1	1	1	1	2	1	1	1	1	1	1	2	1	1	2	1	1	1	1	1	2	1	1	1	1	2	1	2	1	1	2	2	2	2	1	1	2	2	2	1	1	1	2	1	2	1	1	1	1	1	2	2	2	1	1	2	2	1	1	1	1	2	1	1	1	1	1	1	2	2	1	1	1	1	1	1	1	2	1	2	1	1	2	1	2	1	1	1	2	1	1	1	2	1	2	1	1	1	1	1	1	1	1	1	1	2	2	1	2	1	1	1
IND011	1	2	2	1	2	1	1	1	2	2	1	2	1	2	2	1	1	1	1	1	1	2	2	2	2	1	2	1	1	2	1	1	1	2	1	1	2	1	2	1	1	2	1	1	1	1	2	1	1	1	2	1	1	1	1	1	1	1	2	1	1	1	1	1	1	1	1	1	1	2	2	2	1	2	1	1	1	1	2	2	1	1	1	1	1	1	1	1	1	1	1	1	1	2	1	1	1	2	1	2	1	1	2	1	1	1	1	1	2	1	1	1	1	1	2	2	2	1	1	1	1	2	2	1	2	1	1	2	1	1	2	1	2	2	1	1	1	1	2	2	2	2	1	2	1	1	1	1	1	1	2	2	1	1	1	1	2	2	2	1	1	1	2	1	1	1	1	2	1	1	2	1	1	1	1	1	1	1	1	1	2	1	1	1	1	2	1	1	2	1	1	1	1	2	1	1	2	1	1	1
IND012	1	2	2	1	2	1	1	1	1	2	1	2	1	2	2	1	1	1	1	2	1	1	2	1	2	1	1	1	1	2	2	1	1	1	1	1	2	2	2	1	1	1	1	2	1	1	2	1	1	1	2	2	1	1	1	2	1	1	2	1	1	2	1	1	1	2	1	1	1	2	1	2	1	2	1	1	1	1	2	1	1	1	1	1	1	1	1	1	1	1	1	1	1	1	1	1	2	2	1	1	1	1	2	1	1	1	1	1	1	1	1	1	1	2	1	2	1	1	2	1	2	1	1	1	2	2	2	2	1	1	1	1	2	2	2	1	1	1	2	1	2	2	2	1	1	2	1	1	1	1	1	2	1	1	1	1	2	2	2	1	1	1	2	1	1	2	1	2	1	2	1	1	2	1	1	1	2	1	1	1	2	1	2	1	1	1	1	1	2	1	1	1	1	2	2	1	2	1	1	1
IND013	2	2	2	1	2	1	1	1	1	1	1	1	2	2	2	2	2	1	1	1	2	2	2	2	2	1	2	1	1	2	1	1	1	1	1	1	2	1	2	1	1	2	1	2	1	1	2	1	1	1	2	1	1	1	1	1	1	1	2	2	1	1	1	1	1	2	1	1	1	2	2	2	1	2	1	1	1	1	2	1	1	1	1	1	1	1	1	1	1	1	1	1	2	1	1	1	1	1	1	2	1	1	2	1	1	1	1	1	2	1	1	2	1	1	2	1	2	1	2	1	2	1	2	1	1	2	2	2	1	1	1	1	2	1	2	1	1	1	2	2	2	2	2	2	2	1	1	1	1	2	2	2	1	1	1	1	1	2	1	1	1	1	1	1	1	1	1	2	1	1	2	1	1	1	1	1	1	1	1	1	2	1	1	1	1	1	1	1	2	1	1	1	1	2	1	1	2	1	1	1
IND014	1	2	2	1	2	1	1	1	2	2	1	2	2	2	2	2	2	1	1	2	1	2	1	1	2	1	1	1	1	2	2	1	1	2	1	1	1	2	2	1	1	2	1	1	1	1	2	1	1	1	2	2	1	1	1	2	1	1	2	1	1	1	1	1	1	2	1	1	1	1	1	2	1	2	1	1	1	1	2	1	1	1	1	2	1	1	1	1	1	1	1	1	1	1	1	1	1	1	1	1	1	1	1	1	1	1	1	1	2	1	1	2	1	1	1	2	2	1	2	1	2	2	1	1	2	2	1	1	1	1	1	1	2	2	1	1	1	1	2	2	2	1	2	1	1	2	1	1	1	2	2	1	1	1	1	1	1	2	1	1	1	1	1	1	1	1	1	2	1	1	2	1	2	1	1	1	1	1	1	1	2	1	2	1	1	1	1	1	1	1	1	1	1	2	1	1	2	1	1	1
IND015	2	2	2	1	2	1	1	1	2	1	1	1	1	2	2	1	2	1	1	1	2	2	1	2	2	1	2	1	1	2	2	1	1	1	1	1	2	2	2	1	1	1	1	2	1	1	2	1	1	1	2	2	1	1	1	2	1	1	2	1	1	1	1	1	1	2	1	1	1	1	2	2	1	2	1	1	1	1	2	1	1	1	1	2	1	1	1	1	1	1	1	1	1	2	1	1	1	1	1	2	1	1	1	1	2	1	1	1	1	1	1	2	1	2	2	2	1	2	2	2	1	1	2	1	1	1	1	1	1	1	2	1	2	1	2	1	1	1	2	1	2	1	2	1	1	1	1	1	1	2	1	2	1	1	1	1	2	2	1	1	1	1	2	1	1	1	1	2	1	2	1	1	1	1	1	1	1	1	1	1	2	1	1	1	1	2	1	1	1	1	1	1	1	2	1	1	2	1	1	1
IND016	2	2	2	1	1	1	1	1	1	2	1	2	1	2	2	2	1	1	1	1	2	2	2	1	2	1	1	1	1	2	1	1	1	2	1	1	2	2	2	1	1	2	1	1	1	1	2	1	1	1	2	1	1	1	1	1	1	1	2	1	1	2	1	1	1	1	1	1	1	1	1	2	1	2	1	1	1	1	2	2	1	1	1	1	1	1	1	1	1	1	1	1	2	2	1	1	2	1	1	2	1	1	1	1	2	1	1	1	1	1	1	1	1	1	2	1	1	1	2	1	1	2	2	1	1	2	2	2	1	1	2	1	2	2	1	1	1	1	2	2	2	1	2	1	2	2	1	1	1	1	2	2	1	1	1	1	1	2	1	1	1	1	2	1	1	2	1	2	1	2	1	1	2	1	1	1	1	1	1	1	2	1	1	1	1	1	1	1	2	1	1	1	1	2	1	1	2	1	1	1
IND017	2	2	2	1	1	1	2	1	1	2	1	1	1	2	2	2	1	1	1	1	2	1	2	2	2	1	2	1	1	2	1	1	1	1	1	1	1	2	2	1	1	2	1	2	1	1	2	1	1	1	2	1	1	1	1	1	1	1	2	1	1	2	1	1	1	2	1	1	1	2	1	2	1	2	1	1	1	1	2	1	1	1	1	1	1	1	1	1	1	1	1	1	2	2	1	1	2	1	1	2	1	1	1	1	1	1	1	1	2	1	1	1	1	1	1	1	2	2	1	1	2	2	1	1	2	2	1	1	1	1	1	1	2	1	2	1	1	1	2	1	2	1	2	2	2	1	1	1	1	1	2	1	1	1	1	1	2	2	1	1	1	1	2	1	1	1	1	2	1	1	2	1	2	1	1	1	1	1	1	1	2	1	1	1	1	1	1	1	1	1	1	1	1	2	2	1	2	1	1	1
IND018	1	2	2	1	2	1	1	1	1	2	1	2	1	2	2	2	1	1	1	1	1	1	2	2	2	1	1	1	1	2	2	1	1	1	1	1	2	2	2	1	1	1	1	1	1	1	2	1	1	1	2	1	1	1	1	2	1	1	2	1	1	1	1	1	1	1	1	1	1	1	1	2	1	2	1	1	1	1	2	2	1	1	1	2	1	1	1	1	1	1	1	1	2	1	1	1	1	2	1	2	1	1	1	1	1	1	1	1	2	1	1	2	1	2	2	1	1	2	1	2	1	1	2	1	1	2	1	1	1	1	1	1	2	2	2	1	1	1	2	2	2	2	1	2	2	1	1	1	1	1	2	2	1	1	1	1	2	2	2	1	1	1	1	1	1	1	1	2	1	2	2	1	1	1	1	1	2	1	1	1	2	1	1	1	1	2	1	1	1	1	1	1	1	2	2	1	1	1	1	1
IND019	1	2	2	1	1	1	2	1	1	1	1	1	1	2	2	2	2	1	1	1	1	1	1	1	2	1	2	1	1	2	2	1	1	1	1	1	2	1	2	1	1	1	1	1	1	1	2	1	1	1	2	2	1	1	1	2	1	1	1	1	1	1	1	1	1	1	1	1	1	1	2	2	1	2	1	1	1	1	2	1	1	1	1	1	1	1	1	1	1	1	1	1	1	2	1	1	1	2	1	1	1	1	2	1	1	1	1	1	2	1	1	1	1	2	2	1	1	1	1	2	1	1	2	1	2	2	2	1	1	1	2	1	2	2	2	1	1	1	2	2	2	2	1	2	2	2	1	1	1	2	1	2	1	1	1	1	2	2	1	1	1	1	1	1	1	2	1	2	1	1	2	1	2	1	1	1	2	1	1	1	2	1	2	1	1	2	1	1	1	1	1	1	1	2	2	1	1	1	1	1
IND020	1	2	2	1	2	1	1	1	2	1	1	2	1	2	2	1	2	1	1	2	2	2	2	1	2	1	2	1	1	2	2	1	1	1	1	1	1	2	2	1	1	2	1	2	1	1	2	1	1	1	2	2	1	1	1	2	1	1	1	1	1	1	1	1	1	1	1	1	1	1	1	2	1	2	1	1	1	1	2	2	1	1	1	2	1	1	1	1	1	1	1	1	1	2	1	1	2	2	1	2	1	1	2	1	2	1	1	1	1	1	1	2	1	2	1	1	2	2	1	2	1	1	1	1	1	2	1	1	1	1	1	1	2	2	2	1	1	1	2	2	2	2	2	2	2	1	1	1	1	1	1	2	1	1	1	1	1	2	2	1	1	1	1	1	1	1	1	2	1	1	2	1	2	1	1	1	2	1	1	1	2	1	2	1	1	2	1	1	1	1	1	1	1	2	1	1	1	1	1	1
IND021	1	1	1	1	2	1	1	1	1	1	1	1	1	2	2	2	1	1	1	1	1	1	1	1	2	1	2	2	2	2	1	1	1	1	1	1	1	2	1	1	1	2	2	1	1	2	1	2	1	1	1	2	1	1	1	2	1	1	1	1	1	1	1	1	1	1	1	1	1	2	1	1	1	2	1	2	1	2	1	1	1	1	1	2	2	1	1	1	2	2	2	1	1	1	1	1	2	1	2	2	1	1	1	1	1	1	1	1	1	1	1	2	1	1	1	1	2	1	1	1	2	2	1	1	1	1	1	1	1	1	1	1	1	1	2	1	1	2	1	2	1	1	1	2	1	1	2	1	1	1	2	1	1	2	1	1	1	1	1	1	1	1	1	1	1	1	1	1	1	2	2	1	1	1	2	1	1	2	2	2	1	1	1	1	2	1	1	1	2	1	2	1	1	1	1	1	1	1	1	1
IND022	2	1	1	1	2	1	1	2	1	1	1	1	1	1	2	2	1	1	1	1	1	1	2	1	1	1	1	1	2	2	1	1	2	1	2	1	1	2	1	1	1	1	2	1	1	2	1	1	1	1	2	2	1	1	2	1	1	1	1	1	1	1	1	1	1	2	1	1	1	2	1	2	1	2	1	2	2	1	1	2	1	1	1	2	2	1	1	1	1	1	1	2	1	1	1	1	2	2	2	2	1	1	1	1	1	1	1	1	2	2	1	1	1	1	1	1	1	1	1	2	1	2	2	1	1	1	1	1	1	1	1	1	1	1	2	1	1	2	2	2	1	1	1	1	1	1	2	1	1	1	1	1	1	1	1	1	1	1	1	1	1	1	1	1	1	1	1	2	1	2	1	1	1	1	2	1	1	2	1	1	1	2	1	1	1	2	1	1	1	1	2	1	2	1	1	2	1	1	1	1
IND023	1	1	1	1	1	1	1	1	1	1	1	2	1	2	2	2	2	1	1	1	1	1	2	1	2	1	1	2	2	2	1	2	2	1	1	1	1	2	1	1	1	1	1	1	1	2	1	2	1	1	1	1	1	1	1	2	1	1	1	1	1	1	1	1	1	1	1	1	2	2	1	1	1	2	2	2	2	1	1	1	1	1	1	2	1	1	1	1	1	2	1	1	1	1	1	1	2	1	1	2	1	1	1	1	1	1	2	1	1	2	1	2	1	1	1	1	1	1	1	2	2	1	2	1	1	1	1	1	1	1	1	1	1	1	1	1	1	2	1	2	1	1	1	2	1	1	2	1	1	1	2	1	1	1	1	1	2	1	1	1	2	1	1	1	1	1	1	2	1	2	1	1	1	1	2	1	1	2	1	2	2	1	1	1	1	2	1	2	2	1	2	1	1	1	1	2	1	1	1	1
IND024	1	1	1	1	1	1	1	2	1	1	1	2	1	1	2	2	1	1	1	1	1	1	2	2	1	1	2	1	2	2	1	1	2	1	2	1	1	2	1	1	1	1	2	1	1	2	1	2	1	1	1	1	1	1	2	1	1	1	1	1	1	2	1	1	1	1	1	1	2	2	1	2	1	2	1	2	2	2	1	2	1	1	1	2	1	1	1	1	1	1	2	2	1	1	1	1	1	2	1	2	1	1	1	1	1	1	1	1	1	2	1	1	1	1	1	1	1	1	1	2	2	1	2	1	1	1	1	2	1	1	1	1	1	1	2	1	1	2	2	1	1	1	1	1	1	1	1	1	1	1	1	1	1	2	1	1	1	1	1	1	1	1	1	1	1	1	1	2	1	2	1	1	1	1	1	1	1	2	2	2	2	2	1	1	1	2	1	2	1	1	2	1	2	1	1	1	1	1	1	1
IND025	2	1	1	1	2	1	1	1	1	1	1	2	1	1	2	1	2	1	1	1	1	1	1	1	1	1	1	2	2	2	1	2	1	1	2	1	1	2	1	1	1	2	1	1	1	2	1	2	1	1	2	1	2	1	1	1	1	1	1	1	1	1	1	1	1	2	1	1	2	2	1	2	1	2	2	2	2	1	1	2	1	1	1	1	2	1	1	1	2	2	2	1	1	1	1	1	1	1	1	2	1	1	1	1	1	1	1	1	1	1	1	2	1	1	1	1	1	1	1	2	2	2	2	1	1	2	1	1	1	1	1	1	1	1	2	1	1	2	1	2	1	1	1	2	1	1	2	1	1	1	2	1	1	1	1	1	1	1	1	1	1	1	1	1	1	1	1	1	1	2	1	1	1	1	2	1	1	2	2	2	1	2	1	1	1	1	1	2	2	1	2	1	2	1	1	1	1	1	1	1
IND026	2	1	1	1	2	1	1	1	1	1	1	1	1	2	2	1	2	1	1	1	1	1	2	1	2	1	1	1	2	1	1	1	2	1	2	1	1	2	1	1	1	2	2	1	1	2	1	2	1	2	2	1	1	1	1	1	1	1	1	1	1	2	1	2	1	2	1	1	2	2	1	2	1	2	1	2	2	2	1	1	1	1	1	2	1	1	1	1	1	1	1	2	1	1	1	1	1	1	1	2	1	1	1	1	1	1	1	1	1	1	1	2	1	1	1	1	1	1	1	2	2	2	1	1	1	1	1	1	1	1	1	1	1	1	1	1	1	2	1	2	1	1	1	2	1	1	1	1	1	1	1	1	1	2	1	1	1	1	1	1	2	1	1	1	1	1	1	1	1	2	1	1	1	1	1	1	1	2	1	1	2	2	1	1	2	1	1	2	2	1	2	1	2	1	1	1	1	1	1	1
IND027	2	1	1	1	2	1	1	1	1	1	1	1	1	1	2	2	2	1	1	1	1	1	1	2	2	1	2	1	2	1	1	2	1	1	1	1	1	2	1	1	1	2	1	1	1	2	1	2	1	1	2	2	1	1	1	2	1	1	1	1	1	2	1	2	1	2	1	1	2	2	2	1	1	2	1	2	2	2	1	1	1	1	1	2	2	1	1	1	2	1	1	1	1	1	1	1	2	1	1	2	1	1	1	1	1	1	2	1	1	1	1	2	1	1	1	1	1	1	1	1	2	2	1	1	1	1	1	1	1	1	1	1	1	1	1	1	1	2	1	1	1	1	1	1	1	1	1	1	1	1	1	1	1	1	1	1	1	1	1	1	1	1	1	1	1	1	1	2	1	2	1	1	1	1	2	1	1	2	2	1	2	1	1	1	1	1	1	2	2	1	2	1	1	1	1	2	1	1	1	1
IND028	1	1	1	1	2	1	1	2	1	1	1	2	1	2	2	1	2	1	1	1	1	1	2	1	1	2	1	1	2	2	1	1	1	1	2	1	1	2	1	1	1	2	2	1	1	2	1	2	1	1	2	2	2	1	1	1	1	1	1	1	1	1	1	2	1	1	1	1	2	2	1	1	1	2	2	2	1	2	1	1	1	1	1	2	2	1	1	1	2	2	1	2	1	1	1	1	1	1	1	2	1	1	1	1	1	1	1	1	2	1	1	2	1	1	1	1	1	1	1	2	1	2	2	1	1	1	1	2	1	1	1	1	1	1	1	1	1	2	2	2	1	1	1	1	1	1	2	1	1	1	1	1	1	1	1	1	1	1	1	1	1	1	1	1	1	1	1	1	1	2	2	1	1	1	2	1	1	2	2	1	1	2	1	1	2	2	1	1	2	1	2	1	2	1	1	2	1	1	1	1
IND029	2	1	1	1	1	1	1	1	1	1	1	2	1	2	2	1	2	1	1	1	1	1	2	2	1	2	2	2	2	2	1	1	2	1	1	1	1	2	1	1	1	1	2	1	1	2	1	1	1	2	1	2	1	1	1	1	1	1	1	1	1	1	1	2	1	1	1	1	2	2	1	1	1	2	2	2	1	2	1	1	1	1	1	2	2	1	1	1	1	1	2	2	1	1	1	1	1	2	2	2	1	1	1	1	1	1	1	1	1	2	1	1	1	1	1	1	1	1	1	2	2	1	2	1	1	2	1	1	1	1	1	1	1	1	2	1	1	2	1	2	1	1	1	2	1	1	1	1	1	1	1	1	1	2	1	1	1	1	1	1	2	1	1	1	1	1	1	1	1	2	2	1	1	1	1	1	1	2	1	1	2	2	1	1	1	2	1	1	2	1	2	1	1	1	1	2	1	1	1	1
IND030	2	1	1	1	2	1	1	2	1	1	1	1	1	2	2	1	1	1	1	1	1	1	1	1	2	1	1	1	2	2	1	2	2	1	1	1	1	2	1	1	1	1	1	1	1	2	1	2	1	1	2	1	2	1	1	2	1	1	1	1	1	2	1	1	1	1	1	1	2	2	1	2	1	2	1	2	2	2	1	2	1	1	1	1	2	1	1	1	2	1	1	2	1	1	1	1	2	2	2	2	1	1	1	1	1	1	1	1	1	1	1	1	1	1	1	1	1	1	1	2	2	1	2	1	1	1	1	1	1	1	1	1	1	1	1	1	1	2	2	1	1	1	1	2	1	1	2	1	1	1	1	1	1	1	1	1	1	1	1	1	1	1	1	1	1	1	1	1	1	2	2	1	1	1	2	1	1	2	2	1	2	2	1	1	2	1	1	2	2	1	2	1	2	1	1	2	1	1	1	1
IND031	1	1	1	1	1	1	1	2	1	1	1	1	1	1	2	1	1	1	1	1	1	1	2	2	2	2	1	2	2	1	1	2	2	1	2	1	1	2	1	1	1	1	2	1	1	2	1	1	1	1	1	1	1	1	2	2	1	1	1	1	1	2	1	1	1	2	1	1	2	2	2	1	1	2	2	2	1	2	1	2	1	1	1	1	1	1	1	1	1	1	2	1	1	1	1	1	1	2	2	2	1	1	1	1	1	1	1	1	1	1	1	2	1	1	1	1	2	1	1	1	1	2	2	1	1	1	1	2	1	1	1	1	1	1	1	1	1	2	1	2	1	1	1	1	1	1	1	1	1	1	1	1	1	1	1	1	2	1	1	1	1	1	1	1	1	1	1	2	1	2	1	1	1	1	1	1	1	2	2	1	2	1	1	1	1	1	1	1	2	1	2	1	2	1	1	2	1	1	1	1
IND032	1	1	1	1	1	1	1	2	1	1	1	1	1	1	2	2	2	1	1	1	1	1	1	2	2	1	2	1	2	2	1	2	2	1	1	1	1	2	1	1	1	2	1	1	1	2	1	1	1	2	1	1	1	1	1	2	1	1	1	1	1	1	1	2	1	1	1	1	2	2	1	2	1	2	2	2	2	2	1	1	1	1	1	2	2	1	1	1	1	1	1	1	1	1	1	1	2	1	1	2	1	1	1	1	1	1	1	1	2	1	1	1	1	1	1	1	1	1	1	1	2	2	1	1	1	2	1	1	1	1	1	1	1	1	1	1	1	2	1	1	1	1	1	1	1	1	2	1	1	1	2	1	1	1	1	1	1	1	1	1	1	1	1	1	1	1	1	2	1	2	2	1	1	1	1	1	1	2	2	1	1	2	1	1	2	2	1	2	1	1	2	1	1	1	1	2	1	1	1	1
IND033	2	1	1	1	2	1	1	2	1	1	1	1	1	1	2	2	1	1	1	1	1	1	1	2	1	2	2	2	2	2	1	2	2	1	1	1	1	2	1	1	1	2	1	1	1	2	1	2	1	1	1	1	1	1	1	1	1	1	1	1	1	1	1	1	1	1	1	1	2	2	1	2	1	2	1	2	1	1	1	2	1	1	1	2	2	1	1	1	1	1	1	1	1	1	1	1	2	2	1	2	1	1	1	1	1	1	1	1	2	1	1	1	1	1	1	1	2	1	1	1	2	1	2	1	1	2	1	1	1	1	1	1	1	1	1	1	1	2	1	1	1	1	1	1	1	1	2	1	1	1	2	1	1	2	1	1	1	1	1	1	2	1	1	1	1	1	1	1	1	2	1	1	1	1	2	1	1	2	2	1	2	1	1	1	1	2	1	1	1	1	2	1	1	1	1	2	1	1	1	1
IND034	2	1	1	1	2	1	1	1	1	1	1	2	1	1	2	2	2	1	1	1	1	1	1	1	2	2	2	1	2	2	1	2	2	1	2	1	1	2	1	1	1	2	1	1	1	2	1	1	1	2	1	2	2	1	2	1	1	1	1	1	1	2	1	2	1	1	1	1	1	2	1	2	1	2	1	2	2	2	1	2	1	1	1	2	1	1	1	1	2	2	2	1	1	1	1	1	2	2	2	2	1	1	1	1	1	1	2	1	1	2	1	1	1	1	1	1	2	1	1	2	1	1	1	1	1	1	1	2	1	1	1	1	1	1	1	1	1	2	1	1	1	1	1	2	1	1	1	1	1	1	1	1	1	2	1	1	1	1	1	1	1	1	1	1	1	1	1	1	1	2	2	1	1	1	1	1	1	2	2	1	2	1	1	1	2	2	1	2	2	1	2	1	2	1	1	1	1	1	1	1
IND035	2	1	1	1	2	1	1	1	1	1	1	2	1	1	2	1	2	1	1	1	1	1	1	1	1	1	1	2	2	1	1	2	1	1	2	1	1	2	1	1	1	2	1	1	1	2	1	2	1	1	1	1	2	1	2	2	1	1	1	1	1	2	1	1	1	2	1	1	1	2	1	2	1	2	2	2	1	1	1	1	1	1	1	1	2	1	1	1	2	2	1	1	1	1	1	1	2	2	1	2	1	1	1	1	1	1	2	1	1	1	1	1	1	1	1	1	1	1	1	1	2	1	2	1	1	1	1	1	1	1	1	1	1	1	1	1	1	2	1	2	1	1	1	2	1	1	1	1	1	1	2	1	1	2	1	1	1	1	1	1	1	1	1	1	1	1	1	2	1	2	2	1	1	1	1	1	1	2	1	2	1	2	1	1	2	2	1	1	2	1	2	1	1	1	1	1	1	1	1	1
IND036	2	1	1	1	1	1	1	2	1	1	1	1	1	2	2	1	2	1	1	1	1	1	2	2	1	2	1	2	2	1	1	2	1	1	2	1	1	2	1	1	1	2	1	1	1	2	1	2	1	2	2	2	2	1	1	1	1	1	1	1	1	2	1	2	1	1	1	1	2	2	1	1	1	2	2	2	1	1	1	2	1	1	1	1	1	1	1	1	1	1	2	1	1	1	1	1	2	2	2	2	1	1	1	1	1	1	1	1	1	1	1	1	1	1	1	1	1	1	1	1	2	2	1	1	1	1	1	2	1	1	1	1	1	1	2	1	1	2	2	1	1	1	1	1	1	1	2	1	1	1	1	1	1	2	1	1	2	1	1	1	2	1	1	1	1	1	1	2	1	2	1	1	1	1	1	1	1	2	2	1	1	1	1	1	1	2	1	2	2	1	2	1	1	1	1	1	1	1	1	1
IND037	2	1	1	1	1	1	1	1	1	1	1	2	1	2	2	2	2	1	1	1	1	1	2	1	1	2	1	1	2	2	1	2	1	1	1	1	1	2	1	1	1	2	1	1	1	2	1	1	1	1	2	2	1	1	1	2	1	1	1	1	1	2	1	1	1	1	1	1	1	2	1	1	1	2	2	2	2	2	1	2	1	1	1	1	1	1	1	1	1	2	2	1	1	1	1	1	2	2	2	2	1	1	1	1	1	1	2	1	1	2	1	2	1	1	1	1	2	1	1	1	1	1	1	1	1	1	1	1	1	1	1	1	1	1	1	1	1	2	2	1	1	1	1	1	1	1	1	1	1	1	2	1	1	1	1	1	2	1	1	1	2	1	1	1	1	1	1	2	1	2	1	1	1	1	2	1	1	2	1	1	2	1	1	1	1	2	1	2	1	1	2	1	1	1	1	2	1	1	1	1
IND038	2	1	1	1	1	1	1	2	1	1	1	2	1	1	2	2	2	1	1	1	1	1	1	1	1	1	1	1	2	1	1	2	1	1	2	1	1	2	1	1	1	2	2	1	1	2	1	1	1	1	1	2	1	1	2	1	1	1	1	1	1	1	1	2	1	1	1	1	2	2	1	1	1	2	2	2	1	2	1	1	1	1	1	2	2	1	1	1	1	1	1	1	1	1	1	1	1	1	1	2	1	1	1	1	1	1	1	1	2	1	1	2	1	1	1	1	2	1	1	2	2	2	1	1	1	2	1	1	1	1	1	1	1	1	1	1	1	2	2	2	1	1	1	1	1	1	2	1	1	1	2	1	1	2	1	1	1	1	1	1	1	1	1	1	1	1	1	2	1	2	1	1	1	1	1	1	1	2	2	1	1	2	1	1	2	2	1	1	2	1	2	1	1	1	1	1	1	1	1	1
IND039	2	1	1	1	1	1	1	1	1	1	1	2	1	1	2	1	1	1	1	1	1	1	1	1	1	1	2	2	2	1	1	2	1	1	1	1	1	2	1	1	1	2	2	1	1	2	1	2	1	2	1	2	2	1	2	1	1	1	1	1	1	1	1	1	1	2	1	1	1	2	2	2	1	2	2	2	1	1	1	1	1	1	1	2	2	1	1	1	2	2	1	1	1	1	1	1	1	1	2	2	1	1	1	1	1	1	1	1	2	2	1	2	1	1	1	1	2	1	1	1	2	1	2	1	1	1	1	2	1	1	1	1	1	1	2	1	1	2	1	1	1	1	1	2	1	1	1	1	1	1	1	1	1	2	1	1	2	1	1	1	2	1	1	1	1	1	1	1	1	2	1	1	1	1	2	1	1	2	1	1	1	2	1	1	1	1	1	1	2	1	2	1	1	1	1	1	1	1	1	1
IND040	2	1	1	1	1	1	1	1	1	1	1	2	1	2	2	1	1	1	1	1	1	1	1	1	1	2	2	1	2	2	1	2	2	1	2	1	1	2	1	1	1	1	2	1	1	2	1	1	1	1	1	2	1	1	1	2	1	1	1	1	1	2	1	1	1	2	1	1	1	2	1	2	1	2	1	2	1	2	1	1	1	1	1	2	1	1	1	1	1	1	1	2	1	1	1	1	1	2	2	2	1	1	1	1	1	1	2	1	1	2	1	2	1	1	1	1	1	1	1	1	1	1	2	1	1	1	1	1	1	1	1	1	1	1	1	1	1	2	2	2	1	1	1	1	1	1	2	1	1	1	1	1	1	2	1	1	1	1	1	1	1	1	1	1	1	1	1	2	1	2	2	1	1	1	1	1	1	2	1	2	2	2	1	1	2	2	1	2	1	1	2	1	2	1	1	1	1	1	1	1
IND041	1	1	2	2	1	2	2	1	1	2	1	2	2	2	1	1	2	2	1	2	1	2	1	2	1	1	1	1	2	1	1	2	1	1	1	1	1	2	2	1	1	1	1	1	1	2	1	2	1	1	2	1	2	1	2	1	1	1	1	1	1	1	1	1	1	1	1	1	1	2	2	1	2	1	1	2	1	1	1	1	1	1	1	1	2	1	1	2	2	1	2	1	2	1	2	2	1	2	1	1	2	2	2	2	1	2	2	1	1	1	1	2	1	1	1	1	1	1	1	1	2	1	2	1	1	2	2	1	1	2	1	1	2	1	2	1	2	1	1	2	1	2	1	1	1	1	1	1	2	1	1	2	1	1	1	1	2	1	1	2	1	1	2	2	1	1	1	1	2	1	1	1	2	1	1	1	1	1	1	1	2	1	2	2	1	1	1	1	1	2	1	1	1	1	2	1	1	1	1	1
IND042	1	1	2	2	1	1	1	2	2	2	1	2	2	2	2	1	1	2	1	1	1	1	1	2	1	1	1	1	2	1	1	1	1	1	1	1	1	2	2	1	1	1	1	1	1	1	1	2	1	1	1	1	2	1	1	1	1	1	1	1	1	1	1	1	1	1	1	1	2	1	1	2	2	2	1	2	1	1	1	1	1	1	1	1	1	1	2	2	2	1	2	1	1	1	1	1	1	2	1	2	2	2	1	1	1	2	2	2	1	1	1	2	1	1	1	1	1	1	2	1	1	1	1	1	1	2	2	1	1	1	1	1	2	1	2	1	2	1	1	2	1	2	1	2	1	1	2	1	2	1	1	2	1	1	1	1	1	1	1	2	1	1	2	2	1	2	1	1	2	1	1	1	2	1	1	1	1	2	1	1	1	1	2	2	1	1	1	1	1	2	1	1	1	1	2	1	1	1	1	2
IND043	1	1	1	1	1	1	2	2	1	2	1	2	2	1	2	1	1	2	1	1	1	2	2	2	1	1	1	1	2	1	1	1	1	1	1	1	1	2	1	1	2	1	1	1	1	1	1	2	1	1	1	1	2	1	2	1	1	1	1	1	1	1	1	1	1	1	1	1	2	2	1	2	1	1	1	2	1	1	1	1	1	1	1	1	2	1	2	2	2	1	1	1	2	1	1	2	1	2	1	2	2	2	2	2	2	2	2	2	1	1	1	2	1	1	1	1	1	1	2	1	2	1	2	2	1	2	1	1	2	1	1	1	2	1	2	1	1	2	1	2	1	2	1	1	1	1	1	1	2	1	1	2	1	1	1	1	1	2	1	2	2	1	1	2	1	2	2	1	2	1	1	1	2	1	1	1	1	1	1	1	1	1	2	2	1	1	1	1	1	2	1	1	1	1	2	1	1	1	1	2
IND044	1	1	1	2	1	1	1	2	1	2	1	2	1	2	2	1	2	2	1	2	1	2	1	1	1	1	1	1	2	1	1	2	1	1	1	1	1	2	2	1	2	1	1	1	1	1	1	2	1	1	2	1	1	1	1	1	1	1	1	1	1	1	1	1	1	1	1	2	2	1	2	1	2	2	1	2	1	1	1	1	1	1	1	1	1	1	2	2	2	1	1	1	1	1	1	1	1	2	1	2	2	2	2	2	2	2	1	1	1	1	1	2	1	1	1	1	1	1	1	1	1	1	1	2	1	2	1	1	2	2	2	1	2	1	1	1	2	1	1	1	1	2	1	2	1	1	1	2	2	1	1	2	1	1	1	1	2	1	1	2	1	1	1	2	1	1	1	1	2	1	1	1	2	1	1	1	1	2	1	1	1	1	2	2	1	1	1	1	1	2	1	1	2	1	2	1	1	1	1	2
IND045	1	1	1	1	1	1	2	1	1	1	1	2	2	2	1	1	1	2	1	1	1	2	2	2	1	1	1	1	2	1	1	1	1	1	1	1	1	2	2	1	2	1	1	1	1	1	1	2	1	1	1	1	1	1	1	1	1	1	1	1	2	1	1	2	1	1	1	1	2	2	2	2	1	2	1	2	1	1	1	1	1	1	1	1	1	1	2	2	2	1	2	1	2	1	1	2	1	2	1	1	1	2	2	2	1	2	2	1	1	1	1	2	1	1	1	1	1	1	2	1	1	1	1	1	1	2	2	1	2	1	1	1	2	1	1	1	1	2	1	2	1	2	1	2	1	1	1	2	2	1	1	2	1	1	1	1	1	2	1	2	1	1	1	1	1	2	1	1	2	1	1	1	2	1	1	1	1	1	1	1	2	1	2	2	1	1	1	1	1	2	1	1	1	1	2	1	1	1	1	2
IND046	1	1	2	2	1	2	1	1	2	2	1	2	2	1	1	1	1	2	1	2	1	1	2	1	1	1	1	1	2	1	1	2	1	1	1	1	1	2	1	1	1	1	1	1	1	1	1	2	1	1	1	1	1	1	2	1	1	1	1	1	1	1	1	2	1	1	1	1	2	1	2	1	2	2	1	2	1	1	1	1	1	1	1	1	1	1	2	2	2	1	2	1	1	1	1	2	1	2	1	2	2	2	2	1	2	2	1	2	1	1	1	2	1	1	1	1	1	1	2	1	2	1	2	2	1	2	2	1	1	1	1	1	2	1	2	1	1	2	1	2	1	2	1	1	1	1	2	1	2	1	1	2	1	1	1	1	1	2	1	2	2	1	2	2	1	2	1	1	2	1	1	1	2	1	1	1	1	1	1	1	1	1	2	2	1	1	1	1	1	2	1	1	2	1	2	1	1	1	1	2
IND047	1	1	2	1	1	1	2	1	2	1	1	2	1	1	1	1	1	2	1	1	1	2	1	1	1	1	1	1	2	1	1	1	1	1	1	1	1	2	2	1	1	1	1	1	1	2	1	2	1	1	1	1	2	1	1	1	1	1	1	1	1	1	1	1	1	1	1	1	2	2	2	2	2	1	1	2	1	1	1	1	1	1	1	1	1	1	2	2	2	1	2	1	1	1	1	1	1	2	1	2	1	2	1	1	1	2	1	2	1	1	1	2	1	1	1	1	1	1	2	1	1	1	2	1	1	2	1	1	2	2	1	1	2	1	1	1	1	1	1	2	1	2	1	1	1	1	1	2	2	1	1	2	1	2	1	1	2	2	1	2	2	1	2	2	1	2	1	1	2	1	1	1	2	1	1	1	1	1	1	1	2	1	2	2	1	1	1	1	1	2	1	1	1	1	2	1	1	2	1	1
IND048	1	1	2	2	1	2	1	1	1	2	1	2	1	1	1	1	1	2	1	2	1	1	2	2	1	1	1	1	2	1	1	1	1	1	1	1	1	2	1	1	1	1	1	1	1	2	1	2	1	1	2	1	2	1	1	1	1	1	1	1	2	1	1	1	1	1	1	1	2	2	1	1	2	2	1	2	1	1	1	1	1	1	1	1	2	1	2	2	2	1	2	1	2	1	1	2	1	2	1	2	1	2	1	2	1	2	2	1	1	1	1	2	1	1	1	1	1	1	1	1	1	1	1	2	1	2	2	1	2	1	1	1	2	1	1	1	2	2	1	2	1	2	1	1	1	1	2	2	2	1	1	2	1	1	1	1	1	2	1	2	1	1	1	2	1	2	1	1	2	1	1	1	2	1	1	1	1	1	1	1	2	1	2	2	1	1	1	1	1	2	1	1	2	1	2	1	1	1	1	2
IND049	1	1	1	1	1	1	2	2	1	2	1	2	2	1	2	1	1	2	1	1	1	1	1	2	1	1	1	1	2	1	1	2	1	1	1	1	1	2	2	1	2	1	1	1	1	1	1	2	1	1	1	1	1	1	2	1	1	1	1	1	1	1	1	1	1	1	1	1	1	2	2	2	2	2	1	2	1	1	1	1	1	1	1	1	1	1	2	2	2	1	1	1	1	1	2	2	1	2	1	1	2	2	1	2	1	2	1	1	1	1	1	2	1	1	1	1	1	1	1	1	1	1	1	1	1	2	1	1	1	2	2	1	2	1	2	1	2	2	1	2	1	2	1	2	1	1	2	2	2	1	1	2	1	2	1	1	2	2	1	2	1	1	1	2	1	2	1	1	2	1	1	1	2	1	1	1	1	1	1	1	2	1	2	2	1	1	1	1	1	2	1	1	1	1	2	1	1	1	1	1
IND050	1	1	1	1	1	2	1	1	1	1	1	2	1	1	2	1	2	2	1	2	1	2	1	2	1	1	1	1	2	1	1	2	1	1	1	1	1	2	2	1	2	1	1	1	1	1	1	2	1	1	2	1	2	1	1	1	1	1	1	1	1	1	1	1	1	1	1	1	1	2	2	2	2	1	1	2	1	1	1	1	1	1	1	1	1	1	2	2	2	1	1	1	2	1	1	2	1	2	1	2	2	2	1	1	1	2	1	2	1	1	1	2	1	1	1	1	1	1	2	1	2	1	1	2	1	2	2	1	1	1	1	1	2	1	1	1	1	2	1	2	1	2	1	1	1	1	1	1	2	1	1	2	1	1	1	1	1	1	1	2	2	1	1	2	1	2	2	1	2	1	1	1	2	1	1	1	1	1	1	1	1	1	2	2	1	1	1	1	1	2	1	1	2	1	2	1	1	1	1	2
IND051	1	1	1	2	1	2	2	1	1	1	1	2	2	2	2	1	2	2	1	2	1	2	1	2	1	1	1	1	2	1	1	2	1	1	1	1	1	2	2	1	1	1	1	1	1	2	1	2	1	1	2	1	2	1	2	1	1	1	1	1	2	1	1	2	1	1	1	1	2	2	1	2	2	1	1	2	1	1	1	1	1	1	1	1	1	1	2	2	2	1	2	1	2	1	2	2	1	2	1	1	2	2	2	2	2	2	1	2	1	1	1	2	1	1	1	1	1	1	1	1	1	1	2	2	1	2	2	1	1	1	2	1	2	1	2	1	1	1	1	1	1	2	1	2	1	1	1	1	2	1	1	2	1	2	1	1	1	1	1	2	2	1	1	1	1	2	1	1	2	1	1	1	2	1	1	1	1	1	1	1	1	1	2	2	1	1	1	1	1	2	1	1	1	1	2	1	1	2	1	2
IND052	1	1	1	2	1	2	2	1	2	2	1	2	2	1	1	1	2	2	1	2	1	1	2	1	1	1	1	1	2	1	1	2	1	1	1	1	1	2	2	1	2	1	1	1	1	2	1	2	1	1	2	1	2	1	2	1	1	1	1	1	1	1	1	1	1	1	1	2	1	1	1	2	1	1	1	2	1	1	1	1	1	1	1	1	1	1	1	2	2	1	2	1	2	1	1	2	1	2	1	1	2	2	1	2	2	2	1	1	1	1	1	2	1	1	1	1	1	1	2	1	2	1	1	2	1	2	1	1	2	1	2	1	2	1	1	1	2	2	1	1	1	2	1	2	1	1	1	2	2	1	1	2	1	1	1	1	2	2	1	2	1	1	2	2	1	1	2	1	2	1	1	1	2	1	1	1	1	1	1	1	1	1	2	2	1	1	1	1	1	2	1	1	1	1	2	1	1	2	1	1
IND053	1	1	2	1	1	1	2	1	1	2	1	2	2	1	1	1	2	2	1	2	1	1	2	2	1	1	1	1	2	1	1	1	1	1	1	1	1	2	2	1	1	1	1	1	1	2	1	2	1	1	1	1	2	1	2	1	1	1	1	1	2	1	1	1	1	1	1	2	2	1	1	2	1	1	1	2	1	1	1	1	1	1	1	1	1	1	2	2	2	1	2	1	1	1	2	1	1	2	1	1	1	2	1	2	2	2	1	2	1	1	1	2	1	1	1	1	1	1	1	1	1	1	1	1	1	2	1	1	1	2	2	1	2	1	1	1	2	1	1	2	1	2	1	2	1	1	1	1	2	1	1	2	1	2	1	1	1	2	1	2	1	1	1	2	1	2	1	1	2	1	1	1	2	1	1	1	1	1	1	1	1	1	2	2	1	1	1	1	1	2	1	1	2	1	2	1	1	2	1	1
IND054	1	1	2	1	1	2	1	2	1	1	1	2	2	2	2	1	2	2	1	2	1	1	1	2	1	1	1	1	2	1	1	1	1	1	1	1	1	2	2	1	2	1	1	1	1	2	1	2	1	1	1	1	2	1	2	1	1	1	1	1	2	1	1	1	1	1	1	1	1	1	2	1	2	2	1	2	1	1	1	1	1	1	1	1	2	1	2	2	2	1	2	1	1	1	1	2	1	2	1	2	2	2	2	2	2	2	2	2	1	1	1	2	1	1	1	1	1	1	1	1	2	1	2	2	1	2	2	1	1	1	1	1	2	1	1	1	2	1	1	1	1	2	1	2	1	1	2	2	2	1	1	2	1	1	1	1	2	2	1	2	2	1	1	1	1	2	1	1	2	1	1	1	2	1	1	1	1	2	1	1	1	1	2	2	1	1	1	1	1	2	1	1	1	1	2	1	1	1	1	2
IND055	1	1	1	1	1	1	2	2	2	2	1	2	2	1	1	1	1	2	1	1	1	1	2	1	1	1	1	1	2	1	1	1	1	1	1	1	1	2	1	1	1	1	1	1	1	2	1	2	1	1	2	1	2	1	2	1	1	1	1	1	2	1	1	2	1	1	1	2	2	1	2	2	1	2	1	2	1	1	1	1	1	1	1	1	1	1	1	2	2	1	2	1	1	1	1	2	1	2	1	2	1	2	2	1	1	2	1	2	1	1	1	2	1	1	1	1	1	1	2	1	1	1	2	2	1	2	1	1	2	1	1	1	2	1	1	1	2	2	1	1	1	2	1	1	1	1	2	1	2	1	1	2	1	1	1	1	2	2	1	2	2	1	2	1	1	2	2	1	2	1	1	1	2	1	1	1	1	2	1	1	1	1	2	2	1	1	1	1	1	2	1	1	1	1	2	1	1	2	1	2
IND056	1	1	2	2	1	2	1	1	1	1	1	2	2	2	2	1	2	2	1	2	1	1	2	1	1	1	1	1	2	1	1	1	1	1	1	1	1	2	2	1	1	1	1	1	1	2	1	2	1	1	2	1	1	1	2	1	1	1	1	1	2	1	1	1	1	1	1	1	2	2	2	2	2	1	1	2	1	1	1	1	1	1	1	1	2	1	1	2	2	1	1	1	2	1	2	2	1	2	1	2	2	2	2	2	1	2	1	2	1	1	1	2	1	1	1	1	1	1	2	1	2	1	1	2	1	2	1	1	2	1	1	1	2	1	2	1	1	2	1	2	1	2	1	1	1	1	2	1	2	1	1	2	1	1	1	1	1	1	1	2	1	1	1	2	1	1	1	1	2	1	1	1	2	1	1	1	1	1	1	1	1	1	2	2	1	1	1	1	1	2	1	1	2	1	2	1	1	2	1	2
IND057	1	1	1	2	1	2	2	1	2	1	1	2	2	1	1	1	1	2	1	2	1	2	1	1	1	1	1	1	2	1	1	2	1	1	1	1	1	2	2	1	2	1	1	1	1	1	1	2	1	1	2	1	2	1	1	1	1	1	1	1	2	1	1	1	1	1	1	1	2	1	1	1	1	1	1	2	1	1	1	1	1	1	1	1	1	1	1	2	2	1	2	1	2	1	1	2	1	2	1	1	2	2	1	1	1	2	2	1	1	1	1	2	1	1	1	1	1	1	1	1	2	1	1	1	1	2	2	1	1	1	1	1	2	1	2	1	1	2	1	2	1	2	1	1	1	1	2	1	2	1	1	2	1	2	1	1	2	1	1	2	2	1	2	2	1	1	2	1	2	1	1	1	2	1	1	1	1	2	1	1	2	1	2	2	1	1	1	1	1	2	1	1	2	1	2	1	1	2	1	1
IND058	1	1	1	1	1	2	2	1	1	2	1	2	2	1	2	1	2	2	1	1	1	1	1	2	1	1	1	1	2	1	1	1	1	1	1	1	1	2	1	1	1	1	1	1	1	1	1	2	1	1	1	1	2	1	1	1	1	1	1	1	1	1	1	2	1	1	1	2	1	2	1	1	1	2	1	2	1	1	1	1	1	1	1	1	1	1	1	2	2	1	2	1	2	1	2	1	1	2	1	2	2	2	1	1	1	2	2	1	1	1	1	2	1	1	1	1	1	1	2	1	2	1	2	1	1	2	1	1	2	2	1	1	2	1	1	1	1	2	1	2	1	2	1	1	1	1	1	2	2	1	1	2	1	2	1	1	2	2	1	2	1	1	2	2	1	1	2	1	2	1	1	1	2	1	1	1	1	2	1	1	2	1	2	2	1	1	1	1	1	2	1	1	1	1	2	1	1	2	1	1
IND059	1	1	1	1	1	2	1	1	2	2	1	2	1	1	2	1	1	2	1	1	1	2	2	2	1	1	1	1	2	1	1	1	1	1	1	1	1	2	1	1	1	1	1	1	1	2	1	2	1	1	1	1	1	1	1	1	1	1	1	1	1	1	1	1	1	1	1	1	1	1	2	2	1	2	1	2	1	1	1	1	1	1	1	1	1	1	1	2	2	1	1	1	2	1	2	2	1	2	1	1	2	2	1	2	2	2	2	2	1	1	1	2	1	1	1	1	1	1	2	1	2	1	2	2	1	2	1	1	2	1	1	1	2	1	2	1	2	2	1	2	1	2	1	1	1	1	2	1	2	1	1	2	1	2	1	1	2	2	1	2	2	1	1	2	1	1	2	1	2	1	1	1	2	1	1	1	1	1	1	1	2	1	2	2	1	1	1	1	1	2	1	1	1	1	2	1	1	2	1	2
IND060	1	1	1	2	1	1	1	2	2	2	1	2	1	1	2	1	2	2	1	2	1	1	2	2	1	1	1	1	2	1	1	2	1	1	1	1	1	2	2	1	1	1	1	1	1	1	1	2	1	1	2	1	2	1	2	1	1	1	1	1	1	1	1	1	1	1	1	2	2	1	2	2	2	1	1	2	1	1	1	1	1	1	1	1	1	1	2	2	2	1	1	1	2	1	1	1	1	2	1	2	2	2	1	2	1	2	1	1	1	1	1	2	1	1	1	1	1	1	1	1	2	1	1	2	1	2	2	1	2	1	1	1	2	1	2	1	2	1	1	2	1	2	1	1	1	1	2	1	2	1	1	2	1	1	1	1	2	2	1	2	1	1	2	1	1	2	1	1	2	1	1	1	2	1	1	1	1	1	1	1	1	1	2	2	1	1	1	1	1	2	1	1	1	1	2	1	1	1	1	2
IND061	1	1	2	2	1	1	2	2	1	2	1	2	2	1	1	1	1	2	1	1	2	1	2	1	1	1	1	1	1	1	1	2	1	1	1	1	1	2	1	2	1	1	1	1	1	2	1	2	1	2	1	2	2	1	1	2	1	1	1	2	1	1	1	1	1	1	1	1	1	1	2	2	1	1	1	1	2	2	1	1	1	1	1	1	1	2	1	1	2	1	1	2	1	1	1	2	2	2	1	2	1	1	1	1	1	1	1	1	1	1	2	1	1	1	1	2	1	2	1	1	1	1	1	1	1	1	1	2	1	1	2	1	1	2	2	2	1	2	2	1	1	1	1	2	1	2	1	1	2	1	1	2	1	1	1	1	2	2	2	1	1	1	1	1	1	1	1	2	1	1	1	1	1	1	2	1	1	1	1	1	2	2	1	2	2	1	1	1	2	1	1	1	2	2	2	1	2	2	2	1
IND062	1	1	2	2	2	1	2	2	1	2	1	2	2	2	1	1	1	1	2	1	2	2	1	1	1	1	1	1	1	1	1	1	2	1	1	1	1	2	1	2	1	1	1	1	1	1	1	2	1	1	1	2	2	1	1	1	1	2	1	2	1	1	1	1	1	1	2	1	1	2	2	2	1	1	1	1	2	1	2	1	1	2	1	1	1	1	1	1	2	1	1	1	1	1	1	1	2	2	1	2	1	1	1	1	2	1	1	1	1	1	1	1	1	1	1	2	1	2	1	1	2	1	2	1	1	2	1	2	2	1	2	1	1	2	2	2	1	2	2	1	1	1	1	2	2	2	1	1	2	1	1	1	1	1	1	1	2	2	2	1	1	1	1	1	1	2	1	1	1	1	1	1	1	1	1	1	1	1	1	1	2	1	1	1	2	2	1	1	1	1	1	1	1	2	2	2	1	2	2	1
IND063	2	1	2	1	1	1	2	2	1	1	1	2	2	2	2	1	1	2	2	1	2	2	2	1	1	1	1	1	1	1	1	2	1	1	1	1	1	2	1	2	1	1	1	1	1	2	1	2	1	1	1	2	1	1	1	1	1	1	1	2	1	1	1	1	1	1	2	1	1	1	2	2	1	1	1	1	2	1	1	1	1	2	1	2	1	1	1	1	2	1	1	2	1	1	1	1	2	2	1	1	2	1	1	1	2	1	1	1	1	1	2	1	1	2	1	2	2	2	2	1	2	1	1	1	1	1	1	2	2	1	2	1	1	2	2	1	1	2	2	1	1	1	1	2	1	2	1	1	1	1	1	1	1	1	1	1	2	1	2	1	1	1	1	1	1	2	1	2	1	1	1	1	1	1	2	1	1	1	1	1	2	2	1	1	1	1	1	1	1	1	1	1	2	2	1	2	2	2	2	1
IND064	2	2	2	2	1	1	2	1	1	1	1	1	2	2	1	2	1	1	2	1	1	2	2	1	1	1	1	2	1	1	1	1	1	1	1	1	1	2	1	2	1	1	1	1	1	1	1	2	1	1	1	2	1	1	1	1	1	1	1	2	1	1	1	1	1	1	2	1	1	1	2	2	1	1	1	1	2	2	1	1	1	2	1	2	1	1	1	1	2	1	1	2	1	2	1	2	2	2	2	1	2	1	1	1	1	1	1	1	1	1	1	1	1	2	1	2	2	2	1	1	1	1	1	1	1	1	1	2	2	1	2	1	1	1	2	2	1	1	2	1	1	1	1	2	1	2	2	1	1	1	1	2	1	1	1	1	2	2	2	1	1	1	1	1	1	1	1	2	1	1	1	1	1	1	2	1	1	1	1	1	2	1	1	1	1	2	1	1	1	1	1	1	2	1	1	1	1	1	2	1
IND065	1	2	2	1	1	1	2	1	1	2	1	2	2	1	1	2	1	1	2	1	2	1	2	1	1	1	1	2	1	1	1	1	2	1	1	1	1	2	1	2	1	1	1	1	1	1	1	2	1	2	1	2	2	1	1	2	1	2	1	2	1	1	1	1	1	1	1	1	1	2	2	2	1	1	1	1	2	1	2	1	1	2	1	1	1	2	1	1	2	2	1	1	1	2	1	1	2	2	1	1	2	1	1	1	2	1	1	1	1	1	1	1	1	1	1	1	1	2	1	1	2	1	1	1	1	2	1	2	2	1	2	1	1	1	2	1	1	2	2	1	1	1	1	2	1	2	1	1	1	1	2	2	1	1	1	1	1	2	2	1	1	1	1	1	1	1	1	2	1	1	1	1	1	1	2	1	1	1	1	1	2	1	1	1	2	2	1	1	1	1	1	1	2	2	2	2	1	1	1	1
IND066	2	2	2	2	2	1	2	1	1	2	1	1	2	2	1	2	1	2	1	1	2	1	1	1	1	1	1	2	1	1	1	2	2	1	1	1	1	2	1	2	1	1	1	1	1	1	1	2	1	1	1	2	2	1	1	1	1	2	1	2	1	1	1	1	1	1	2	1	2	2	2	2	1	1	1	1	2	2	2	1	1	1	1	1	1	2	1	1	2	1	2	1	1	2	1	2	2	2	1	1	2	1	1	1	2	1	1	1	1	1	1	1	1	2	1	1	1	2	2	1	1	1	2	1	1	1	1	2	2	1	2	1	1	1	2	2	1	1	2	1	1	1	1	2	1	2	2	1	2	1	2	1	1	1	1	1	1	1	2	1	1	1	1	1	1	1	1	1	1	1	1	1	1	1	1	1	1	1	1	1	2	1	1	2	1	2	1	1	2	1	1	1	1	1	2	1	1	1	1	1
IND067	1	2	2	1	1	1	2	2	1	2	1	2	2	2	2	2	1	1	2	1	1	1	1	1	1	1	1	1	1	1	1	1	2	1	1	1	1	2	1	2	1	1	1	1	1	2	1	2	1	2	1	2	2	1	1	1	1	1	1	2	1	1	1	1	1	1	1	1	2	1	2	2	1	1	1	1	2	1	2	1	1	2	1	2	1	2	1	1	2	2	1	2	1	1	1	1	2	2	1	1	1	1	1	1	1	1	1	1	1	1	2	1	1	2	1	1	1	2	2	1	2	1	2	1	1	1	1	2	2	1	2	1	1	1	2	1	1	1	2	1	1	1	1	2	2	2	1	1	2	1	2	2	1	1	1	1	2	2	2	1	1	1	1	1	1	2	1	1	1	1	1	1	1	1	1	1	1	1	1	1	2	1	1	2	1	1	1	1	2	1	1	1	2	1	2	1	1	2	1	1
IND068	1	1	2	2	2	1	2	1	1	2	1	1	2	1	1	2	1	1	2	1	2	1	1	1	1	1	1	1	1	1	1	1	2	1	1	1	1	2	1	2	1	1	1	1	1	1	1	2	1	2	1	2	1	1	1	2	1	1	1	2	1	1	1	1	1	1	2	1	2	1	2	2	1	1	1	1	2	2	1	1	1	2	1	1	1	2	1	1	2	1	2	2	1	1	1	1	2	2	2	1	1	1	1	1	1	1	1	1	1	1	2	1	1	2	1	1	2	2	2	1	2	1	1	1	1	2	1	2	2	1	2	1	1	2	2	2	1	2	2	1	1	1	1	2	2	2	1	1	2	1	1	2	1	1	1	1	2	2	2	1	1	1	1	1	1	1	1	2	1	1	1	1	1	1	2	1	1	1	1	1	2	1	1	2	1	2	1	1	1	1	1	1	2	2	1	1	1	2	1	1
IND069	2	1	2	2	1	1	2	1	1	1	1	1	2	1	2	1	1	1	1	1	2	2	2	1	1	1	1	2	1	1	1	2	1	1	1	1	1	2	1	2	1	1	1	1	1	1	1	2	1	2	1	2	2	1	1	2	1	1	1	2	1	1	1	1	1	1	2	1	1	1	2	2	1	1	1	1	2	2	1	1	1	1	1	1	1	2	1	1	2	1	1	2	1	2	1	2	1	2	2	1	1	1	1	1	2	1	1	1	1	1	1	1	1	1	1	2	1	2	1	1	1	1	1	1	1	1	1	2	1	1	2	1	1	2	2	2	1	1	2	1	1	1	1	2	1	2	1	1	1	1	2	1	1	1	1	1	2	1	2	1	1	1	1	1	1	2	1	1	1	1	1	1	1	1	2	1	1	1	1	1	2	1	1	2	1	2	1	1	2	1	1	1	1	2	1	2	2	2	2	1
IND070	2	1	2	2	2	1	2	1	1	2	1	2	2	1	1	1	1	1	2	1	1	2	1	1	1	1	1	2	1	1	1	1	2	1	1	1	1	2	1	2	1	1	1	1	1	2	1	2	1	1	1	2	2	1	1	1	1	2	1	2	1	1	1	1	1	1	1	1	1	2	2	2	1	1	1	1	2	1	2	1	1	1	1	2	1	1	1	1	2	1	2	2	1	2	1	2	1	2	2	2	2	1	1	1	1	1	1	1	1	1	1	1	1	2	1	2	1	2	2	1	1	1	1	1	1	2	1	2	2	1	2	1	1	1	2	2	1	2	2	1	1	1	1	2	1	2	1	1	1	1	2	2	1	1	1	1	1	1	2	1	1	1	1	1	1	1	1	2	1	1	1	1	1	1	2	1	1	1	1	1	2	2	1	1	2	1	1	1	2	1	1	1	2	1	1	1	1	2	1	1
IND071	1	1	2	1	1	1	2	1	1	1	1	1	2	2	1	2	1	1	1	1	1	1	1	1	1	1	1	1	1	1	1	2	2	1	1	1	1	2	1	2	1	1	1	1	1	2	1	2	1	2	1	2	2	1	1	2	1	2	1	2	1	1	1	1	1	1	2	1	1	1	2	2	1	1	1	1	2	2	2	1	1	2	1	1	1	2	1	1	2	1	1	2	1	1	1	1	2	2	1	1	2	1	1	1	2	1	1	1	1	1	1	1	1	1	1	2	2	2	1	1	1	1	2	1	1	1	1	2	1	1	2	1	1	1	2	1	1	1	2	1	1	1	1	2	2	2	2	1	1	1	1	2	1	1	1	1	1	1	2	1	1	1	1	1	1	1	1	2	1	1	1	1	1	1	1	1	1	1	1	1	2	2	1	2	2	2	1	1	1	1	1	1	1	2	2	1	2	1	2	1
IND072	2	2	2	2	1	1	2	2	1	2	1	2	2	1	1	2	1	1	1	1	1	2	2	1	1	1	1	2	1	1	1	2	1	1	1	1	1	2	1	2	1	1	1	1	1	1	1	2	1	1	1	2	2	1	1	2	1	1	1	2	1	1	1	1	1	1	1	1	2	1	2	2	1	1	1	1	2	1	1	1	1	2	1	1	1	2	1	1	2	2	1	1	1	2	1	1	2	2	2	1	1	1	1	1	1	1	1	1	1	1	1	1	1	2	1	2	2	2	1	1	1	1	2	1	1	2	1	2	1	1	2	1	1	1	2	1	1	2	2	1	1	1	1	2	1	2	2	1	1	1	2	1	1	1	1	1	2	2	2	1	1	1	1	1	1	2	1	1	1	1	1	1	1	1	2	1	1	1	1	1	2	2	1	2	1	2	1	1	2	1	1	1	1	1	2	1	2	1	2	1
IND073	1	1	2	2	2	1	2	2	1	2	1	1	2	1	2	1	1	1	2	1	1	2	1	1	1	1	1	1	1	1	1	1	1	1	1	1	1	2	1	2	1	1	1	1	1	2	1	2	1	2	1	2	1	1	1	2	1	1	1	2	1	1	1	1	1	1	1	1	2	1	2	2	1	1	1	1	2	1	1	1	1	1	1	2	1	1	1	1	2	1	2	2	1	2	1	1	1	2	1	2	2	1	1	1	1	1	1	1	1	1	1	1	1	1	1	2	1	2	1	1	1	1	2	1	1	1	1	2	1	1	2	1	1	1	2	1	1	2	2	1	1	1	1	2	1	2	2	1	2	1	2	2	1	1	1	1	2	2	2	1	1	1	1	1	1	1	1	1	1	1	1	1	1	1	1	1	1	1	1	1	2	2	1	2	1	2	1	1	1	1	1	1	2	2	1	2	1	1	2	1
IND074	2	1	2	1	1	1	2	1	1	1	1	1	2	1	1	1	1	1	2	1	2	1	1	1	1	1	1	1	1	1	1	1	1	1	1	1	1	2	1	2	1	1	1	1	1	1	1	2	1	2	1	2	1	1	1	2	1	1	1	2	1	1	1	1	1	1	1	1	1	1	2	2	1	1	1	1	2	1	2	1	1	2	1	2	1	2	1	1	2	1	2	2	1	2	1	1	2	2	1	1	2	1	1	1	1	1	1	1	1	1	2	1	1	1	1	1	1	2	1	1	2	1	1	1	1	2	1	2	2	1	2	1	1	1	2	2	1	1	2	1	1	1	1	2	2	2	1	1	1	1	1	1	1	1	1	1	2	1	2	1	1	1	1	1	1	1	1	2	1	1	1	1	1	1	2	1	1	1	1	1	2	1	1	2	2	2	1	1	2	1	1	1	1	1	2	1	2	1	1	1
IND075	2	2	2	1	2	1	2	2	1	2	1	1	2	2	1	2	1	2	1	1	1	2	2	1	1	1	1	2	1	1	1	1	1	1	1	1	1	2	1	2	1	1	1	1	1	1	1	2	1	1	1	2	1	1	1	1	1	1	1	2	1	1	1	1	1	1	2	1	1	2	2	2	1	1	1	1	2	1	1	1	1	1	1	2	1	2	1	1	2	2	2	1	1	2	1	1	2	2	1	1	1	1	1	1	1	1	1	1	1	1	2	1	1	2	1	1	1	2	1	1	1	1	1	1	1	2	1	2	2	1	2	1	1	2	2	2	1	1	2	1	1	1	1	2	1	2	2	1	1	1	1	1	1	1	1	1	1	1	2	1	1	1	1	1	1	1	1	1	1	1	1	1	1	1	1	1	1	1	1	1	2	2	1	1	2	2	1	1	2	1	1	1	1	1	1	1	2	2	2	1
IND076	1	2	2	1	2	1	2	2	1	1	1	1	2	1	2	2	1	1	1	1	2	2	1	1	1	1	1	2	1	1	1	1	2	1	1	1	1	2	1	2	1	1	1	1	1	2	1	2	1	1	1	2	2	1	1	1	1	2	1	2	1	1	1	1	1	1	1	1	1	1	2	2	1	1	1	1	2	2	2	1	1	1	1	1	1	1	1	1	2	2	1	1	1	1	1	2	1	2	1	2	1	1	1	1	1	1	1	1	1	1	1	1	1	1	1	2	2	2	2	1	1	1	2	1	1	2	1	2	1	1	2	1	1	1	2	2	1	1	2	1	1	1	1	2	2	2	1	1	2	1	2	1	1	1	1	1	2	1	2	1	1	1	1	1	1	2	1	2	1	1	1	1	1	1	1	1	1	1	1	1	2	1	1	1	1	2	1	1	2	1	1	1	2	1	1	2	2	2	1	1
IND077	1	2	2	1	1	1	2	1	1	1	1	2	2	2	1	2	1	2	1	1	2	1	1	1	1	1	1	2	1	1	1	2	2	1	1	1	1	2	1	2	1	1	1	1	1	2	1	2	1	1	1	2	2	1	1	1	1	2	1	2	1	1	1	1	1	1	2	1	1	2	2	2	1	1	1	1	2	1	2	1	1	1	1	2	1	1	1	1	2	2	1	1	1	2	1	1	2	2	2	1	2	1	1	1	1	1	1	1	1	1	2	1	1	1	1	2	2	2	2	1	1	1	2	1	1	2	1	2	1	1	2	1	1	1	2	2	1	1	2	1	1	1	1	2	1	2	1	1	1	1	1	1	1	1	1	1	2	2	2	1	1	1	1	1	1	2	1	2	1	1	1	1	1	1	2	1	1	1	1	1	2	1	1	1	2	1	1	1	1	1	1	1	2	1	2	2	1	2	1	1
IND078	1	1	2	1	2	1	2	1	1	1	1	2	2	1	2	1	1	1	2	1	2	1	2	1	1	1	1	2	1	1	1	1	1	1	1	1	1	2	1	2	1	1	1	1	1	1	1	2	1	2	1	2	2	1	1	1	1	2	1	2	1	1	1	1	1	1	2	1	1	1	2	2	1	1	1	1	2	1	2	1	1	2	1	1	1	1	1	1	2	1	2	1	1	2	1	1	2	2	2	2	1	1	1	1	1	1	1	1	1	1	1	1	1	1	1	2	2	2	1	1	2	1	1	1	1	1	1	2	1	1	2	1	1	2	2	2	1	1	2	1	1	1	1	2	1	2	1	1	2	1	2	2	1	1	1	1	2	2	2	1	1	1	1	1	1	1	1	1	1	1	1	1	1	1	2	1	1	1	1	1	2	1	1	1	2	2	1	1	1	1	1	1	1	2	2	1	1	1	1	1
IND079	2	2	2	2	2	1	2	2	1	1	1	1	2	1	2	2	1	1	2	1	1	1	1	1	1	1	1	1	1	1	1	1	2	1	1	1	1	2	1	2	1	1	1	1	1	1	1	2	1	1	1	2	2	1	1	1	1	2	1	2	1	1	1	1	1	1	1	1	1	1	2	2	1	1	1	1	2	2	1	1	1	1	1	2	1	2	1	1	2	1	1	2	1	2	1	1	1	2	1	2	2	1	1	1	2	1	1	1	1	1	1	1	1	1	1	1	2	2	2	1	2	1	2	1	1	2	1	2	2	1	2	1	1	2	2	2	1	1	2	1	1	1	1	2	1	2	1	1	1	1	1	1	1	1	1	1	2	2	2	1	1	1	1	1	1	1	1	1	1	1	1	1	1	1	1	1	1	1	1	1	2	2	1	1	1	2	1	1	1	1	1	1	2	2	1	1	1	2	2	1
IND080	2	1	2	2	1	1	2	2	1	2	1	1	2	2	1	1	1	1	2	1	1	1	1	1	1	1	1	1	1	1	1	2	2	1	1	1	1	2	1	2	1	1	1	1	1	1	1	2	1	2	1	2	1	1	1	2	1	2	1	2	1	1	1	1	1	1	1	1	2	1	2	2	1	1	1	1	2	1	2	1	1	2	1	2	1	1	1	1	2	1	2	2	1	1	1	1	2	2	2	1	1	1	1	1	1	1	1	1	1	1	1	1	1	2	1	1	1	2	1	1	1	1	1	1	1	2	1	2	1	1	2	1	1	1	2	2	1	1	2	1	1	1	1	2	2	2	1	1	2	1	1	1	1	1	1	1	2	1	2	1	1	1	1	1	1	2	1	2	1	1	1	1	1	1	1	1	1	1	1	1	2	1	1	1	2	2	1	1	2	1	1	1	1	2	2	1	1	2	2	1
IND081	1	1	1	1	1	1	1	2	1	1	1	1	1	2	1	1	1	1	1	1	2	1	1	1	1	1	1	1	2	2	1	1	1	1	1	2	1	1	1	2	1	1	2	1	2	1	1	1	2	1	1	2	1	1	1	2	1	1	1	1	1	1	1	1	1	1	1	1	1	2	2	2	1	2	1	2	1	1	1	1	1	2	1	1	1	1	1	1	1	1	2	1	2	1	1	2	1	2	1	1	2	1	1	1	2	1	1	1	2	1	1	2	1	1	1	1	1	1	1	2	1	2	1	1	1	2	1	1	1	1	2	1	2	2	2	1	2	2	2	1	1	1	1	1	2	2	1	1	2	1	1	1	1	1	2	2	1	1	1	2	1	1	1	1	1	1	1	2	1	1	1	2	1	1	1	1	1	1	1	1	1	1	2	1	1	1	1	2	1	1	2	1	2	2	2	1	1	1	1	1
IND082	1	1	1	1	1	1	1	2	1	1	2	1	2	2	1	1	1	1	1	2	2	1	1	1	1	1	1	1	2	2	2	2	1	1	1	1	1	1	1	1	1	1	1	1	2	2	1	2	2	2	1	1	1	1	1	2	1	1	2	1	1	1	2	1	1	1	1	2	1	2	2	2	1	2	1	2	2	2	1	1	1	1	1	1	1	1	1	1	2	1	2	1	2	1	2	2	1	2	1	1	1	1	1	2	2	1	1	1	2	2	1	1	1	1	1	1	1	1	1	1	1	2	1	1	1	2	1	1	1	1	2	1	2	1	1	1	2	2	2	1	2	1	1	1	2	2	1	1	1	1	1	1	1	1	2	2	1	2	1	2	1	2	1	1	1	1	1	1	1	2	1	2	1	1	1	1	1	1	1	2	1	2	2	1	1	1	1	1	1	1	2	1	2	2	2	1	1	1	2	1
IND083	1	1	1	1	1	1	1	2	1	1	1	1	1	1	1	1	1	1	1	1	2	1	1	1	1	1	1	1	2	1	1	2	1	1	1	1	1	1	1	2	1	2	1	1	1	2	1	2	2	1	1	2	1	1	1	2	1	1	1	1	1	1	1	1	1	1	1	2	2	2	2	2	1	2	1	2	1	2	1	1	1	2	1	1	1	1	1	1	2	1	2	1	1	1	2	2	1	2	1	1	2	1	1	1	1	1	1	2	2	1	1	1	1	1	1	1	1	1	1	1	1	1	1	1	1	2	1	1	1	1	2	1	1	2	1	1	2	2	2	1	2	1	1	1	1	2	1	1	1	1	1	1	1	1	2	2	1	1	1	2	1	1	1	1	1	1	1	1	1	1	1	1	1	1	1	1	1	1	1	2	1	1	1	1	1	1	1	1	1	1	2	1	2	2	2	1	1	1	2	1
IND084	1	1	1	1	2	1	1	2	1	1	2	1	1	2	1	1	1	1	1	2	1	1	1	2	1	1	1	1	2	1	1	1	1	1	1	1	1	1	1	2	1	2	2	1	1	2	1	1	2	2	1	2	1	1	1	2	1	1	1	1	1	1	1	1	1	1	1	1	1	2	2	2	1	2	1	2	2	1	1	1	1	1	1	1	1	1	1	1	2	1	2	1	2	1	1	2	1	2	1	1	2	1	1	2	1	2	1	1	1	1	1	1	1	1	1	1	1	1	1	2	1	1	1	1	1	2	1	2	1	1	2	1	1	1	1	1	2	2	2	1	2	1	1	1	2	2	1	1	1	1	1	1	1	1	1	1	1	1	1	2	1	2	1	1	1	1	1	1	1	2	1	1	1	1	1	1	1	1	1	1	1	2	2	1	1	1	1	2	1	1	1	1	2	2	2	1	1	1	1	1
IND085	1	1	1	1	1	1	1	2	1	1	1	1	2	2	1	1	1	1	1	2	1	2	1	1	1	1	1	1	2	1	2	1	1	1	1	2	1	1	1	1	1	1	1	1	1	1	1	2	2	1	1	1	1	1	1	2	1	1	1	1	1	1	2	1	1	1	1	2	2	2	2	2	1	2	1	2	1	1	1	1	1	1	1	1	1	1	1	1	1	1	1	1	2	1	1	2	1	2	1	1	1	1	1	1	1	1	1	2	2	2	1	1	1	1	1	1	1	2	1	1	1	1	1	1	1	2	1	1	1	1	2	1	1	1	1	1	2	2	2	1	2	1	1	1	2	2	1	1	1	1	1	1	1	1	1	1	1	1	1	2	1	1	1	1	1	1	1	1	1	2	1	2	1	1	1	1	1	1	1	1	2	2	2	1	1	1	1	2	1	1	1	1	1	2	2	1	1	1	1	1
IND086	1	1	1	1	2	1	1	2	1	1	1	1	2	1	1	1	1	1	1	1	2	1	1	2	1	1	1	1	1	1	1	1	2	1	1	2	1	1	1	2	1	2	1	1	1	1	1	2	2	1	1	1	1	1	1	2	1	1	2	1	1	1	2	1	1	1	1	2	1	1	2	2	1	2	1	2	2	2	1	1	1	2	1	1	1	1	1	1	2	1	2	1	2	1	2	2	1	2	1	1	2	1	1	1	1	2	1	2	1	2	1	1	1	1	1	1	1	2	1	1	1	2	1	2	1	2	1	2	1	1	2	1	1	1	1	1	2	2	1	1	2	1	1	1	1	2	1	1	1	1	1	1	1	1	2	2	1	2	1	2	1	2	1	1	1	1	1	1	1	2	1	2	1	1	1	1	1	1	1	1	1	2	2	1	1	1	1	2	1	1	2	1	1	2	2	1	1	1	1	1
IND087	1	1	1	1	1	1	1	2	1	1	1	1	1	1	1	1	1	1	1	1	1	1	1	2	1	1	1	1	1	1	2	1	2	1	1	2	2	1	1	1	1	1	1	1	1	2	1	2	2	1	1	2	1	1	1	2	1	1	2	1	1	1	1	1	1	1	1	1	1	1	2	2	1	2	1	2	2	1	1	1	1	2	1	1	1	1	1	1	2	1	1	1	2	1	1	2	1	2	1	1	1	1	1	2	1	1	1	1	1	1	1	2	1	1	1	1	1	2	1	1	1	1	1	2	1	2	1	2	1	1	2	1	1	1	1	1	2	2	2	1	1	1	1	1	1	2	1	1	1	1	2	1	1	1	1	2	1	2	1	2	1	2	1	1	1	1	1	2	1	2	1	2	1	1	1	1	1	1	1	1	1	2	1	1	1	1	1	2	1	1	1	1	2	2	2	1	1	1	2	1
IND088	1	1	1	1	2	1	1	2	1	1	1	1	1	1	1	1	1	1	1	1	2	2	1	1	1	1	1	1	1	2	2	1	2	1	1	2	2	1	1	2	1	2	2	1	2	2	1	1	2	1	1	1	1	1	1	2	1	1	1	1	1	1	1	1	1	1	1	1	1	2	2	2	1	2	1	2	1	1	1	1	1	1	1	1	1	1	1	1	2	1	2	1	1	1	1	2	1	2	1	1	2	1	1	1	2	2	1	1	2	1	1	2	1	1	1	1	1	1	1	1	1	2	1	1	1	2	1	2	1	1	2	1	2	2	1	1	2	2	1	1	2	1	1	1	1	2	1	1	2	1	2	1	1	1	2	1	1	1	1	2	1	1	1	1	1	1	1	2	1	1	1	1	1	1	1	1	1	1	1	1	1	1	2	1	1	1	1	1	1	1	1	1	2	2	2	1	1	1	2	2
IND089	1	1	1	1	1	1	1	2	1	1	1	1	2	2	1	1	1	1	1	1	2	1	1	2	1	1	1	1	2	2	2	2	1	1	1	1	1	1	1	1	1	1	1	1	1	1	1	2	2	1	1	2	1	1	1	2	1	1	2	1	1	1	2	1	1	1	1	1	1	1	2	2	1	2	1	2	2	1	1	1	1	2	1	1	1	1	1	1	1	1	1	1	1	1	1	2	1	2	1	1	1	1	1	2	1	2	1	2	1	2	1	2	1	1	1	1	1	2	1	2	1	1	1	1	1	2	1	2	1	1	2	1	2	2	1	1	2	2	1	1	2	1	1	1	1	2	1	1	1	1	2	1	1	1	2	1	1	2	1	2	1	1	1	1	1	1	1	2	1	2	1	2	1	1	1	1	1	1	1	2	1	1	1	1	1	1	1	2	1	1	1	1	2	2	2	1	1	1	2	1
IND090	1	1	1	1	2	1	1	2	1	1	1	1	2	1	1	1	1	1	1	2	2	1	1	2	1	1	1	1	1	1	1	2	1	1	1	2	2	1	1	2	1	2	1	1	1	1	1	1	2	2	1	1	1	1	1	2	1	1	1	1	1	1	1	1	1	1	1	1	1	2	2	2	1	2	1	2	1	1	1	1	1	2	1	1	1	1	1	1	1	1	1	1	2	1	2	2	1	2	1	1	2	1	1	1	2	2	1	1	2	1	1	2	1	1	1	1	1	2	1	1	1	1	1	1	1	2	1	2	1	1	2	1	1	1	1	1	2	2	1	1	1	1	1	1	1	2	1	1	1	1	1	1	1	1	2	1	1	1	1	2	1	2	1	1	1	1	1	2	1	2	1	2	1	1	1	1	1	1	1	2	2	1	1	1	1	1	1	2	1	1	2	1	1	2	2	1	1	1	2	2
IND091	1	1	1	1	2	1	1	2	1	1	2	1	2	1	1	1	1	1	1	1	2	2	1	2	1	1	1	1	2	1	1	2	1	1	1	2	2	1	1	1	1	2	2	1	2	1	1	1	2	1	1	2	1	1	1	2	1	1	2	1	1	1	1	1	1	1	1	1	1	2	2	2	1	2	1	2	1	1	1	1	1	1	1	1	1	1	1	1	2	1	1	1	2	1	1	2	1	2	1	1	2	1	1	1	1	2	1	1	1	1	1	1	1	1	1	1	1	2	1	2	1	2	1	2	1	2	1	2	1	1	2	1	2	1	2	1	2	2	1	1	1	1	1	1	1	2	1	1	1	1	1	1	1	1	1	2	1	2	1	2	1	2	1	1	1	1	1	1	1	2	1	2	1	1	1	1	1	1	1	2	2	1	2	1	1	1	1	2	1	1	1	1	1	2	2	1	1	1	1	1
IND092	1	1	1	1	2	1	1	2	1	1	1	1	2	1	1	1	1	1	1	1	2	2	1	1	1	1	1	1	2	1	2	2	1	1	1	1	2	1	1	2	1	2	2	1	2	2	1	1	2	2	1	2	1	1	1	2	1	1	1	1	1	1	2	1	1	1	1	1	2	2	2	2	1	2	1	2	2	2	1	1	1	1	1	1	1	1	1	1	1	1	2	1	2	1	1	2	1	2	1	1	1	1	1	1	2	1	1	1	1	1	1	2	1	1	1	1	1	1	1	2	1	1	1	1	1	2	1	2	1	1	2	1	1	2	2	1	2	2	1	1	2	1	1	1	2	2	1	1	2	1	1	1	1	1	2	1	1	1	1	2	1	1	1	1	1	1	1	1	1	2	1	1	1	1	1	1	1	1	1	2	1	2	2	1	1	1	1	1	1	1	2	1	2	2	2	1	1	1	1	1
IND093	1	1	1	1	1	1	1	2	1	1	2	1	2	1	1	1	1	1	1	2	2	1	1	2	1	1	1	1	2	1	1	1	1	1	1	1	1	1	1	1	1	2	1	1	1	1	1	2	2	1	1	1	1	1	1	2	1	1	2	1	1	1	1	1	1	1	1	2	2	1	2	2	1	2	1	2	2	2	1	1	1	1	1	1	1	1	1	1	1	1	1	1	1	1	2	2	1	2	1	1	1	1	1	1	1	2	1	2	2	1	1	2	1	1	1	1	1	2	1	2	1	1	1	2	1	2	1	2	1	1	2	1	2	1	1	1	2	2	1	1	2	1	1	1	1	2	1	1	1	1	1	1	1	1	2	2	1	2	1	2	1	1	1	1	1	1	1	1	1	2	1	1	1	1	1	1	1	1	1	2	1	1	1	1	1	1	1	2	1	1	1	1	1	2	2	1	1	1	2	2
IND094	1	1	1	1	2	1	1	2	1	1	1	1	2	1	1	1	1	1	1	1	1	2	1	2	1	1	1	1	1	1	1	2	2	1	1	2	2	1	1	1	1	1	1	1	1	2	1	2	2	2	1	2	1	1	1	2	1	1	1	1	1	1	2	1	1	1	1	1	1	1	2	2	1	2	1	2	1	1	1	1	1	2	1	1	1	1	1	1	1	1	1	1	1	1	1	2	1	2	1	1	1	1	1	2	2	1	1	1	1	2	1	1	1	1	1	1	1	1	1	1	1	2	1	1	1	2	1	1	1	1	2	1	2	1	1	1	2	2	2	1	1	1	1	1	2	2	1	1	2	1	1	1	1	1	2	2	1	1	1	2	1	2	1	1	1	1	1	2	1	1	1	1	1	1	1	1	1	1	1	1	2	2	2	1	1	1	1	1	1	1	1	1	1	2	2	1	1	1	1	1
IND095	1	1	1	1	1	1	1	2	1	1	1	1	2	2	1	1	1	1	1	2	1	1	1	1	1	1	1	1	1	2	2	1	2	1	1	1	2	1	1	1	1	1	1	1	2	2	1	1	2	2	1	2	1	1	1	2	1	1	2	1	1	1	2	1	1	1	1	2	2	2	2	2	1	2	1	2	2	1	1	1	1	1	1	1	1	1	1	1	1	1	1	1	1	1	2	2	1	2	1	1	2	1	1	2	2	1	1	1	1	2	1	1	1	1	1	1	1	1	1	2	1	2	1	1	1	2	1	1	1	1	2	1	2	1	1	1	2	2	2	1	1	1	1	1	1	2	1	1	1	1	1	1	1	1	2	1	1	2	1	2	1	2	1	1	1	1	1	2	1	1	1	1	1	1	1	1	1	1	1	1	2	2	1	1	1	1	1	1	1	1	1	1	2	2	2	1	1	1	1	2
IND096	1	1	1	1	1	1	1	2	1	1	2	1	2	2	1	1	1	1	1	2	2	1	1	2	1	1	1	1	2	2	2	1	1	1	1	1	1	1	1	2	1	1	2	1	2	2	1	1	2	1	1	1	1	1	1	2	1	1	1	1	1	1	2	1	1	1	1	2	1	2	2	2	1	2	1	2	1	1	1	1	1	1	1	1	1	1	1	1	1	1	1	1	1	1	2	2	1	2	1	1	1	1	1	2	1	1	1	1	1	2	1	2	1	1	1	1	1	1	1	2	1	1	1	1	1	2	1	1	1	1	2	1	1	1	2	1	2	2	1	1	2	1	1	1	1	2	1	1	1	1	2	1	1	1	2	1	1	2	1	2	1	1	1	1	1	1	1	1	1	2	1	1	1	1	1	1	1	1	1	1	2	1	1	1	1	1	1	2	1	1	2	1	1	2	2	1	1	1	1	2
IND097	1	1	1	1	2	1	1	2	1	1	2	1	2	2	1	1	1	1	1	2	1	2	1	2	1	1	1	1	2	1	1	2	1	1	1	1	2	1	1	1	1	2	1	1	2	2	1	1	2	2	1	2	1	1	1	2	1	1	2	1	1	1	1	1	1	1	1	1	1	2	2	2	1	2	1	2	1	2	1	1	1	2	1	1	1	1	1	1	1	1	2	1	2	1	2	2	1	2	1	1	2	1	1	2	1	2	1	1	1	1	1	2	1	1	1	1	1	2	1	1	1	1	1	1	1	2	1	2	1	1	2	1	1	2	2	1	2	2	1	1	1	1	1	1	2	2	1	1	2	1	2	1	1	1	1	1	1	2	1	2	1	2	1	1	1	1	1	1	1	1	1	2	1	1	1	1	1	1	1	2	2	2	1	1	1	1	1	1	1	1	1	1	2	2	2	1	1	1	1	1
IND098	1	1	1	1	1	1	1	2	1	1	2	1	1	2	1	1	1	1	1	2	2	1	1	1	1	1	1	1	1	1	1	2	2	1	1	1	2	1	1	2	1	2	2	1	1	1	1	2	2	1	1	2	1	1	1	2	1	1	1	1	1	1	1	1	1	1	1	1	2	2	2	2	1	2	1	2	1	1	1	1	1	1	1	1	1	1	1	1	2	1	1	1	1	1	1	2	1	2	1	1	2	1	1	2	2	1	1	2	1	2	1	1	1	1	1	1	1	2	1	1	1	1	1	1	1	2	1	1	1	1	2	1	1	2	1	1	2	2	1	1	1	1	1	1	1	2	1	1	2	1	2	1	1	1	1	1	1	2	1	2	1	2	1	1	1	1	1	2	1	1	1	1	1	1	1	1	1	1	1	1	1	2	1	1	1	1	1	2	1	1	1	1	1	2	2	1	1	1	2	2
IND099	1	1	1	1	1	1	1	2	1	1	1	1	2	2	1	1	1	1	1	2	1	2	1	1	1	1	1	1	1	2	1	2	1	1	1	1	2	1	1	1	1	1	1	1	2	1	1	2	2	1	1	2	1	1	1	2	1	1	2	1	1	1	1	1	1	1	1	1	1	1	2	2	1	2	1	2	1	1	1	1	1	1	1	1	1	1	1	1	1	1	2	1	1	1	2	2	1	2	1	1	1	1	1	2	1	2	1	2	2	1	1	2	1	1	1	1	1	1	1	2	1	2	1	1	1	2	1	2	1	1	2	1	1	1	2	1	2	2	1	1	1	1	1	1	1	2	1	1	2	1	1	1	1	1	1	1	1	1	1	2	1	2	1	1	1	1	1	2	1	1	1	1	1	1	1	1	1	1	1	1	2	2	2	1	1	1	1	2	1	1	2	1	1	2	2	1	1	1	2	2
IND100	1	1	1	1	2	1	1	2	1	1	1	1	2	1	1	1	1	1	1	2	2	1	1	1	1	1	1	1	1	2	2	2	1	1	1	2	1	1	1	2	1	1	1	1	1	2	1	2	2	1	1	1	1	1	1	2	1	1	1	1	1	1	1	1	1	1	1	2	1	2	2	2	1	2	1	2	2	1	1	1	1	1	1	1	1	1	1	1	2	1	1	1	1	1	1	2	1	2	1	1	1	1	1	2	2	2	1	1	1	2	1	1	1	1	1	1	1	1	1	1	1	2	1	1	1	2	1	2	1	1	2	1	1	1	1	1	2	2	2	1	1	1	1	1	2	2	1	1	1	1	1	1	1	1	1	2	1	2	1	2	1	2	1	1	1	1	1	2	1	2	1	2	1	1	1	1	1	1	1	2	2	1	1	1	1	1	1	1	1	1	2	1	1	2	2	1	1	1	1	2
IND101	1	1	1	1	1	1	1	2	1	2	1	1	2	1	1	1	1	1	1	1	1	1	1	2	1	1	2	1	1	2	2	1	1	1	1	1	2	2	2	1	2	1	1	1	1	1	2	1	1	1	1	2	1	1	1	1	1	1	1	1	1	1	1	1	2	1	1	2	1	1	2	1	1	1	1	2	1	1	2	2	2	2	1	1	1	1	1	1	1	1	1	1	2	1	1	1	2	1	2	1	1	1	1	1	1	2	2	2	1	1	1	2	1	1	1	1	1	1	2	2	2	2	2	1	1	2	1	2	1	1	2	1	1	1	1	1	2	1	1	2	1	1	1	2	1	1	1	1	2	1	1	1	1	2	1	1	2	1	1	1	1	1	2	1	1	2	2	1	2	2	1	1	1	1	2	1	1	1	1	2	2	1	1	2	1	2	2	1	1	1	1	1	1	1	1	2	1	1	1	2
IND102	1	1	1	1	2	1	1	2	1	2	1	2	2	1	2	1	1	1	1	1	1	1	1	1	1	1	2	1	1	1	1	1	1	1	1	1	2	2	2	1	1	2	1	1	1	1	2	1	1	1	1	2	1	2	1	1	1	1	2	2	2	1	1	1	2	1	1	2	1	1	2	1	1	2	1	2	1	1	2	2	1	2	1	1	1	1	1	1	1	2	1	1	2	1	1	1	2	1	1	1	1	1	1	1	1	2	1	2	1	2	1	2	1	1	1	1	1	1	1	2	2	1	2	1	1	2	1	1	1	1	2	1	1	1	1	1	2	1	1	2	1	1	1	2	1	1	1	2	2	1	1	1	1	2	1	2	2	1	2	1	1	1	1	1	1	1	2	1	2	2	1	1	1	1	2	1	1	1	1	2	1	1	1	2	1	2	2	1	1	1	1	1	1	1	1	1	1	1	1	2
IND103	1	1	1	1	1	1	1	2	1	2	1	1	2	1	1	1	1	1	1	1	1	1	1	1	1	1	2	1	1	1	2	1	1	1	1	2	2	2	2	1	1	2	1	1	2	2	1	1	1	1	1	2	2	1	1	1	1	1	1	1	1	1	1	1	2	1	1	1	1	2	1	1	1	2	1	2	2	1	2	2	1	2	1	1	1	2	1	1	1	1	1	1	1	1	1	1	2	1	2	1	1	1	1	1	1	2	1	2	1	1	1	2	1	1	1	1	1	1	1	2	1	2	2	1	2	1	1	1	1	1	2	1	1	1	1	1	2	1	1	2	1	1	1	2	1	1	1	1	2	1	1	1	1	2	2	2	2	1	1	1	1	1	2	1	1	2	1	1	2	2	1	1	1	1	2	1	1	1	1	1	2	1	2	2	1	2	2	1	1	1	1	1	1	1	1	2	1	1	1	1
IND104	1	1	1	1	1	1	1	2	1	2	2	2	2	1	2	1	1	1	1	1	1	1	1	1	1	1	2	1	1	2	1	1	1	1	1	2	2	2	2	1	1	2	1	1	2	2	2	1	1	1	1	1	2	2	1	1	1	1	2	1	1	1	1	1	1	1	1	1	1	1	2	2	1	1	1	2	2	1	2	1	2	2	1	1	1	2	1	1	1	2	1	1	2	1	1	1	1	1	2	2	1	1	1	1	1	2	2	2	1	1	1	2	1	1	1	2	1	1	2	2	1	2	2	1	2	1	1	2	1	1	1	1	1	1	1	1	2	1	1	2	1	2	1	2	1	1	1	2	2	1	1	1	1	2	1	2	2	1	1	1	1	1	2	1	1	2	2	1	2	2	1	1	1	1	2	1	1	1	1	1	1	1	1	2	1	2	2	1	1	1	1	1	1	1	1	2	1	1	1	1
IND105	1	1	1	1	2	1	1	1	1	2	2	1	2	1	2	1	1	1	1	1	1	1	1	2	1	1	2	1	1	2	2	1	1	1	1	1	1	2	2	2	1	1	2	1	1	2	1	1	1	1	1	2	1	2	1	1	1	1	2	1	2	1	1	1	1	1	1	1	1	2	1	1	1	1	1	2	1	1	2	2	2	2	1	1	1	1	1	1	1	2	1	1	2	1	1	1	1	1	1	1	1	1	1	1	1	2	1	2	1	2	1	2	1	1	1	1	1	1	2	2	2	2	2	1	1	1	1	1	1	1	2	1	1	1	1	1	2	1	1	2	1	2	1	2	1	1	1	2	2	1	1	1	1	2	2	1	2	1	2	1	1	1	2	1	1	1	2	1	2	2	1	1	1	1	2	1	1	1	1	1	1	1	2	2	1	2	1	1	1	1	1	1	1	1	1	2	1	1	1	2
IND106	1	1	1	1	1	1	1	2	1	2	2	2	2	1	1	1	1	1	1	1	1	1	1	2	1	1	2	1	1	2	1	1	1	1	1	1	1	2	2	1	2	2	2	1	2	2	1	1	1	1	1	2	2	2	1	1	1	1	1	2	1	1	1	1	1	1	1	2	1	1	2	1	1	1	1	2	1	1	2	2	1	2	1	1	1	1	1	1	1	2	1	1	1	1	1	1	1	1	2	1	1	1	1	1	1	2	2	2	1	1	1	2	1	1	1	2	1	1	2	2	1	2	2	1	2	1	1	2	1	1	2	1	2	1	1	1	2	1	1	2	1	1	1	2	1	1	1	1	2	1	1	1	1	2	1	2	2	1	1	1	1	1	2	1	1	2	1	1	2	2	1	1	1	1	2	1	1	1	1	1	2	1	2	2	1	2	1	1	1	1	1	1	1	1	1	2	1	1	1	1
IND107	1	1	1	1	1	1	1	2	1	2	2	1	2	1	2	1	1	1	1	1	1	1	1	1	1	1	2	1	1	2	2	1	1	1	1	1	1	2	2	2	2	1	1	1	1	2	1	1	1	1	1	1	2	1	1	1	1	1	1	1	1	1	1	1	1	1	1	2	1	1	1	2	1	2	1	2	1	1	2	2	1	1	1	1	1	2	1	1	1	2	1	1	1	1	1	1	2	1	1	1	1	1	1	1	1	2	2	2	1	1	1	2	1	1	1	1	1	1	1	2	1	1	2	1	1	2	1	1	1	1	2	1	2	1	1	1	2	1	1	2	1	2	1	2	1	1	1	1	1	1	1	1	1	2	1	1	2	1	1	1	1	1	2	1	1	2	1	1	2	2	1	1	1	1	2	1	1	1	1	2	2	1	2	2	1	2	2	1	1	1	1	1	1	1	1	1	1	1	1	2
IND108	1	1	1	1	2	1	1	1	1	2	2	1	2	1	1	1	1	1	1	1	1	1	1	1	1	1	2	1	1	2	1	1	1	1	1	2	2	2	2	1	2	2	1	1	1	2	2	1	1	1	1	2	2	1	1	1	1	1	1	2	1	1	1	1	2	1	1	1	1	2	2	2	1	1	1	2	2	1	2	1	2	1	1	1	1	1	1	1	1	1	1	1	1	1	1	1	2	1	2	1	1	1	1	1	1	2	1	2	1	1	1	2	1	1	1	2	1	1	2	2	1	2	2	1	2	1	1	2	1	1	1	1	1	1	1	1	2	1	1	2	1	1	1	2	1	1	1	1	1	1	1	1	1	2	1	2	1	1	1	1	1	1	1	1	1	2	2	1	2	2	1	1	1	1	2	1	1	1	1	1	2	1	1	2	1	2	1	1	1	1	1	1	1	1	1	1	1	1	1	1
IND109	2	1	1	1	2	1	1	1	1	2	2	1	2	1	2	1	1	1	1	1	1	1	1	2	1	1	2	1	1	2	2	1	1	1	1	2	2	2	2	1	1	1	2	1	1	1	1	1	1	1	1	1	1	1	1	1	1	1	1	1	1	1	1	1	2	1	1	2	1	1	2	1	1	1	1	2	2	1	2	1	1	2	1	1	1	1	1	1	1	2	1	1	2	1	1	1	1	1	1	2	1	1	1	1	1	2	2	2	1	2	1	2	1	1	1	2	1	1	2	2	1	2	2	1	1	1	1	1	1	1	1	1	1	1	1	1	2	1	1	2	1	1	1	2	1	1	1	1	1	1	1	1	1	2	2	1	2	1	2	1	1	1	2	1	1	2	1	1	2	2	1	1	1	1	2	1	1	1	1	1	2	1	1	2	1	2	2	1	1	1	1	1	1	1	1	2	1	1	1	2
IND110	1	1	1	1	2	1	1	1	1	2	1	1	2	1	1	1	1	1	1	1	1	1	1	2	1	1	2	1	1	2	2	1	1	1	1	1	1	2	2	1	1	2	1	1	2	2	2	1	1	1	1	2	1	2	1	1	1	1	2	1	2	1	1	1	2	1	1	2	1	2	1	2	1	2	1	2	2	1	2	1	2	2	1	1	1	2	1	1	1	1	1	1	2	1	1	1	2	1	1	2	1	1	1	1	1	2	1	2	1	2	1	2	1	1	1	2	1	1	1	2	2	2	2	1	2	2	1	1	1	1	1	1	2	1	1	1	2	1	1	2	1	2	1	2	1	1	1	1	1	1	1	1	1	2	2	2	2	1	2	1	1	1	2	1	1	2	2	1	2	2	1	1	1	1	2	1	1	1	1	2	1	1	2	2	1	2	2	1	1	1	1	1	1	1	1	1	1	1	1	2
IND111	1	1	1	1	2	1	1	2	1	2	2	2	2	1	2	1	1	1	1	1	1	1	1	2	1	1	2	1	1	2	2	1	1	1	1	2	1	2	2	2	2	1	2	1	1	1	2	1	1	1	1	2	2	1	1	1	1	1	1	1	1	1	1	1	2	1	1	2	1	2	1	1	1	2	1	2	2	1	2	2	1	2	1	1	1	2	1	1	1	1	1	1	2	1	1	1	2	1	2	1	1	1	1	1	1	2	1	2	1	1	1	2	1	1	1	2	1	1	1	2	2	2	2	1	1	2	1	2	1	1	1	1	1	1	1	1	2	1	1	2	1	1	1	2	1	1	1	2	1	1	1	1	1	2	2	2	1	1	2	1	1	1	1	1	1	2	2	1	2	2	1	1	1	1	2	1	1	1	1	2	1	1	1	2	1	2	1	1	1	1	1	1	1	1	1	1	1	1	1	1
IND112	1	1	1	1	1	1	1	1	1	2	2	1	2	1	1	1	1	1	1	1	1	1	1	1	1	1	2	1	1	1	1	1	1	1	1	2	2	2	2	2	1	2	2	1	2	1	2	1	1	1	1	1	2	1	1	1	1	1	1	2	1	1	1	1	1	1	1	1	1	2	2	2	1	1	1	2	1	1	2	2	2	1	1	1	1	2	1	1	1	2	1	1	1	1	1	1	1	1	2	1	1	1	1	1	1	2	1	1	1	2	1	2	1	1	1	1	1	1	1	2	1	2	2	1	2	2	1	2	1	1	2	1	2	1	1	1	2	1	1	2	1	2	1	2	1	1	1	1	1	1	1	1	1	2	2	1	1	1	2	1	1	1	1	1	1	1	2	1	2	2	1	1	1	1	2	1	1	1	1	2	1	1	2	2	1	2	1	1	1	1	1	1	1	1	1	1	1	1	1	2
IND113	2	1	1	1	2	1	1	1	1	2	1	1	2	1	1	1	1	1	1	1	1	1	1	2	1	1	2	1	1	2	2	1	1	1	1	1	2	2	2	1	2	1	2	1	1	1	1	1	1	1	1	2	1	2	1	1	1	1	1	1	1	1	1	1	1	1	1	2	1	1	2	2	1	1	1	2	2	1	2	2	1	2	1	1	1	1	1	1	1	1	1	1	2	1	1	1	2	1	2	2	1	1	1	1	1	2	2	1	1	1	1	2	1	1	1	2	1	1	1	2	1	2	2	1	1	1	1	1	1	1	2	1	1	1	1	1	2	1	1	2	1	1	1	2	1	1	1	2	2	1	1	1	1	2	1	2	1	1	2	1	1	1	2	1	1	2	1	1	2	2	1	1	1	1	2	1	1	1	1	1	2	1	1	2	1	2	2	1	1	1	1	1	1	1	1	2	1	1	1	1
IND114	1	1	1	1	1	1	1	2	1	2	2	2	2	1	2	1	1	1	1	1	1	1	1	2	1	1	2	1	1	2	2	1	1	1	1	1	1	2	2	1	1	1	2	1	1	1	2	1	1	1	1	1	2	2	1	1	1	1	1	1	1	1	1	1	1	1	1	1	1	1	1	1	1	2	1	2	1	1	2	2	1	1	1	1	1	1	1	1	1	2	1	1	1	1	1	1	2	1	1	2	1	1	1	1	1	2	1	2	1	1	1	2	1	1	1	2	1	1	1	2	1	2	2	1	1	1	1	2	1	1	1	1	1	1	1	1	2	1	1	2	1	2	1	2	1	1	1	1	2	1	1	1	1	2	1	1	1	1	2	1	1	1	1	1	1	2	2	1	2	2	1	1	1	1	2	1	1	1	1	1	1	1	1	2	1	2	2	1	1	1	1	1	1	1	1	2	1	1	1	1
IND115	2	1	1	1	2	1	1	2	1	2	1	2	2	1	2	1	1	1	1	1	1	1	1	1	1	1	2	1	1	2	2	1	1	1	1	2	2	2	2	1	1	2	1	1	2	1	2	1	1	1	1	2	2	1	1	1	1	1	1	2	2	1	1	1	1	1	1	1	1	2	1	1	1	2	1	2	2	1	2	2	1	2	1	1	1	2	1	1	1	2	1	1	1	1	1	1	1	1	2	1	1	1	1	1	1	2	2	1	1	1	1	2	1	1	1	1	1	1	2	2	2	1	2	1	2	1	1	2	1	1	2	1	1	1	1	1	2	1	1	2	1	1	1	2	1	1	1	2	2	1	1	1	1	2	2	2	1	1	2	1	1	1	2	1	1	2	2	1	2	2	1	1	1	1	2	1	1	1	1	1	1	1	1	2	1	2	1	1	1	1	1	1	1	1	1	2	1	1	1	2
IND116	2	1	1	1	2	1	1	2	1	2	1	2	2	1	2	1	1	1	1	1	1	1	1	1	1	1	2	1	1	1	1	1	1	1	1	1	1	2	2	1	2	1	1	1	1	2	1	1	1	1	1	2	1	1	1	1	1	1	2	2	2	1	1	1	2	1	1	2	1	1	2	2	1	1	1	2	2	1	2	2	2	2	1	1	1	1	1	1	1	2	1	1	2	1	1	1	2	1	1	2	1	1	1	1	1	2	1	2	1	2	1	2	1	1	1	1	1	1	2	2	2	1	2	1	1	2	1	2	1	1	1	1	2	1	1	1	2	1	1	2	1	1	1	2	1	1	1	2	2	1	1	1	1	2	1	1	2	1	1	1	1	1	2	1	1	1	2	1	2	2	1	1	1	1	2	1	1	1	1	2	2	1	1	2	1	2	1	1	1	1	1	1	1	1	1	1	1	1	1	2
IND117	1	1	1	1	2	1	1	2	1	2	1	1	2	1	2	1	1	1	1	1	1	1	1	2	1	1	2	1	1	1	1	1	1	1	1	1	2	2	2	2	2	2	1	1	1	1	2	1	1	1	1	1	1	2	1	1	1	1	2	2	1	1	1	1	2	1	1	2	1	2	2	1	1	2	1	2	2	1	2	2	1	1	1	1	1	1	1	1	1	2	1	1	2	1	1	1	1	1	2	1	1	1	1	1	1	2	1	2	1	1	1	2	1	1	1	1	1	1	1	2	2	1	2	1	1	2	1	2	1	1	1	1	2	1	1	1	2	1	1	2	1	1	1	2	1	1	1	1	2	1	1	1	1	2	1	1	2	1	2	1	1	1	1	1	1	1	1	1	2	2	1	1	1	1	2	1	1	1	1	2	1	1	1	2	1	2	1	1	1	1	1	1	1	1	1	1	1	1	1	1
IND118	1	1	1	1	2	1	1	1	1	2	1	1	2	1	2	1	1	1	1	1	1	1	1	1	1	1	2	1	1	2	1	1	1	1	1	1	2	2	2	1	1	2	1	1	1	1	1	1	1	1	1	1	2	2	1	1	1	1	2	1	1	1	1	1	2	1	1	2	1	1	1	2	1	1	1	2	1	1	2	1	1	2	1	1	1	1	1	1	1	2	1	1	2	1	1	1	1	1	1	1	1	1	1	1	1	2	1	2	1	2	1	2	1	1	1	2	1	1	2	2	2	2	2	1	2	2	1	1	1	1	2	1	2	1	1	1	2	1	1	2	1	1	1	2	1	1	1	2	1	1	1	1	1	2	2	2	1	1	2	1	1	1	1	1	1	2	1	1	2	2	1	1	1	1	2	1	1	1	1	1	2	1	2	2	1	2	1	1	1	1	1	1	1	1	1	2	1	1	1	1
IND119	1	1	1	1	2	1	1	2	1	2	2	2	2	1	1	1	1	1	1	1	1	1	1	1	1	1	2	1	1	1	1	1	1	1	1	1	1	2	2	2	2	1	1	1	2	1	1	1	1	1	1	2	2	1	1	1	1	1	2	1	2	1	1	1	1	1	1	1	1	1	2	2	1	2	1	2	2	1	2	2	2	2	1	1	1	2	1	1	1	2	1	1	1	1	1	1	2	1	1	1	1	1	1	1	1	2	1	1	1	2	1	2	1	1	1	2	1	1	1	2	1	2	2	1	2	2	1	2	1	1	2	1	2	1	1	1	2	1	1	2	1	2	1	2	1	1	1	1	2	1	1	1	1	2	1	1	2	1	2	1	1	1	1	1	1	2	1	1	2	2	1	1	1	1	2	1	1	1	1	1	2	1	2	2	1	2	1	1	1	1	1	1	1	1	1	1	1	1	1	2
IND120	1	1	1	1	1	1	1	2	1	2	2	1	2	1	1	1	1	1	1	1	1	1	1	1	1	1	2	1	1	1	1	1	1	1	1	1	2	2	2	1	1	2	1	1	1	2	1	1	1	1	1	1	2	1	1	1	1	1	1	1	1	1	1	1	1	1	1	1	1	2	2	2	1	1	1	2	2	1	2	2	1	2	1	1	1	2	1	1	1	1	1	1	1	1	1	1	1	1	1	2	1	1	1	1	1	2	1	1	1	1	1	2	1	1	1	1	1	1	2	2	1	2	2	1	1	2	1	1	1	1	2	1	2	1	1	1	2	1	1	2	1	2	1	2	1	1	1	1	1	1	1	1	1	2	2	1	2	1	1	1	1	1	2	1	1	2	2	1	2	2	1	1	1	1	2	1	1	1	1	1	1	1	1	2	1	2	1	1	1	1	1	1	1	1	1	1	1	1	1	1
IND121	2	1	1	1	2	1	1	2	1	2	1	2	2	1	1	1	1	1	1	2	1	2	2	2	1	1	1	1	1	2	2	1	2	2	1	2	1	2	2	1	1	1	1	1	1	1	1	1	1	1	1	1	2	1	2	1	1	1	1	1	1	1	1	1	1	1	1	1	2	2	2	1	1	1	1	1	1	1	1	2	1	1	1	2	1	1	1	2	2	1	2	1	2	1	2	1	2	2	1	1	1	1	1	2	1	1	1	2	1	2	1	1	1	2	1	2	2	1	2	1	1	2	1	2	1	2	1	2	1	1	1	1	1	1	1	1	1	1	1	1	1	1	1	2	1	1	1	1	2	2	1	2	1	1	1	1	1	1	1	1	1	1	2	1	1	1	1	2	1	2	1	1	2	1	2	1	1	1	1	1	1	2	2	1	1	2	1	2	2	1	1	1	1	1	2	1	1	1	1	2
IND122	2	1	1	1	1	1	2	1	1	2	2	2	2	1	1	2	1	1	1	2	2	2	2	2	1	1	1	1	1	1	1	1	2	2	1	2	2	2	2	1	1	1	1	1	1	1	1	1	1	1	2	1	1	1	1	1	1	1	1	1	1	1	1	1	2	1	1	1	2	2	1	1	1	2	1	1	1	1	1	2	1	1	1	2	2	1	1	2	2	1	2	1	1	1	1	1	1	1	1	1	1	1	1	1	1	1	1	2	1	1	1	1	1	2	1	1	1	1	2	1	1	2	1	2	1	2	1	2	1	2	1	1	1	1	2	1	2	1	1	1	1	2	1	2	1	2	2	1	2	2	1	1	1	1	1	1	1	1	1	1	1	1	2	1	1	2	1	2	1	1	1	1	2	1	2	1	1	1	1	1	2	2	2	1	1	2	1	1	1	1	1	1	1	1	2	1	1	1	1	1
IND123	2	1	1	1	2	1	2	2	1	2	2	1	2	1	1	1	1	1	1	2	2	2	2	2	1	1	1	1	1	2	1	1	2	2	1	2	1	2	1	2	2	1	1	1	1	1	1	1	1	1	2	2	2	1	2	1	1	1	1	1	1	1	1	1	2	1	1	1	2	2	1	1	1	1	1	1	1	1	1	2	1	2	1	1	1	1	1	1	1	1	1	1	2	1	2	1	1	2	2	1	1	1	1	2	1	1	1	2	1	2	1	1	1	2	1	1	1	1	2	1	1	1	1	2	1	2	1	2	1	2	1	1	1	1	2	1	2	1	1	1	1	1	1	1	1	1	1	1	2	2	1	1	1	1	1	1	1	1	1	1	2	1	2	1	1	1	1	2	1	2	1	2	2	1	2	1	1	1	1	1	2	2	2	1	1	1	1	1	2	1	1	1	1	1	1	1	2	1	1	1
IND124	2	2	1	1	1	1	2	2	1	2	2	1	2	1	1	2	1	1	1	1	1	2	2	2	1	1	1	1	1	1	1	1	2	2	1	2	2	2	2	1	2	1	1	1	1	1	2	1	1	1	1	2	2	1	1	1	1	1	2	1	1	1	1	1	1	1	1	1	1	2	2	1	1	2	1	1	1	1	1	2	1	2	1	1	2	1	1	2	2	1	1	1	1	1	1	1	2	1	1	1	1	1	1	2	1	1	1	1	1	2	1	1	1	2	1	2	1	1	2	1	1	2	1	2	1	2	1	2	1	1	1	1	1	1	2	1	2	1	1	2	1	1	1	1	1	2	1	1	2	2	1	2	1	1	1	1	1	1	1	2	1	1	1	1	1	1	1	2	1	2	1	1	2	1	1	1	1	1	1	1	2	2	2	1	1	2	1	1	2	1	1	1	1	1	2	1	2	1	1	1
IND125	2	1	1	1	2	1	2	1	1	2	2	2	2	1	1	1	1	1	1	2	1	2	2	2	1	1	1	1	1	1	2	1	2	1	1	2	1	2	2	1	2	1	1	1	1	1	1	1	2	1	1	1	1	1	2	1	1	1	1	1	1	1	1	1	2	1	1	1	1	1	1	1	1	2	1	1	1	1	1	2	1	1	1	1	2	1	1	1	2	1	2	1	2	1	2	1	2	1	1	1	1	1	1	1	1	1	1	2	1	1	1	1	1	1	1	1	2	1	2	1	1	1	1	2	1	2	1	2	1	2	2	1	1	1	2	1	1	1	1	2	1	2	1	2	1	2	2	1	2	2	1	1	1	1	1	1	1	1	1	2	1	1	1	1	1	1	1	1	1	1	1	2	2	2	2	1	1	1	1	1	2	2	2	1	1	1	1	2	1	1	1	1	1	1	1	1	1	1	1	1
IND126	2	2	1	1	1	1	2	2	1	2	2	2	2	1	1	1	1	1	1	1	2	2	2	2	1	1	1	1	1	2	2	1	2	2	1	2	1	2	2	1	1	1	1	1	1	1	1	1	1	1	1	1	2	1	2	1	1	1	2	1	1	1	1	1	1	1	1	1	1	1	2	1	1	1	1	1	1	1	1	1	1	1	1	2	1	1	1	2	1	1	1	1	2	1	2	1	1	1	1	1	1	1	1	2	1	1	1	1	1	2	1	1	1	1	1	1	1	1	2	1	1	1	1	2	1	2	1	2	1	2	1	1	1	1	1	1	1	1	1	1	1	2	1	1	1	2	1	1	2	1	1	2	1	1	1	1	1	1	1	2	1	1	1	1	1	1	1	2	1	2	1	2	2	1	1	1	1	1	1	1	2	2	2	1	1	1	1	1	1	1	1	1	1	1	2	1	2	1	1	1
IND127	2	1	1	1	1	1	1	2	1	2	1	1	1	1	1	2	1	1	1	2	1	2	1	2	1	1	1	1	1	1	1	1	2	2	1	2	2	2	1	2	2	1	1	1	1	1	2	1	1	1	1	1	2	1	1	1	1	1	1	1	1	1	1	1	1	1	1	1	1	1	1	1	1	1	1	1	1	1	1	1	1	2	1	1	1	1	1	1	1	1	1	1	2	1	2	1	2	2	1	1	1	1	1	1	1	1	2	1	1	2	1	1	1	2	1	1	2	1	2	1	1	1	1	2	1	2	1	2	1	2	1	1	1	1	2	1	2	1	1	1	1	2	1	1	1	1	1	1	2	1	1	1	1	1	1	1	1	1	1	1	1	1	1	1	1	2	1	2	1	2	1	1	2	2	2	1	1	1	1	1	2	2	2	1	1	2	1	1	1	1	1	1	1	1	1	1	2	1	1	1
IND128	2	1	1	1	1	1	1	1	1	2	1	2	2	1	1	1	1	1	1	1	2	2	1	2	1	1	1	1	1	1	1	1	2	1	1	2	2	2	2	2	2	1	1	1	1	1	2	1	1	1	2	1	1	1	2	1	1	1	1	1	1	1	1	1	1	1	1	1	2	2	1	1	1	2	1	1	1	1	1	1	1	2	1	2	2	1	1	1	1	1	1	1	1	1	1	1	2	1	2	1	1	1	1	1	1	1	1	1	1	2	1	1	1	1	1	2	2	1	2	1	1	1	1	2	1	2	1	2	1	1	2	1	1	1	1	1	1	1	1	1	1	2	1	1	1	2	1	1	2	1	1	1	1	1	1	1	1	1	1	1	2	1	1	1	1	1	1	2	1	1	1	2	2	1	2	1	1	1	1	1	1	2	2	1	1	2	1	2	1	1	1	1	1	1	2	1	2	1	1	2
IND129	2	2	1	1	2	1	1	1	1	2	1	2	1	1	1	2	1	1	1	1	1	2	1	2	1	1	1	1	1	2	1	1	2	2	1	2	2	2	2	1	2	1	1	1	1	1	2	1	1	1	1	1	1	1	1	1	1	1	1	1	1	1	1	1	1	1	1	1	1	2	1	1	1	1	1	1	1	1	1	2	1	1	1	1	2	1	1	1	1	1	1	1	2	1	1	1	1	2	1	1	1	1	1	2	1	1	2	1	1	1	1	1	1	1	1	2	1	1	2	1	1	2	1	2	1	2	1	2	1	2	1	1	1	1	1	1	2	1	1	1	1	2	1	2	1	1	2	1	2	1	1	1	1	1	1	1	1	1	1	1	2	1	1	1	1	2	1	1	1	2	1	1	2	1	2	1	1	1	1	1	1	2	2	1	1	1	1	1	1	1	1	1	1	1	2	1	2	1	1	2
IND130	2	2	1	1	2	1	2	2	1	2	2	1	1	1	1	2	1	1	1	1	1	2	1	2	1	1	1	1	1	1	2	1	2	1	1	2	2	2	2	1	1	1	1	1	1	1	2	1	1	1	2	2	1	1	1	1	1	1	1	1	1	1	1	1	2	1	1	1	1	1	1	1	1	2	1	1	1	1	1	2	1	1	1	2	2	1	1	2	2	1	2	1	2	1	1	1	1	2	2	1	1	1	1	2	1	1	2	2	1	1	1	1	1	2	1	2	1	1	2	1	1	2	1	2	1	2	1	2	1	1	2	1	1	1	1	1	2	1	1	2	1	2	1	1	1	2	1	1	2	2	1	1	1	1	1	1	1	1	1	2	1	1	2	1	1	1	1	2	1	2	1	1	2	2	1	1	1	1	1	1	1	2	2	1	1	2	1	1	1	1	1	1	1	1	2	1	2	1	1	1
IND131	2	2	1	1	1	1	2	2	1	2	1	1	2	1	1	1	1	1	1	1	1	2	2	2	1	1	1	1	1	1	2	1	2	2	1	2	2	2	2	2	1	1	1	1	1	1	2	1	1	1	1	1	2	1	2	1	1	1	2	1	1	1	1	1	1	1	1	1	1	2	2	1	1	2	1	1	1	1	1	1	1	1	1	2	2	1	1	1	1	1	1	1	2	1	1	1	2	1	2	1	1	1	1	2	1	1	1	2	1	1	1	1	1	1	1	1	1	1	2	1	1	1	1	2	1	2	1	2	1	1	1	1	1	1	1	1	1	1	1	2	1	1	1	1	1	1	1	1	2	2	1	1	1	1	1	1	1	1	1	2	2	1	2	1	1	1	1	1	1	2	1	2	2	1	1	1	1	1	1	1	1	2	2	1	1	1	1	2	2	1	1	1	1	1	2	1	1	1	1	2
IND132	2	1	1	1	1	1	1	1	1	2	1	2	2	1	1	1	1	1	1	1	1	2	1	2	1	1	1	1	1	2	1	1	2	1	1	2	2	2	2	1	1	1	1	1	1	1	2	1	1	1	1	1	2	1	2	1	1	1	1	1	1	1	1	1	1	1	1	1	2	1	1	1	1	2	1	1	1	1	1	1	1	1	1	2	1	1	1	1	2	1	2	1	1	1	2	1	1	1	1	1	1	1	1	1	1	1	1	1	1	2	1	1	1	2	1	1	1	1	2	1	1	2	1	2	1	2	1	2	1	2	2	1	1	1	2	1	2	1	1	2	1	2	1	1	1	1	1	1	2	1	1	2	1	1	1	1	1	1	1	2	1	1	1	1	1	1	1	1	1	1	1	2	2	2	1	1	1	1	1	1	2	2	2	1	1	1	1	2	1	1	1	1	1	1	1	1	1	1	1	2
IND133	2	2	1	1	1	1	1	1	1	2	1	1	1	1	1	1	1	1	1	1	1	2	1	2	1	1	1	1	1	1	1	1	2	2	1	2	2	2	2	1	2	1	1	1	1	1	1	1	2	1	2	2	2	1	2	1	1	1	2	1	1	1	1	1	2	1	1	1	1	2	1	1	1	1	1	1	1	1	1	2	1	2	1	1	2	1	1	1	2	1	2	1	1	1	2	1	2	2	2	1	1	1	1	2	1	1	2	2	1	1	1	1	1	2	1	1	1	1	2	1	1	2	1	2	1	2	1	2	1	2	1	1	1	1	1	1	1	1	1	2	1	2	1	2	1	1	1	1	2	1	1	2	1	1	1	1	1	1	1	1	1	1	2	1	1	1	1	1	1	1	1	2	2	2	1	1	1	1	1	1	1	2	2	1	1	2	1	1	2	1	1	1	1	1	1	1	2	1	1	2
IND134	2	2	1	1	2	1	1	2	1	2	2	1	2	1	1	2	1	1	1	2	1	2	1	2	1	1	1	1	1	2	1	1	2	1	1	2	1	2	2	1	1	1	1	1	1	1	1	1	2	1	2	1	1	1	1	1	1	1	1	1	1	1	1	1	2	1	1	1	2	2	1	1	1	1	1	1	1	1	1	2	1	1	1	1	2	1	1	2	2	1	1	1	1	1	2	1	2	1	1	1	1	1	1	2	1	1	2	1	1	2	1	1	1	2	1	2	1	1	2	1	1	2	1	2	1	2	1	2	1	1	1	1	1	1	2	1	2	1	1	1	1	2	1	1	1	2	1	1	2	1	1	1	1	1	1	1	1	1	1	1	2	1	1	1	1	2	1	1	1	2	1	1	2	1	1	1	1	1	1	1	2	2	2	1	1	2	1	1	1	1	1	1	1	1	2	1	1	1	1	2
IND135	2	1	1	1	1	1	1	1	1	2	1	2	1	1	1	1	1	1	1	2	1	2	1	2	1	1	1	1	1	1	1	1	2	2	1	2	2	2	1	2	1	1	1	1	1	1	2	1	2	1	1	1	1	1	2	1	1	1	2	1	1	1	1	1	2	1	1	1	1	1	2	1	1	1	1	1	1	1	1	2	1	2	1	2	1	1	1	1	2	1	2	1	1	1	2	1	2	1	2	1	1	1	1	2	1	1	2	2	1	2	1	1	1	1	1	2	1	1	2	1	1	1	1	2	1	2	1	2	1	2	1	1	1	1	2	1	2	1	1	1	1	1	1	1	1	1	1	1	2	2	1	2	1	1	1	1	1	1	1	2	1	1	1	1	1	1	1	2	1	1	1	2	2	2	2	1	1	1	1	1	2	2	2	1	1	1	1	2	1	1	1	1	1	1	1	1	1	1	1	1
IND136	2	2	1	1	1	1	2	2	1	2	1	1	2	1	1	1	1	1	1	1	1	2	2	2	1	1	1	1	1	2	1	1	2	2	1	2	2	2	1	2	1	1	1	1	1	1	2	1	1	1	1	2	2	1	2	1	1	1	2	1	1	1	1	1	2	1	1	1	1	1	2	1	1	1	1	1	1	1	1	2	1	1	1	2	2	1	1	1	2	1	1	1	1	1	1	1	2	2	1	1	1	1	1	2	1	1	2	1	1	2	1	1	1	2	1	1	1	1	2	1	1	2	1	2	1	2	1	2	1	2	1	1	1	1	2	1	2	1	1	1	1	2	1	1	1	2	1	1	2	2	1	1	1	1	1	1	1	1	1	2	1	1	2	1	1	2	1	2	1	2	1	2	2	2	2	1	1	1	1	1	1	2	2	1	1	2	1	2	2	1	1	1	1	1	2	1	2	1	1	1
IND137	2	1	1	1	2	1	1	1	1	2	2	1	1	1	1	2	1	1	1	2	1	2	2	2	1	1	1	1	1	2	2	1	2	2	1	2	2	2	2	2	1	1	1	1	1	1	2	1	1	1	2	2	2	1	1	1	1	1	2	1	1	1	1	1	2	1	1	1	1	1	2	1	1	1	1	1	1	1	1	2	1	1	1	2	2	1	1	2	1	1	2	1	2	1	2	1	2	2	2	1	1	1	1	1	1	1	1	1	1	1	1	1	1	2	1	1	2	1	2	1	1	2	1	2	1	2	1	2	1	2	1	1	1	1	1	1	2	1	1	2	1	2	1	1	1	2	1	1	2	2	1	2	1	1	1	1	1	1	1	2	2	1	2	1	1	1	1	2	1	1	1	1	2	2	2	1	1	1	1	1	1	2	2	1	1	1	1	1	2	1	1	1	1	1	1	1	1	1	1	1
IND138	2	1	1	1	1	1	2	2	1	2	1	1	1	1	1	1	1	1	1	1	1	2	1	2	1	1	1	1	1	1	2	1	2	2	1	2	2	2	1	2	2	1	1	1	1	1	1	1	1	1	1	2	1	1	2	1	1	1	1	1	1	1	1	1	1	1	1	1	1	2	1	1	1	2	1	1	1	1	1	1	1	1	1	2	2	1	1	1	1	1	2	1	2	1	1	1	2	1	1	1	1	1	1	2	1	1	2	2	1	1	1	1	1	1	1	1	2	1	2	1	1	1	1	2	1	2	1	2	1	2	2	1	1	1	1	1	2	1	1	2	1	2	1	2	1	2	2	1	2	1	1	2	1	1	1	1	1	1	1	1	1	1	1	1	1	1	1	1	1	1	1	1	2	2	1	1	1	1	1	1	2	2	2	1	1	2	1	2	2	1	1	1	1	1	2	1	2	1	1	2
IND139	2	1	1	1	1	1	1	1	1	2	2	1	2	1	1	1	1	1	1	2	2	2	2	2	1	1	1	1	1	2	2	1	2	2	1	2	2	2	1	2	2	1	1	1	1	1	1	1	2	1	1	1	2	1	1	1	1	1	2	1	1	1	1	1	2	1	1	1	2	1	2	1	1	2	1	1	1	1	1	1	1	1	1	2	2	1	1	1	2	1	1	1	2	1	1	1	1	1	1	1	1	1	1	2	1	1	1	1	1	1	1	1	1	1	1	1	2	1	2	1	1	2	1	2	1	2	1	2	1	2	2	1	1	1	1	1	2	1	1	2	1	2	1	2	1	1	1	1	2	2	1	2	1	1	1	1	1	1	1	1	2	1	1	1	1	2	1	1	1	2	1	2	2	1	1	1	1	1	1	1	2	2	2	1	1	1	1	1	1	1	1	1	1	1	2	1	2	1	1	2
IND140	2	2	1	1	2	1	1	1	1	2	1	2	2	1	1	2	1	1	1	1	1	2	1	2	1	1	1	1	1	1	2	1	2	2	1	2	1	2	1	1	2	1	1	1	1	1	1	1	1	1	2	1	1	1	1	1	1	1	2	1	1	1	1	1	1	1	1	1	2	2	1	1	1	2	1	1	1	1	1	1	1	1	1	2	1	1	1	2	2	1	2	1	2	1	2	1	1	1	2	1	1	1	1	1	1	1	2	2	1	2	1	1	1	1	1	2	1	1	2	1	1	2	1	2	1	2	1	2	1	1	2	1	1	1	1	1	1	1	1	2	1	2	1	1	1	2	2	1	2	2	1	2	1	1	1	1	1	1	1	1	1	1	1	1	1	2	1	1	1	1	1	1	2	1	2	1	1	1	1	1	2	2	2	1	1	1	1	2	2	1	1	1	1	1	2	1	2	1	1	2
IND141	2	1	2	1	1	1	1	1	2	1	1	2	2	2	1	1	1	1	1	1	1	1	1	1	1	1	2	1	2	1	1	1	1	2	2	1	2	1	1	2	1	2	1	1	1	2	1	2	1	1	2	1	1	2	1	1	1	1	1	1	1	1	1	1	1	1	2	1	1	1	2	2	1	2	2	1	2	1	2	1	1	2	1	1	1	1	1	1	1	2	2	1	2	1	1	1	1	2	1	2	1	1	1	1	1	1	2	1	1	1	1	2	1	1	1	1	1	1	2	1	1	1	1	1	1	2	2	2	1	1	1	1	1	2	1	1	1	2	1	2	1	2	2	1	1	2	1	1	1	1	1	1	2	1	2	1	1	1	1	1	1	2	1	1	1	1	1	1	1	1	1	1	1	1	2	1	1	1	1	1	1	2	2	1	2	1	1	1	1	1	2	1	1	1	1	2	1	1	2	1
IND142	2	1	2	1	2	1	1	1	1	1	1	1	2	1	1	1	1	1	1	1	1	1	1	2	1	1	2	1	2	1	1	1	1	2	2	1	2	2	1	2	2	2	1	1	1	1	1	2	2	1	1	1	1	2	1	1	1	1	1	1	1	1	1	1	1	1	2	1	1	2	2	1	1	2	2	1	2	1	2	1	1	2	1	1	1	2	1	1	1	2	2	1	2	1	1	1	2	2	2	2	2	1	1	1	1	1	2	1	2	2	1	2	1	1	1	1	1	1	1	1	2	1	1	1	1	2	2	1	1	2	1	1	1	2	1	1	1	2	1	2	1	2	2	2	1	1	1	1	2	1	1	2	2	1	2	1	2	1	1	1	1	2	1	1	1	1	2	1	1	1	1	1	1	1	2	1	1	1	1	1	2	1	2	1	2	1	1	2	1	1	1	1	1	1	1	2	1	1	1	2
IND143	2	1	2	1	1	1	2	1	1	1	1	2	2	1	1	1	1	1	1	1	1	1	2	2	1	1	1	1	2	1	1	1	1	1	2	1	2	2	1	1	2	2	1	1	1	1	1	2	1	1	1	1	1	2	1	1	1	1	1	1	1	1	1	1	1	1	2	1	1	1	2	2	2	2	1	1	2	1	2	1	2	2	1	1	1	1	1	1	1	2	1	1	2	1	1	1	1	2	1	2	2	1	1	1	1	1	2	1	2	2	1	2	1	1	1	2	1	2	2	1	1	1	1	1	1	2	1	2	1	1	2	1	1	2	2	1	2	2	1	2	1	2	2	2	1	2	1	1	2	1	1	2	2	1	2	1	1	1	1	1	1	1	1	1	1	1	1	2	1	1	1	1	1	1	2	1	1	1	1	1	1	2	2	1	2	1	1	2	1	1	1	1	2	2	1	2	1	1	1	2
IND144	2	1	2	1	1	1	2	1	1	1	1	1	2	1	1	1	1	1	1	1	1	1	2	2	1	1	2	1	2	2	1	1	1	2	2	1	2	1	1	1	2	1	1	1	1	1	1	2	1	2	1	1	1	2	1	1	1	1	1	1	2	1	1	1	1	1	2	1	1	1	2	1	1	1	1	1	2	1	2	1	2	1	1	1	1	2	1	1	1	2	1	1	2	1	1	1	1	2	2	2	2	1	1	1	1	1	2	1	2	1	1	2	1	2	1	1	1	2	2	2	1	1	1	1	2	2	2	2	1	2	2	1	1	1	2	1	1	2	1	2	1	1	1	1	1	2	1	1	1	1	1	1	1	1	2	1	1	1	2	1	1	1	1	1	1	1	1	2	1	1	1	1	1	1	2	1	1	1	1	1	2	2	1	1	2	1	1	1	1	1	2	1	2	1	1	2	1	1	1	2
IND145	2	1	2	1	1	1	2	1	2	1	1	1	2	1	1	1	1	1	1	1	1	1	2	1	1	1	1	1	2	1	1	1	1	1	2	1	2	2	1	2	1	1	1	1	1	1	1	2	2	2	2	1	1	2	1	1	1	1	1	1	1	1	1	1	1	1	2	1	1	1	2	2	2	1	1	1	2	1	2	1	1	2	1	1	1	2	1	1	1	2	1	1	2	1	1	1	1	2	1	2	2	1	1	1	1	1	2	1	1	1	1	2	1	1	1	2	1	2	2	2	2	1	1	1	1	2	2	1	1	2	1	1	1	1	2	1	1	2	1	2	1	2	1	1	1	2	1	1	1	1	1	2	2	1	1	1	1	1	1	1	1	1	1	1	1	1	1	1	2	1	1	1	1	1	2	1	1	1	1	1	1	1	1	1	2	1	1	2	1	1	1	1	2	2	1	2	1	1	2	1
IND146	2	1	2	1	2	1	2	1	1	1	1	1	2	1	1	1	1	1	1	1	1	1	2	1	1	1	2	1	2	2	1	1	1	2	2	1	2	1	1	2	1	2	1	1	1	2	1	2	2	2	2	1	1	2	1	1	1	1	1	1	1	1	1	1	1	1	2	1	1	1	2	1	1	2	1	1	1	1	2	1	1	1	1	1	1	1	1	1	1	2	2	1	2	1	1	1	1	2	1	2	2	1	1	1	1	1	2	1	2	1	1	2	1	2	1	1	1	2	2	1	1	1	1	1	2	2	2	2	1	2	2	1	1	2	1	1	2	2	1	2	1	2	1	2	1	1	1	1	2	1	1	1	1	1	1	1	2	1	1	1	1	2	1	1	1	1	2	2	1	1	1	1	1	1	2	1	1	1	1	1	2	1	2	1	2	1	1	2	1	1	1	1	1	2	1	2	1	1	2	1
IND147	2	1	2	1	1	1	1	1	1	1	1	2	2	2	1	1	1	1	1	1	1	1	2	2	1	1	1	1	2	1	1	1	1	1	2	1	2	1	1	2	1	2	1	1	1	1	1	2	2	2	1	1	1	2	1	1	1	1	1	1	2	1	1	1	1	1	2	1	1	2	2	2	2	2	1	1	1	1	2	1	2	2	1	1	1	2	1	1	1	1	1	1	2	1	1	1	1	2	2	2	2	1	1	1	1	1	2	1	1	2	1	2	1	2	1	2	1	2	2	2	1	1	1	1	1	2	2	2	1	2	1	1	1	1	2	1	2	2	1	2	1	2	1	1	1	1	1	1	2	1	1	2	1	1	2	1	1	1	2	1	1	2	1	1	1	1	2	2	2	1	1	1	1	1	2	1	1	1	1	1	2	1	2	1	2	1	1	1	1	1	2	1	2	2	1	2	1	1	2	1
IND148	2	1	2	1	1	1	1	1	1	1	1	1	2	1	1	1	1	1	1	1	1	1	2	2	1	1	1	1	2	1	1	1	1	2	2	1	2	1	1	1	2	1	1	1	1	2	1	2	1	1	1	1	1	2	1	1	1	1	1	1	1	1	1	1	1	1	2	1	1	2	2	2	2	1	2	1	1	1	2	1	2	2	1	1	1	2	1	1	1	1	2	1	1	1	1	1	1	2	1	2	1	1	1	1	1	1	2	1	2	2	1	2	1	2	1	1	1	2	2	2	1	1	1	1	2	2	2	1	1	1	2	1	1	1	1	1	1	2	1	2	1	2	1	2	1	2	1	1	2	1	1	1	2	1	2	1	2	1	1	1	1	2	1	1	1	1	1	1	1	1	1	1	1	1	2	1	1	1	1	1	2	1	1	1	2	1	1	1	1	1	1	1	2	2	1	2	1	1	1	1
IND149	2	1	2	1	2	1	1	1	1	1	1	2	2	2	1	1	1	1	1	1	1	1	1	1	1	1	1	1	2	1	1	1	1	1	2	1	2	2	1	2	2	1	1	1	1	2	1	2	2	1	1	1	1	2	1	1	1	1	1	1	1	1	1	1	1	1	2	1	1	2	2	1	1	2	1	2	2	1	2	1	1	2	1	1	1	2	1	1	1	2	2	1	1	1	1	1	1	2	2	2	2	1	1	1	1	1	2	1	2	2	1	2	1	2	1	2	1	2	2	2	1	1	1	1	1	2	2	2	1	1	2	1	1	2	2	1	1	2	1	2	1	2	2	2	1	1	1	1	1	1	1	2	2	1	2	1	2	1	1	1	1	2	1	1	1	1	1	1	2	1	1	1	1	1	2	1	1	1	1	1	2	1	2	1	2	1	1	2	1	1	1	1	1	2	1	2	1	1	1	2
IND150	2	1	2	1	1	1	1	1	1	1	1	2	2	1	1	1	1	1	1	1	1	1	2	1	1	1	1	1	2	2	1	1	1	2	2	1	2	2	1	1	2	1	1	1	1	1	1	2	2	2	2	1	1	2	1	1	1	1	1	1	2	1	1	1	1	1	2	1	1	1	2	2	2	1	1	1	1	1	2	1	1	1	1	1	1	1	1	1	1	1	2	1	2	1	1	1	1	2	1	2	2	1	1	1	1	1	2	1	2	2	1	2	1	2	1	1	1	1	1	2	1	1	1	1	1	2	1	1	1	2	1	1	1	2	2	1	2	2	1	2	1	2	2	2	1	1	1	1	2	1	1	2	2	1	2	1	2	1	2	1	1	1	1	1	1	1	1	2	1	1	1	1	1	1	2	1	1	1	1	1	1	1	1	1	2	1	1	1	1	1	2	1	2	1	1	2	1	1	2	2
IND151	2	1	2	1	1	1	1	1	2	1	1	1	2	2	1	1	1	1	1	1	1	1	2	1	1	1	1	1	2	1	1	1	1	1	2	1	2	1	1	1	1	2	1	1	1	2	1	2	1	2	2	1	1	2	1	1	1	1	1	1	2	1	1	1	1	1	2	1	1	2	2	1	1	2	2	2	1	1	2	1	2	2	1	1	1	2	1	1	1	2	2	1	2	1	1	1	1	2	2	2	2	1	1	1	1	1	2	1	1	2	1	2	1	1	1	1	1	1	2	1	1	1	1	1	2	2	1	1	1	2	1	1	1	1	1	1	1	2	1	2	1	2	1	1	1	2	1	1	1	1	1	2	1	1	1	1	1	1	2	1	1	2	1	1	1	1	1	2	2	1	1	1	1	1	2	1	1	1	1	1	1	2	2	1	2	1	1	1	1	1	1	1	2	1	1	2	1	1	1	1
IND152	2	1	2	1	1	1	2	1	1	1	1	1	2	2	1	1	1	1	1	1	1	1	2	2	1	1	2	1	2	2	1	1	1	2	2	1	2	2	1	1	2	1	1	1	1	1	1	2	2	1	2	1	1	2	1	1	1	1	1	1	1	1	1	1	1	1	2	1	1	1	2	2	2	2	1	1	1	1	2	1	1	2	1	1	1	2	1	1	1	2	2	1	1	1	1	1	1	2	2	2	2	1	1	1	1	1	2	1	2	1	1	2	1	1	1	1	1	2	1	2	1	1	1	1	2	2	1	1	1	2	2	1	1	2	1	1	1	2	1	2	1	1	2	1	1	2	1	1	1	1	1	1	2	1	2	1	2	1	2	1	1	1	1	1	1	1	2	2	1	1	1	1	1	1	2	1	1	1	1	1	2	2	2	1	2	1	1	1	1	1	1	1	2	2	1	2	1	1	1	1
IND153	2	1	2	1	2	1	1	1	2	1	1	1	2	1	1	1	1	1	1	1	1	1	1	2	1	1	2	1	2	2	1	1	1	1	2	1	2	1	1	1	1	2	1	1	1	2	1	2	2	1	1	1	1	2	1	1	1	1	1	1	2	1	1	1	1	1	2	1	1	1	2	1	2	2	1	1	1	1	2	1	2	2	1	1	1	1	1	1	1	1	2	1	2	1	1	1	1	2	2	2	2	1	1	1	1	1	2	1	2	1	1	2	1	1	1	2	1	2	1	1	1	1	1	1	2	2	1	1	1	1	2	1	1	2	2	1	1	2	1	2	1	2	2	2	1	1	1	1	2	1	1	2	2	1	2	1	2	1	1	1	1	2	1	1	1	1	2	2	1	1	1	1	1	1	2	1	1	1	1	1	1	2	1	1	2	1	1	2	1	1	2	1	1	2	1	2	1	1	2	1
IND154	2	1	2	1	2	1	1	1	1	1	1	2	2	1	1	1	1	1	1	1	1	1	1	1	1	1	1	1	2	1	1	1	1	1	2	1	2	1	1	2	2	1	1	1	1	2	1	2	2	1	1	1	1	2	1	1	1	1	1	1	1	1	1	1	1	1	2	1	1	2	2	1	1	2	2	1	1	1	2	1	1	1	1	1	1	2	1	1	1	1	2	1	2	1	1	1	2	2	1	2	1	1	1	1	1	1	2	1	1	1	1	2	1	1	1	1	1	2	2	1	1	1	1	1	2	2	2	2	1	2	1	1	1	2	1	1	1	2	1	2	1	1	2	2	1	1	1	1	1	1	1	2	2	1	1	1	1	1	1	1	1	2	1	1	1	1	1	1	1	1	1	1	1	1	2	1	1	1	1	1	1	2	1	1	2	1	1	2	1	1	2	1	1	1	1	2	1	1	2	2
IND155	2	1	2	1	1	1	1	1	1	1	1	2	2	2	1	1	1	1	1	1	1	1	2	1	1	1	1	1	2	2	1	1	1	1	2	1	2	1	1	2	1	1	1	1	1	1	1	2	2	2	1	1	1	2	1	1	1	1	1	1	1	1	1	1	1	1	2	1	1	1	2	1	1	2	2	1	1	1	2	1	2	1	1	1	1	2	1	1	1	1	2	1	1	1	1	1	2	2	2	2	2	1	1	1	1	1	2	1	2	1	1	2	1	1	1	1	1	2	2	1	1	1	1	1	2	2	2	1	1	2	2	1	1	2	2	1	1	2	1	2	1	1	2	1	1	1	1	1	2	1	1	2	1	1	1	1	1	1	1	1	1	2	1	1	1	1	2	2	2	1	1	1	1	1	2	1	1	1	1	1	1	2	1	1	2	1	1	2	1	1	1	1	1	1	1	2	1	1	2	1
IND156	2	1	2	1	1	1	2	1	2	1	1	1	2	2	1	1	1	1	1	1	1	1	2	2	1	1	2	1	2	2	1	1	1	1	2	1	2	1	1	2	1	2	1	1	1	1	1	2	1	2	1	1	1	2	1	1	1	1	1	1	2	1	1	1	1	1	2	1	1	2	2	2	1	1	1	1	1	1	2	1	2	2	1	1	1	2	1	1	1	2	1	1	1	1	1	1	1	2	1	2	2	1	1	1	1	1	2	1	1	2	1	2	1	1	1	2	1	2	2	2	2	1	1	1	1	2	1	2	1	2	1	1	1	2	2	1	2	2	1	2	1	1	2	1	1	1	1	1	1	1	1	1	2	1	1	1	2	1	2	1	1	1	1	1	1	1	2	1	1	1	1	1	1	1	2	1	1	1	1	1	2	1	1	1	2	1	1	1	1	1	1	1	1	1	1	2	1	1	1	1
IND157	2	1	2	1	1	1	1	1	2	1	1	2	2	1	1	1	1	1	1	1	1	1	1	2	1	1	1	1	2	1	1	1	1	1	2	1	2	2	1	2	2	1	1	1	1	1	1	2	2	2	1	1	1	2	1	1	1	1	1	1	2	1	1	1	1	1	2	1	1	1	2	2	2	1	1	1	2	1	2	1	2	1	1	1	1	2	1	1	1	1	1	1	1	1	1	1	1	2	2	2	2	1	1	1	1	1	2	1	2	2	1	2	1	2	1	2	1	2	2	2	1	1	1	1	2	2	2	2	1	2	1	1	1	2	2	1	2	2	1	2	1	1	2	2	1	1	1	1	2	1	1	2	1	1	2	1	1	1	2	1	1	1	1	1	1	1	2	2	2	1	1	1	1	1	2	1	1	1	1	1	2	2	2	1	2	1	1	1	1	1	2	1	1	1	1	2	1	1	1	2
IND158	2	1	2	1	1	1	2	1	1	1	1	2	2	1	1	1	1	1	1	1	1	1	1	2	1	1	1	1	2	1	1	1	1	1	2	1	2	2	1	2	1	2	1	1	1	2	1	2	1	1	1	1	1	2	1	1	1	1	1	1	1	1	1	1	1	1	2	1	1	2	2	2	2	2	1	1	1	1	2	1	2	2	1	1	1	1	1	1	1	2	2	1	2	1	1	1	2	2	1	2	1	1	1	1	1	1	2	1	2	1	1	2	1	1	1	1	1	2	2	2	2	1	1	1	2	2	1	2	1	1	2	1	1	2	2	1	1	2	1	2	1	2	2	1	1	2	1	1	2	1	1	1	2	1	2	1	2	1	1	1	1	2	1	1	1	1	2	1	2	1	1	1	1	1	2	1	1	1	1	1	2	2	2	1	2	1	1	2	1	1	2	1	2	2	1	2	1	1	1	1
IND159	2	1	2	1	1	1	1	1	1	1	1	1	2	2	1	1	1	1	1	1	1	1	1	1	1	1	2	1	2	1	1	1	1	2	2	1	2	2	1	1	2	1	1	1	1	2	1	2	2	2	1	1	1	2	1	1	1	1	1	1	1	1	1	1	1	1	2	1	1	1	2	1	2	2	1	1	2	1	2	1	1	2	1	1	1	2	1	1	1	1	1	1	1	1	1	1	1	2	2	2	2	1	1	1	1	1	2	1	2	1	1	2	1	1	1	2	1	1	2	1	2	1	1	1	2	2	2	1	1	1	2	1	1	1	2	1	2	2	1	2	1	1	1	2	1	2	1	1	2	1	1	1	1	1	1	1	2	1	2	1	1	1	1	1	1	1	2	2	2	1	1	1	1	1	2	1	1	1	1	1	2	2	2	1	2	1	1	1	1	1	2	1	2	2	1	2	1	1	1	1
IND160	2	1	2	1	2	1	2	1	2	1	1	1	2	1	1	1	1	1	1	1	1	1	2	2	1	1	1	1	2	1	1	1	1	1	2	1	2	2	1	2	2	1	1	1	1	1	1	2	1	2	1	1	1	2	1	1	1	1	1	1	2	1	1	1	1	1	2	1	1	1	2	2	1	1	2	2	2	1	2	1	1	1	1	1	1	2	1	1	1	2	2	1	1	1	1	1	2	2	1	2	2	1	1	1	1	1	2	1	2	2	1	2	1	2	1	2	1	1	1	1	1	1	1	1	2	2	2	2	1	2	2	1	1	1	1	1	2	2	1	2	1	2	2	1	1	1	1	1	1	1	1	2	1	1	2	1	2	1	1	1	1	1	1	1	1	1	2	2	1	1	1	1	1	1	2	1	1	1	1	1	2	2	1	1	2	1	1	2	1	1	1	1	2	1	1	2	1	1	2	2
IND161	2	2	1	1	2	1	2	1	1	2	1	1	2	1	2	1	1	1	1	2	2	2	1	2	1	1	1	1	1	1	2	2	1	1	2	1	1	1	1	1	1	1	1	1	1	1	1	1	1	2	2	2	1	1	2	2	1	1	1	1	1	2	1	2	1	1	1	1	1	1	1	1	2	1	1	1	1	1	2	2	1	1	1	1	1	2	2	1	1	1	1	1	1	2	2	1	1	1	2	2	1	1	1	1	1	2	1	1	2	1	2	2	1	1	1	2	1	1	1	1	1	1	2	1	1	2	2	1	2	1	1	1	1	1	1	1	1	2	2	2	1	2	1	2	2	1	1	1	1	1	1	1	1	2	1	1	1	1	2	2	2	1	2	1	1	1	1	2	2	1	2	1	2	1	2	1	2	1	1	1	1	1	1	2	1	1	2	1	1	1	1	1	2	2	1	1	1	1	1	1
IND162	1	2	1	1	2	1	2	1	2	1	1	1	2	2	2	1	1	1	1	2	2	2	1	2	1	1	2	1	1	1	1	2	1	1	2	1	1	1	1	1	1	1	1	1	1	1	2	2	2	2	1	2	1	1	1	1	1	1	1	1	1	2	1	1	1	1	2	1	1	2	1	1	1	2	1	1	1	1	1	2	1	1	1	1	1	1	1	1	1	1	1	2	1	2	1	1	1	2	2	2	1	2	1	1	1	1	1	1	1	1	1	2	1	2	1	2	1	1	1	2	1	2	2	1	1	2	2	1	1	1	2	1	1	1	1	1	1	2	2	1	1	1	1	2	2	1	1	1	1	1	1	1	2	2	1	1	1	1	1	2	2	1	1	2	1	2	1	2	1	1	1	1	2	1	2	1	1	1	1	1	1	1	1	1	1	1	1	1	1	1	1	1	2	2	2	2	1	1	1	1
IND163	1	2	1	1	2	1	2	1	2	1	1	1	2	2	2	1	1	1	1	2	2	2	1	2	1	1	2	1	1	1	2	2	1	1	1	2	1	1	1	1	1	1	1	1	1	1	2	2	2	1	2	2	1	1	2	1	1	1	1	1	1	2	1	2	1	1	2	1	1	1	1	2	2	2	1	1	1	2	1	2	1	1	1	1	1	1	2	1	1	1	1	1	1	2	1	1	1	1	2	2	1	1	1	1	2	1	1	1	1	1	1	1	1	1	1	1	1	1	1	2	1	2	2	1	1	2	2	1	1	1	2	1	1	1	1	1	1	2	1	2	1	2	1	2	2	1	1	1	1	1	1	1	1	2	1	1	1	1	1	1	2	1	2	2	1	1	1	1	2	1	2	1	2	1	2	1	1	2	1	1	1	1	1	1	1	1	1	1	1	1	1	1	2	2	2	2	1	2	2	1
IND164	1	2	1	1	1	1	2	1	2	2	1	1	2	1	2	1	1	1	1	2	2	2	1	1	1	1	1	1	1	1	2	2	1	2	2	2	1	2	2	1	1	1	1	1	1	1	1	1	2	1	2	2	2	1	2	2	1	1	1	1	1	2	1	2	1	1	1	1	1	1	1	1	2	2	2	1	1	1	2	2	1	1	1	1	1	2	2	1	1	1	1	1	1	1	2	2	1	2	2	2	1	1	1	1	2	2	1	1	2	2	1	1	1	1	1	1	1	1	1	1	2	1	2	1	1	1	2	1	1	1	2	1	1	1	1	1	1	2	1	1	1	1	1	2	2	1	1	1	1	1	1	1	1	1	1	1	1	2	1	2	2	1	1	1	1	1	1	2	2	1	1	1	2	1	2	1	2	1	2	1	1	1	1	2	1	1	1	2	1	1	1	1	1	1	2	2	1	2	1	1
IND165	1	2	1	1	1	1	2	1	1	2	1	1	2	2	2	1	1	1	1	2	2	2	1	2	1	1	2	1	1	1	2	2	1	2	2	2	1	1	2	1	1	1	1	1	1	1	1	2	2	2	2	2	2	1	2	2	1	1	1	1	1	2	1	2	1	1	1	1	1	2	1	2	2	1	2	1	1	2	1	2	1	1	1	1	2	2	2	1	1	1	1	1	1	1	2	1	1	2	1	2	1	1	1	1	1	1	1	1	1	1	1	1	1	1	1	2	1	1	1	1	1	2	2	1	1	2	2	1	2	1	1	1	1	1	1	1	1	2	1	1	1	1	1	2	2	1	1	1	1	1	1	1	2	1	1	2	1	2	1	1	2	1	1	2	2	2	1	2	2	1	1	1	2	1	2	1	2	1	1	1	2	1	1	2	1	2	1	1	1	1	1	1	2	1	2	2	1	1	2	1
IND166	2	2	1	1	1	1	2	1	1	2	1	1	2	2	2	1	1	1	1	1	2	2	2	1	1	1	1	1	1	1	1	2	1	1	2	1	1	2	1	1	1	1	1	1	1	1	2	1	1	2	1	2	2	1	2	2	1	1	1	1	1	2	1	1	1	1	1	1	1	1	1	2	2	2	1	1	1	2	1	1	1	1	1	1	1	2	2	1	1	1	1	1	1	1	2	2	1	2	2	2	1	2	1	1	2	2	1	1	2	2	2	2	1	2	1	2	1	1	1	1	1	2	2	1	1	1	2	1	2	1	2	1	1	1	1	1	2	2	2	1	1	1	1	2	1	1	1	1	1	1	1	1	1	1	1	2	1	2	2	2	2	1	2	1	1	1	1	2	2	1	2	1	2	1	2	1	1	2	1	1	1	1	1	2	1	2	1	1	1	1	1	1	1	2	2	2	1	1	1	1
IND167	2	2	1	1	2	1	2	1	2	1	1	1	2	2	2	1	1	1	1	2	2	2	1	1	1	1	1	1	1	1	1	2	1	2	2	2	1	2	1	1	1	1	1	1	1	1	2	1	1	2	2	2	1	1	1	1	1	1	1	1	1	2	1	1	1	1	1	1	2	2	1	1	2	2	2	1	1	1	2	2	1	1	1	1	2	1	1	1	1	1	1	2	1	2	2	2	1	1	1	2	1	2	1	1	1	1	1	1	2	1	1	2	1	2	1	2	1	1	1	1	2	1	2	1	1	1	2	1	2	1	1	1	1	1	1	1	2	2	2	1	1	2	1	2	1	1	1	1	1	1	1	1	2	2	1	1	1	2	2	1	2	1	2	2	1	1	1	1	2	1	2	1	2	1	2	1	1	1	2	1	2	1	1	2	1	1	1	1	1	1	1	1	2	1	1	2	1	2	1	1
IND168	1	2	1	1	1	1	2	1	1	1	1	1	2	1	2	1	1	1	1	2	2	2	1	1	1	1	2	1	1	1	2	2	1	1	2	2	1	2	2	1	1	1	1	1	1	1	1	2	1	2	1	2	1	1	2	2	1	1	1	1	1	2	1	2	1	1	2	1	1	1	1	2	2	1	1	1	1	1	1	2	1	1	1	1	2	1	2	1	1	1	1	1	1	2	2	1	1	1	2	2	1	1	1	1	1	1	1	1	2	1	1	1	1	1	1	1	1	1	1	2	2	2	2	1	1	2	2	1	1	1	2	1	1	1	1	1	1	2	2	1	1	2	1	2	2	1	1	1	1	1	1	1	2	1	1	2	1	2	1	1	2	1	1	2	2	1	1	1	1	1	2	1	2	1	2	1	2	1	2	1	2	1	1	2	1	2	2	2	1	1	1	1	2	2	2	2	1	1	1	1
IND169	1	2	1	1	2	1	2	1	1	2	1	1	2	2	2	1	1	1	1	1	2	2	1	1	1	1	1	1	1	1	1	2	1	1	2	1	1	2	1	1	1	1	1	1	1	1	1	2	2	2	2	2	1	1	1	1	1	1	1	1	1	2	1	1	1	1	1	1	1	2	1	2	2	1	1	1	1	1	1	2	1	1	1	1	1	2	2	1	1	1	1	1	1	2	1	1	1	2	2	2	1	2	1	1	2	2	1	1	2	2	1	1	1	2	1	1	1	1	1	1	2	1	2	1	1	2	2	1	1	1	1	1	1	1	1	1	2	2	2	2	1	1	1	2	2	1	1	1	1	1	1	1	2	2	1	2	1	2	2	2	1	1	1	2	1	1	1	2	1	1	1	1	2	1	2	1	1	2	2	1	1	1	1	2	1	2	1	1	1	1	1	1	2	2	2	1	1	1	2	1
IND170	1	2	1	1	1	1	2	1	1	1	1	1	2	2	2	1	1	1	1	2	2	2	1	2	1	1	2	1	1	1	1	2	1	1	2	2	1	1	1	1	1	1	1	1	1	1	2	2	1	2	1	2	1	1	2	2	1	1	1	1	1	2	1	1	1	1	1	1	1	1	1	1	2	2	1	1	1	2	2	1	1	1	1	1	2	2	2	1	1	1	1	1	1	2	1	1	1	2	2	2	1	1	1	1	1	1	1	1	2	1	1	2	1	1	1	2	1	1	1	2	1	1	2	1	1	1	2	1	1	1	1	1	1	1	1	1	1	2	1	2	1	2	1	2	2	1	1	1	1	1	1	1	1	2	1	1	1	1	2	2	1	1	2	1	1	1	1	2	2	1	2	1	2	1	2	1	1	2	2	1	1	1	1	1	1	1	2	1	1	1	1	1	2	2	1	2	1	2	1	1
IND171	2	2	1	1	2	1	2	1	1	1	1	1	2	2	2	1	1	1	1	1	2	2	1	1	1	1	2	1	1	1	1	2	1	1	2	1	1	2	1	1	1	1	1	1	1	1	2	1	1	2	2	2	2	1	2	2	1	1	1	1	1	2	1	2	1	1	1	1	2	1	1	2	1	1	1	1	1	2	2	2	1	1	1	1	2	2	1	1	1	1	1	2	1	1	1	1	1	2	1	2	1	1	1	1	1	2	1	1	1	2	2	1	1	1	1	2	1	1	1	2	1	1	2	1	1	1	2	1	1	1	1	1	1	1	1	1	1	2	1	1	1	2	1	2	1	1	1	1	1	1	1	1	2	2	1	1	1	1	1	1	1	1	1	2	1	2	1	1	1	1	1	1	2	1	2	1	1	2	2	1	1	1	1	1	1	1	2	2	1	1	1	1	1	1	1	1	1	2	2	1
IND172	2	2	1	1	2	1	2	1	1	2	1	1	2	2	2	1	1	1	1	1	2	2	1	1	1	1	1	1	1	1	1	2	1	2	2	1	1	2	1	1	1	1	1	1	1	1	1	2	1	1	1	2	2	1	2	1	1	1	1	1	1	2	1	1	1	1	1	1	2	1	1	2	1	2	1	1	1	1	2	2	1	1	1	1	1	1	2	1	1	1	1	1	1	2	2	1	1	1	2	2	1	1	1	1	2	1	1	1	2	2	1	1	1	2	1	1	1	1	1	2	1	1	2	1	1	2	2	1	1	1	2	1	1	1	1	1	1	2	2	2	1	2	1	2	2	1	1	1	1	1	1	1	2	1	1	2	1	2	2	1	2	1	1	1	2	2	1	1	2	1	1	1	2	1	2	1	2	1	1	1	1	1	1	2	1	1	1	2	1	1	1	1	1	1	1	2	1	2	2	1
IND173	2	2	1	1	2	1	2	1	1	2	1	1	2	2	2	1	1	1	1	2	2	2	1	1	1	1	2	1	1	1	1	2	1	1	1	2	1	1	1	1	1	1	1	1	1	1	2	2	2	1	2	2	1	1	2	1	1	1	1	1	1	2	1	1	1	1	1	1	2	1	1	1	1	2	2	1	1	1	2	2	1	1	1	1	2	2	1	1	1	1	1	2	1	2	1	1	1	2	1	2	1	1	1	1	1	1	1	1	1	1	2	2	1	1	1	1	1	1	1	1	1	2	2	1	1	1	2	1	2	1	2	1	1	1	1	1	2	2	1	2	1	1	1	2	1	1	1	1	1	1	1	1	2	1	1	1	1	2	2	2	1	1	2	1	1	1	1	2	1	1	2	1	2	1	2	1	1	1	1	1	2	1	1	1	1	1	1	1	1	1	1	1	2	2	1	2	1	2	2	1
IND174	2	2	1	1	2	1	2	1	1	2	1	1	2	2	2	1	1	1	1	2	2	2	2	2	1	1	2	1	1	1	1	2	1	1	2	1	1	1	2	1	1	1	1	1	1	1	1	2	1	2	2	2	2	1	2	2	1	1	1	1	1	2	1	2	1	1	1	1	2	1	1	2	2	2	2	1	1	2	2	2	1	1	1	1	2	2	1	1	1	1	1	2	1	1	2	2	1	1	2	2	1	2	1	1	2	1	1	1	1	2	2	1	1	1	1	1	1	1	1	2	1	1	2	1	1	2	2	1	1	1	1	1	1	1	1	1	2	2	2	1	1	1	1	2	1	1	1	1	1	1	1	1	2	2	1	1	1	1	2	2	1	1	2	1	1	2	1	1	1	1	2	1	2	1	2	1	2	2	1	1	2	1	1	1	1	1	1	1	1	1	1	1	2	2	1	2	1	1	2	1
IND175	2	2	1	1	2	1	2	1	2	1	1	1	2	1	2	1	1	1	1	2	2	2	2	1	1	1	2	1	1	1	2	2	1	2	1	1	1	1	1	1	1	1	1	1	1	1	2	2	1	1	1	2	2	1	1	2	1	1	1	1	1	2	1	1	1	1	2	1	2	1	1	2	1	2	1	1	1	2	2	1	1	1	1	1	2	2	1	1	1	1	1	2	1	2	2	1	1	2	2	2	1	1	1	1	2	2	1	1	2	2	1	2	1	1	1	2	1	1	1	2	2	1	2	1	1	2	2	1	2	1	1	1	1	1	1	1	2	2	1	1	1	1	1	2	1	1	1	1	1	1	1	1	2	1	1	1	1	1	1	1	2	1	2	1	2	1	1	2	2	1	2	1	2	1	2	1	2	1	2	1	1	1	1	1	1	2	1	1	1	1	1	1	1	2	1	1	1	2	2	1
IND176	1	2	1	1	1	1	2	1	1	1	1	1	2	2	2	1	1	1	1	2	2	2	1	1	1	1	1	1	1	1	2	2	1	1	2	1	1	1	2	1	1	1	1	1	1	1	1	1	1	2	1	2	1	1	2	2	1	1	1	1	1	2	1	2	1	1	2	1	1	1	1	2	1	1	2	1	1	2	1	2	1	1	1	1	1	1	1	1	1	1	1	1	1	1	2	2	1	1	1	2	1	2	1	1	2	2	1	1	2	2	1	2	1	2	1	1	1	1	1	2	2	1	2	1	1	2	2	1	1	1	2	1	1	1	1	1	1	2	1	1	1	1	1	2	2	1	1	1	1	1	1	1	2	1	1	1	1	2	2	2	2	1	2	1	1	2	1	2	2	1	2	1	2	1	2	1	1	1	2	1	2	1	1	2	1	1	1	2	1	1	1	1	2	1	2	2	1	2	1	1
IND177	2	2	1	1	2	1	2	1	2	1	1	1	2	1	2	1	1	1	1	1	2	2	2	2	1	1	1	1	1	1	1	2	1	1	2	2	1	1	1	1	1	1	1	1	1	1	2	2	1	1	1	2	2	1	1	1	1	1	1	1	1	2	1	2	1	1	2	1	2	1	1	1	2	1	2	1	1	1	1	2	1	1	1	1	1	1	2	1	1	1	1	2	1	2	2	1	1	1	1	2	1	1	1	1	1	2	1	1	1	1	1	2	1	1	1	2	1	1	1	1	2	2	2	1	1	1	2	1	1	1	2	1	1	1	1	1	1	2	2	2	1	2	1	2	2	1	1	1	1	1	1	1	1	1	1	2	1	2	1	2	1	1	1	2	2	2	1	2	2	1	2	1	2	1	2	1	1	1	2	1	1	1	1	1	1	1	1	1	1	1	1	1	1	1	2	2	1	2	1	1
IND178	1	2	1	1	1	1	2	1	1	2	1	1	2	1	2	1	1	1	1	2	2	2	1	1	1	1	1	1	1	1	1	2	1	2	1	1	1	1	1	1	1	1	1	1	1	1	2	2	1	2	1	2	2	1	1	1	1	1	1	1	1	2	1	2	1	1	2	1	2	2	1	2	2	2	1	1	1	1	2	1	1	1	1	1	2	1	2	1	1	1	1	2	1	2	2	2	1	2	1	2	1	2	1	1	2	2	1	1	2	1	1	1	1	1	1	1	1	1	1	2	2	1	2	1	1	1	2	1	1	1	1	1	1	1	1	1	2	2	2	2	1	2	1	2	1	1	1	1	1	1	1	1	1	1	1	1	1	1	1	2	1	1	1	1	2	1	1	1	2	1	2	1	2	1	2	1	1	2	1	1	2	1	1	2	1	1	1	1	1	1	1	1	1	2	2	2	1	2	1	1
IND179	2	2	1	1	1	1	2	1	1	2	1	1	2	2	2	1	1	1	1	1	2	2	2	1	1	1	1	1	1	1	1	2	1	2	2	1	1	1	1	1	1	1	1	1	1	1	1	2	2	1	2	2	2	1	1	2	1	1	1	1	1	2	1	2	1	1	1	1	1	2	1	1	2	1	1	1	1	1	1	2	1	1	1	1	2	1	1	1	1	1	1	2	1	1	1	1	1	1	2	2	1	2	1	1	1	1	1	1	2	2	2	1	1	2	1	1	1	1	1	1	2	1	2	1	1	1	2	1	2	1	2	1	1	1	1	1	1	2	1	2	1	2	1	2	1	1	1	1	1	1	1	1	2	2	1	1	1	1	2	1	1	1	2	1	1	1	1	1	2	1	2	1	2	1	2	1	2	1	2	1	1	1	1	1	1	1	1	1	1	1	1	1	1	2	2	2	1	2	2	1
IND180	2	2	1	1	1	1	2	1	1	1	1	1	2	1	2	1	1	1	1	2	2	2	1	1	1	1	1	1	1	1	1	2	1	2	1	2	1	1	2	1	1	1	1	1	1	1	2	1	2	2	2	2	1	1	1	2	1	1	1	1	1	2	1	1	1	1	1	1	2	2	1	2	2	2	1	1	1	2	2	1	1	1	1	1	1	1	1	1	1	1	1	2	1	1	1	2	1	2	2	2	1	1	1	1	1	2	1	1	2	2	2	2	1	1	1	2	1	1	1	2	1	1	2	1	1	2	2	1	2	1	1	1	1	1	1	1	2	2	1	2	1	2	1	2	1	1	1	1	1	1	1	1	2	2	1	2	1	2	1	1	1	1	1	1	1	1	1	1	2	1	2	1	2	1	2	1	1	2	2	1	1	1	1	2	1	1	2	1	1	1	1	1	1	1	2	2	1	1	1	1
IND181	1	1	1	2	1	1	2	1	1	1	1	1	1	2	1	2	1	2	1	1	1	2	1	1	1	1	1	1	1	1	1	2	1	1	1	1	1	1	1	1	1	2	1	1	1	2	1	2	1	1	1	1	1	1	1	1	2	1	1	1	2	1	1	1	2	1	2	1	1	2	1	2	2	1	1	1	2	2	1	1	1	1	1	2	1	1	1	1	1	2	1	1	1	2	1	1	1	1	2	1	1	2	1	1	2	1	1	2	1	2	1	1	1	2	1	1	1	1	1	1	1	1	1	1	2	2	1	1	2	1	1	2	2	1	1	1	2	1	2	2	1	1	1	1	1	1	2	2	2	2	1	1	2	1	1	1	1	2	1	1	1	1	1	1	1	2	1	1	1	1	2	1	1	1	1	1	2	1	1	1	1	2	1	1	1	2	1	1	1	1	2	1	2	2	2	1	1	1	1	2
IND182	1	2	2	2	2	1	2	1	1	1	1	1	1	2	1	2	1	1	1	1	1	2	2	1	1	1	1	1	1	1	1	2	1	2	2	1	1	1	1	2	1	1	1	1	1	2	1	2	1	1	1	1	1	1	1	1	1	1	1	2	1	1	1	1	1	1	2	1	1	2	1	1	2	1	1	1	1	2	1	1	1	1	1	2	1	2	1	1	1	2	1	2	1	2	1	2	1	1	1	1	1	1	1	1	2	1	1	2	1	2	1	1	1	1	1	1	1	1	2	1	1	1	1	2	1	1	1	1	2	1	2	2	1	1	1	1	2	1	2	2	1	1	1	1	2	1	2	2	2	2	1	1	2	1	1	1	1	2	1	1	1	1	1	1	1	2	1	2	1	2	1	1	1	1	1	1	2	1	1	1	1	1	1	1	1	1	1	1	1	1	2	1	2	2	2	1	1	1	1	2
IND183	1	2	1	2	2	1	1	1	1	1	1	1	1	1	1	1	1	2	1	2	1	1	1	1	1	1	1	1	1	2	1	2	1	1	1	1	1	1	2	1	1	2	1	1	1	2	1	2	1	2	1	1	1	1	1	1	2	1	1	1	2	1	2	1	2	1	2	1	1	2	2	1	2	2	1	1	1	2	1	1	1	1	1	1	1	1	1	1	1	1	2	1	1	2	1	1	1	1	2	1	1	1	1	1	1	1	1	2	1	2	1	1	1	1	1	2	1	1	2	1	2	1	1	1	2	1	1	1	2	1	2	2	1	1	1	1	2	1	2	2	1	1	1	1	2	1	1	2	2	1	1	2	1	1	1	1	1	2	1	1	1	1	1	1	1	1	1	1	1	2	1	1	1	1	1	1	1	1	1	1	1	2	1	1	1	2	1	1	1	1	1	1	2	2	2	1	1	1	1	1
IND184	1	1	2	2	1	1	1	1	1	1	1	1	1	2	1	2	1	1	1	2	1	1	1	1	1	1	1	1	1	1	1	2	1	1	1	1	1	1	2	1	1	1	1	1	1	2	1	2	1	1	1	1	1	1	1	1	2	1	1	2	1	1	2	1	1	1	2	1	1	2	1	2	2	1	1	1	1	2	1	1	1	1	1	1	1	2	1	1	1	2	1	2	1	2	1	2	1	1	1	2	1	2	1	1	2	1	1	2	1	2	1	1	1	2	1	1	1	1	1	1	2	1	1	2	1	1	1	1	2	1	2	1	2	1	1	1	2	1	2	2	1	1	1	1	1	1	2	2	2	1	2	2	2	1	1	2	1	2	1	1	1	1	1	1	1	2	1	1	1	2	2	1	1	1	1	1	2	1	1	1	1	2	1	1	1	1	1	1	1	1	2	1	2	2	2	1	1	1	1	2
IND185	1	1	1	2	1	1	1	1	1	1	1	1	1	2	1	2	1	1	1	1	1	1	2	1	1	1	1	1	1	2	1	2	1	1	1	1	1	1	1	1	1	2	1	1	1	2	1	2	1	1	1	1	1	1	1	1	2	1	1	2	2	1	1	1	2	1	2	1	2	2	1	2	2	1	1	1	2	2	1	1	1	1	1	2	1	2	1	1	1	2	1	2	1	2	1	1	1	1	1	2	1	1	1	1	1	1	1	2	1	2	1	1	1	2	1	1	1	1	1	1	2	1	1	2	1	1	1	1	2	1	2	2	2	1	1	1	2	1	2	2	1	2	1	1	2	1	2	1	2	1	2	1	2	1	1	1	1	2	1	1	1	1	2	1	1	2	1	1	1	2	1	1	1	1	1	1	1	1	1	1	1	1	1	1	1	1	1	1	1	1	1	1	2	2	2	1	1	1	1	2
IND186	1	2	1	2	2	1	1	1	1	1	1	1	1	2	1	1	1	2	1	2	1	1	2	1	1	1	1	1	1	1	1	2	1	2	1	1	1	1	2	2	1	1	1	1	1	2	1	2	1	1	1	1	1	1	1	1	2	1	1	2	2	1	1	1	2	1	1	1	1	2	2	1	2	2	1	1	2	2	1	1	1	1	1	1	1	1	1	1	1	1	2	2	1	1	1	1	1	2	2	1	1	2	1	1	2	1	1	2	1	2	1	2	1	1	1	2	1	1	1	1	1	1	1	2	1	2	1	1	2	1	1	1	2	1	1	1	2	1	2	2	1	2	1	1	2	1	1	1	2	1	2	1	1	2	1	2	1	2	1	1	1	1	2	1	1	1	1	2	1	2	2	1	1	1	1	1	2	1	1	1	1	1	1	1	1	1	1	1	1	1	1	1	2	1	2	1	1	1	1	1
IND187	1	2	1	2	2	1	2	1	1	1	1	1	1	1	1	1	1	1	1	2	1	1	1	1	1	1	1	1	1	1	1	2	1	2	2	1	1	1	2	1	1	2	1	1	1	2	1	2	1	2	1	1	1	1	1	1	2	1	1	1	2	1	1	1	2	1	2	1	1	2	2	1	2	1	1	1	2	2	1	1	1	1	1	2	1	2	1	1	1	2	1	2	1	2	1	1	1	2	2	1	1	1	1	1	1	1	1	2	1	2	1	1	1	1	1	2	1	1	1	1	1	1	1	2	2	2	1	2	2	1	2	1	1	1	1	1	2	1	2	2	1	1	1	1	2	1	2	1	2	2	1	1	1	1	1	1	1	2	1	1	1	1	1	1	1	2	1	2	1	2	1	1	1	1	1	1	2	1	1	1	1	2	1	1	1	2	1	1	1	1	2	1	2	1	2	1	1	1	1	2
IND188	1	1	1	2	2	1	1	1	1	1	1	1	1	2	1	2	1	2	1	2	1	2	1	1	1	1	1	1	1	1	1	2	1	1	2	1	1	1	2	2	1	2	1	1	1	2	1	2	1	2	1	1	1	1	1	1	1	1	1	2	2	1	2	1	2	1	1	1	2	2	2	1	2	1	1	1	1	2	1	1	1	1	1	2	1	2	1	1	1	2	1	2	1	1	1	2	1	1	1	2	1	2	1	1	1	1	1	2	1	2	1	2	1	2	1	1	1	1	2	1	1	1	1	1	1	2	1	2	2	1	2	1	2	1	1	1	2	1	2	2	1	1	1	1	2	1	1	2	2	2	1	2	2	2	1	1	1	2	1	1	1	1	1	1	1	2	1	1	1	1	2	1	1	1	1	1	2	1	1	1	1	1	1	1	1	1	1	1	1	1	1	1	2	2	2	1	1	1	1	2
IND189	1	1	2	2	1	1	2	1	1	1	1	1	1	1	1	2	1	1	1	1	1	2	2	1	1	1	1	1	1	2	1	2	1	2	1	1	1	1	1	2	1	2	1	1	1	2	1	2	1	1	1	1	1	1	1	1	2	1	1	2	2	1	2	1	1	1	2	1	1	2	2	2	2	2	1	1	1	2	1	1	1	1	1	1	1	1	1	1	1	2	2	2	1	2	1	1	1	2	2	1	1	2	1	1	1	1	1	2	1	2	1	1	1	2	1	2	1	1	1	1	1	1	1	2	2	1	1	2	2	1	1	1	2	1	1	1	2	1	2	2	1	2	1	1	1	1	2	2	2	1	2	1	1	2	1	1	1	2	1	1	1	1	1	1	1	1	1	1	1	2	1	1	1	1	1	1	2	1	1	1	1	1	1	1	1	1	1	1	1	1	2	1	2	1	2	1	1	1	1	1
IND190	1	2	2	2	2	1	2	1	1	1	1	1	1	1	1	2	1	1	1	1	1	1	2	1	1	1	1	1	1	2	1	2	1	1	1	1	1	1	1	1	1	1	1	1	1	2	1	2	1	2	1	1	1	1	1	1	1	1	1	2	2	1	1	1	2	1	1	1	2	2	2	2	2	2	1	1	2	2	1	1	1	1	1	1	1	1	1	1	1	2	2	1	1	2	1	2	1	2	2	1	1	1	1	1	2	1	1	2	1	2	1	1	1	2	1	1	1	1	2	1	2	1	1	1	1	2	1	1	2	1	1	2	2	1	1	1	2	1	2	2	1	1	1	1	2	1	1	2	2	2	2	1	2	2	1	1	1	2	1	1	1	1	1	1	1	1	1	2	1	1	1	1	1	1	1	1	1	1	1	1	1	1	1	1	1	2	1	1	1	1	1	1	2	2	2	1	1	1	1	2
IND191	1	1	1	2	1	1	1	1	1	1	1	1	1	2	1	2	1	1	1	1	1	2	2	1	1	1	1	1	1	2	1	2	1	2	1	1	1	1	1	2	1	1	1	1	1	2	1	2	1	2	1	1	1	1	1	1	1	1	1	1	1	1	1	1	2	1	2	1	1	2	1	1	2	2	1	1	1	2	1	1	1	1	1	2	1	1	1	1	1	1	1	1	1	2	1	1	1	1	1	1	1	1	1	1	2	1	1	2	1	2	1	1	1	1	1	2	1	1	2	1	2	1	1	2	2	1	1	1	2	1	2	1	2	1	1	1	2	1	2	2	1	1	1	1	1	1	1	1	2	1	1	1	2	1	1	1	1	2	1	1	1	1	1	1	1	1	1	1	1	1	2	1	1	1	1	1	2	1	1	1	1	2	1	1	1	2	1	1	1	1	2	1	2	1	2	1	1	1	1	2
IND192	1	1	2	2	1	1	1	1	1	1	1	1	1	2	1	2	1	1	1	1	1	1	2	1	1	1	1	1	1	1	1	2	1	2	1	1	1	1	2	2	1	1	1	1	1	2	1	2	1	2	1	1	1	1	1	1	2	1	1	1	2	1	2	1	2	1	2	1	1	2	1	1	2	1	1	1	1	2	1	1	1	1	1	2	1	2	1	1	1	2	2	1	1	2	1	2	1	2	1	1	1	2	1	1	1	1	1	2	1	2	1	1	1	1	1	1	1	1	1	1	2	1	1	1	2	2	1	2	2	1	1	2	1	1	1	1	2	1	2	2	1	1	1	1	2	1	1	2	2	1	1	1	1	2	1	1	1	2	1	1	1	1	1	1	1	1	1	1	1	2	1	1	1	1	1	1	1	1	1	1	1	1	1	1	1	1	1	1	1	1	1	1	2	1	2	1	1	1	1	2
IND193	1	2	2	2	2	1	2	1	1	1	1	1	1	1	1	1	1	2	1	1	1	2	1	1	1	1	1	1	1	1	1	2	1	2	2	1	1	1	2	1	1	1	1	1	1	2	1	2	1	2	1	1	1	1	1	1	1	1	1	1	1	1	1	1	2	1	2	1	1	2	2	2	2	2	1	1	2	2	1	1	1	1	1	2	1	2	1	1	1	2	2	2	1	2	1	2	1	2	2	1	1	1	1	1	1	1	1	2	1	2	1	2	1	1	1	2	1	1	2	1	1	1	1	2	1	2	1	2	2	1	1	2	2	1	1	1	2	1	2	2	1	1	1	1	2	1	2	1	2	1	1	2	2	2	1	1	1	2	1	1	1	1	2	1	1	1	1	2	1	2	2	1	1	1	1	1	1	1	1	1	1	1	1	1	1	1	1	1	1	1	1	1	2	1	2	1	1	1	1	2
IND194	1	2	1	2	2	1	2	1	1	1	1	1	1	1	1	1	1	2	1	2	1	2	2	1	1	1	1	1	1	1	1	2	1	1	2	1	1	1	1	2	1	2	1	1	1	2	1	2	1	2	1	1	1	1	1	1	2	1	1	2	2	1	2	1	2	1	1	1	2	2	2	2	2	1	1	1	2	2	1	1	1	1	1	1	1	2	1	1	1	1	1	1	1	2	1	2	1	2	2	2	1	2	1	1	2	1	1	2	1	2	1	2	1	2	1	2	1	1	1	1	1	1	1	2	1	1	1	2	2	1	2	1	1	1	1	1	2	1	2	2	1	1	1	1	2	1	2	2	2	1	1	1	2	2	1	2	1	2	1	1	1	1	1	1	1	2	1	1	1	1	1	1	1	1	1	1	1	1	1	1	1	2	1	1	1	1	1	1	1	1	1	1	2	1	2	1	1	1	1	2
IND195	1	2	2	2	2	1	1	1	1	1	1	1	1	2	1	1	1	1	1	1	1	2	1	1	1	1	1	1	1	1	1	2	1	1	1	1	1	1	1	1	1	1	1	1	1	2	1	2	1	1	1	1	1	1	1	1	1	1	1	1	1	1	1	1	1	1	1	1	1	2	1	2	2	2	1	1	1	2	1	1	1	1	1	1	1	2	1	1	1	2	2	1	1	1	1	2	1	1	2	1	1	1	1	1	2	1	1	2	1	2	1	1	1	2	1	1	1	1	2	1	1	1	1	1	1	1	1	2	2	1	2	1	2	1	1	1	2	1	2	2	1	2	1	1	2	1	1	2	2	1	2	2	2	1	1	2	1	2	1	1	1	1	1	1	1	1	1	1	1	1	2	1	1	1	1	1	2	1	1	1	1	1	1	1	1	2	1	1	1	1	2	1	2	2	2	1	1	1	1	2
IND196	1	2	1	2	2	1	1	1	1	1	1	1	1	2	1	2	1	1	1	1	1	1	1	1	1	1	1	1	1	1	1	2	1	1	2	1	1	1	1	2	1	2	1	1	1	2	1	2	1	1	1	1	1	1	1	1	1	1	1	1	2	1	2	1	2	1	2	1	2	2	1	1	2	2	1	1	1	2	1	1	1	1	1	2	1	1	1	1	1	2	2	2	1	1	1	1	1	2	1	2	1	2	1	1	1	1	1	2	1	2	1	1	1	1	1	2	1	1	2	1	1	1	1	2	2	2	1	2	2	1	1	2	1	1	1	1	2	1	2	2	1	2	1	1	2	1	2	2	2	1	2	1	2	2	1	2	1	2	1	1	1	1	2	1	1	1	1	1	1	1	2	1	1	1	1	1	2	1	1	1	1	1	1	1	1	1	1	1	1	1	1	1	2	1	2	1	1	1	1	1
IND197	1	2	2	2	2	1	1	1	1	1	1	1	1	1	1	2	1	2	1	2	1	2	2	1	1	1	1	1	1	2	1	2	1	2	2	1	1	1	2	1	1	2	1	1	1	2	1	2	1	1	1	1	1	1	1	1	2	1	1	2	1	1	2	1	1	1	1	1	1	2	2	2	2	1	1	1	1	2	1	1	1	1	1	1	1	1	1	1	1	1	1	2	1	2	1	1	1	2	2	1	1	2	1	1	2	1	1	2	1	2	1	1	1	2	1	1	1	1	1	1	2	1	1	2	1	1	1	1	2	1	1	1	2	1	1	1	2	1	2	2	1	1	1	1	1	1	1	2	2	2	2	1	2	1	1	2	1	2	1	1	1	1	2	1	1	2	1	1	1	2	2	1	1	1	1	1	1	1	1	1	1	2	1	1	1	2	1	1	1	1	1	1	2	2	2	1	1	1	1	2
IND198	1	2	1	2	2	1	2	1	1	1	1	1	1	1	1	1	1	1	1	1	1	2	1	1	1	1	1	1	1	2	1	2	1	2	2	1	1	1	1	1	1	1	1	1	1	2	1	2	1	1	1	1	1	1	1	1	2	1	1	2	1	1	1	1	2	1	2	1	2	2	1	1	2	1	1	1	2	2	1	1	1	1	1	2	1	2	1	1	1	1	1	1	1	2	1	1	1	2	2	1	1	2	1	1	1	1	1	2	1	2	1	2	1	2	1	1	1	1	1	1	2	1	1	2	1	1	1	1	2	1	2	1	1	1	1	1	2	1	2	2	1	2	1	1	2	1	1	1	2	2	1	2	2	1	1	1	1	2	1	1	1	1	2	1	1	2	1	2	1	1	2	1	1	1	1	1	1	1	1	1	1	1	1	1	1	2	1	1	1	1	1	1	2	2	2	1	1	1	1	1
IND199	1	2	1	2	1	1	1	1	1	1	1	1	1	2	1	2	1	2	1	1	1	1	2	1	1	1	1	1	1	2	1	2	1	1	2	1	1	1	2	2	1	1	1	1	1	2	1	2	1	1	1	1	1	1	1	1	1	1	1	1	1	1	2	1	2	1	1	1	1	2	2	1	2	2	1	1	2	2	1	1	1	1	1	1	1	1	1	1	1	2	2	2	1	1	1	1	1	1	1	1	1	2	1	1	2	1	1	2	1	2	1	2	1	2	1	1	1	1	2	1	2	1	1	2	1	1	1	2	2	1	2	1	1	1	1	1	2	1	2	2	1	1	1	1	1	1	2	1	2	2	2	1	2	2	1	2	1	2	1	1	1	1	2	1	1	2	1	2	1	1	1	1	1	1	1	1	1	1	1	1	1	2	1	1	1	2	1	1	1	1	2	1	2	2	2	1	1	1	1	2
IND200	1	2	2	2	1	1	1	1	1	1	1	1	1	1	1	1	1	1	1	2	1	1	2	1	1	1	1	1	1	1	1	2	1	1	2	1	1	1	1	2	1	1	1	1	1	2	1	2	1	1	1	1	1	1	1	1	2	1	1	2	1	1	2	1	2	1	2	1	2	2	2	2	2	2	1	1	1	2	1	1	1	1	1	2	1	1	1	1	1	2	2	2	1	2	1	1	1	1	2	1	1	1	1	1	1	1	1	2	1	2	1	2	1	2	1	1	1	1	2	1	1	1	1	2	2	2	1	2	2	1	2	1	2	1	1	1	2	1	2	2	1	2	1	1	1	1	1	2	2	2	2	1	1	2	1	2	1	2	1	1	1	1	2	1	1	2	1	1	1	2	2	1	1	1	1	1	1	1	1	1	1	2	1	1	1	2	1	1	1	1	2	1	2	2	2	1	1	1	1	2
