ID	hap_1_1	hap_1_1	hap_1_2	hap_1_2	hap_2_1	hap_2_1	hap_2_2	hap_2_2	hap_3_1	hap_3_1	hap_3_2	hap_3_2	hap_4_1	hap_4_1	hap_4_2	hap_4_2	hap_5_1	hap_5_1	hap_5_2	hap_5_2	hap_6_1	hap_6_1	hap_6_2	hap_6_2	hap_7_1	hap_7_1	hap_7_2	hap_7_2	hap_8_1	hap_8_1	hap_8_2	hap_8_2	hap_9_1	hap_9_1	hap_9_2	hap_9_2	hap_10_1	hap_10_1	hap_10_2	hap_10_2
IND001	1	2	2	1	2	2	1	1	2	1	1	1	1	2	1	2	1	1	2	1	1	2	1	1	2	1	1	1	1	1	1	2	2	1	1	1	1	2	1	1
IND002	1	2	2	1	2	1	1	1	2	1	1	1	1	2	2	2	1	1	1	1	1	2	1	1	2	1	1	1	1	2	1	2	1	1	1	1	1	2	1	1
IND003	1	2	2	1	2	1	1	1	2	1	1	1	1	1	1	2	2	1	1	2	1	1	1	1	2	1	1	1	1	2	1	2	1	1	1	1	1	1	1	1
IND004	1	2	1	1	2	2	1	1	1	1	1	1	1	1	2	2	2	1	2	2	1	2	1	1	2	1	1	1	1	1	1	2	1	1	1	1	1	1	1	1
IND005	1	2	2	2	2	1	1	1	1	1	1	1	1	2	2	2	1	1	1	2	1	2	1	1	2	1	1	1	1	2	1	2	2	1	1	1	1	2	1	1
IND006	1	2	1	2	2	2	1	1	1	1	1	1	1	1	2	2	2	1	1	2	1	2	1	1	2	1	1	1	1	2	1	2	2	1	1	2	1	2	1	1
IND007	1	2	1	1	2	2	1	1	2	1	1	1	1	2	1	2	2	1	2	2	1	1	1	1	2	1	1	1	1	2	1	2	2	1	1	2	1	2	1	1
IND008	1	2	1	2	2	1	1	1	1	1	1	1	1	1	2	2	1	1	2	2	1	1	1	1	2	1	1	1	1	1	1	2	1	1	1	1	1	1	1	1
IND009	1	2	1	1	2	1	1	1	1	1	1	1	1	2	2	2	1	1	1	1	1	1	1	1	2	1	1	1	1	1	1	2	1	1	1	1	1	1	1	1
IND010	1	2	2	1	2	1	1	1	1	1	1	1	1	2	1	2	1	1	1	2	1	2	1	1	2	1	1	1	1	2	1	2	2	1	1	2	1	1	1	1
IND011	1	2	2	2	2	2	1	1	1	1	1	1	1	2	2	2	1	1	1	1	1	1	1	1	2	1	1	1	1	2	1	2	2	1	1	2	1	1	1	1
IND012	1	2	1	2	2	1	1	1	2	1	1	1	1	2	2	2	1	1	1	2	1	1	1	1	2	1	1	1	1	1	1	2	1	1	1	2	1	2	1	1
IND013	1	2	2	2	2	2	1	1	1	1	1	1	1	1	1	2	1	1	1	2	1	2	1	1	2	1	1	1	1	1	1	2	2	1	1	1	1	1	1	1
IND014	1	2	1	1	2	1	1	1	1	1	1	1	1	1	1	2	1	1	2	2	1	2	1	1	2	1	1	1	1	2	1	2	2	1	1	2	1	1	1	1
IND015	1	2	1	1	2	2	1	1	2	1	1	1	1	1	2	2	2	1	2	2	1	2	1	1	2	1	1	1	1	1	1	2	1	1	1	2	1	2	1	1
IND016	1	2	1	1	2	2	1	1	2	1	1	1	1	1	2	2	2	1	1	2	1	2	1	1	2	1	1	1	1	2	1	2	2	1	1	2	1	1	1	1
IND017	1	2	1	1	2	1	1	1	2	1	1	1	1	1	2	2	1	1	2	2	1	2	1	1	2	1	1	1	1	1	1	2	2	1	1	1	1	2	1	1
IND018	1	2	1	2	2	2	1	1	1	1	1	1	1	2	1	2	2	1	1	2	1	1	1	1	2	1	1	1	1	1	1	2	1	1	1	1	1	1	1	1
IND019	1	2	2	1	2	1	1	1	2	1	1	1	1	2	2	2	2	1	2	1	1	2	1	1	2	1	1	1	1	2	1	2	2	1	1	1	1	1	1	1
IND020	1	2	1	2	2	2	1	1	1	1	1	1	1	1	1	2	1	1	2	2	1	2	1	1	2	1	1	1	1	1	1	2	2	1	1	1	1	1	1	1
IND021	2	2	1	1	2	1	1	1	1	1	2	1	1	2	2	1	2	1	2	1	1	1	1	2	1	1	2	2	2	1	1	1	1	2	1	1	1	1	2	1
IND022	2	1	1	1	2	1	1	1	1	1	2	1	1	1	1	1	1	1	1	1	1	1	1	1	1	1	2	2	1	1	2	2	1	2	1	1	1	1	2	1
IND023	2	1	1	1	2	1	1	1	1	1	2	2	1	1	2	1	1	1	2	1	1	1	1	1	1	1	1	2	2	1	1	1	1	2	1	1	1	1	2	1
IND024	2	2	1	1	2	1	1	1	1	1	2	2	1	1	1	2	1	1	2	1	1	1	1	1	1	1	1	2	2	1	2	2	1	2	1	1	1	1	2	1
IND025	2	1	1	1	2	1	1	1	1	1	1	1	1	2	2	1	2	1	1	1	1	1	1	2	1	1	1	2	2	1	1	2	1	2	1	1	1	1	2	1
IND026	2	1	1	1	2	1	1	1	1	1	2	2	1	2	2	2	1	1	2	1	1	1	1	2	1	1	1	1	2	1	1	2	1	1	1	1	1	1	2	1
IND027	2	1	1	1	2	1	1	1	1	1	1	1	1	1	1	1	1	1	2	1	1	1	1	1	1	1	2	1	2	1	2	1	1	2	1	1	1	1	2	1
IND028	2	2	1	1	2	1	1	1	1	1	1	1	1	1	1	2	1	1	1	1	1	1	1	2	1	1	1	1	2	1	2	1	1	2	1	1	1	1	1	1
IND029	2	2	1	1	2	1	1	1	1	1	1	1	1	2	2	2	1	1	1	1	1	1	1	2	1	1	1	1	2	1	1	1	1	2	1	1	1	1	1	1
IND030	2	1	1	1	2	1	1	1	1	1	2	2	1	2	1	2	1	1	2	1	1	1	1	2	1	1	1	1	2	1	2	1	1	2	1	1	1	1	1	1
IND031	2	2	1	1	2	1	1	1	1	1	2	1	1	1	2	2	2	1	1	1	1	1	1	2	1	1	1	1	2	1	2	2	1	2	1	1	1	1	2	1
IND032	2	2	1	1	2	1	1	1	1	1	1	1	1	2	1	1	1	1	1	1	1	1	1	2	1	1	1	1	2	1	2	1	1	1	1	1	1	1	1	1
IND033	2	1	1	1	2	1	1	1	1	1	1	2	1	2	1	2	1	1	2	1	1	1	1	2	1	1	2	2	2	1	2	1	1	2	1	1	1	1	2	1
IND034	2	2	1	1	2	1	1	1	1	1	2	1	1	1	1	2	1	1	1	1	1	1	1	2	1	1	2	1	2	1	2	1	1	1	1	1	1	1	2	1
IND035	2	1	1	1	2	1	1	1	1	1	2	1	1	2	2	1	2	1	1	1	1	1	1	2	1	1	1	2	1	1	1	1	1	1	1	1	1	1	1	1
IND036	2	2	1	1	2	1	1	1	1	1	1	1	1	2	1	1	2	1	2	1	1	1	1	2	1	1	1	2	2	1	2	1	1	1	1	1	1	1	1	1
IND037	2	1	1	1	2	1	1	1	1	1	2	2	1	2	2	1	1	1	1	1	1	1	1	1	1	1	1	1	2	1	2	1	1	2	1	1	1	1	2	1
IND038	2	1	1	1	2	1	1	1	1	1	1	1	1	2	1	1	2	1	2	1	1	1	1	1	1	1	1	1	1	1	1	2	1	2	1	1	1	1	1	1
IND039	2	1	1	1	2	1	1	1	1	1	2	2	1	1	1	1	1	1	1	1	1	1	1	1	1	1	1	1	2	1	1	2	1	2	1	1	1	1	1	1
IND040	2	1	1	1	2	1	1	1	1	1	1	1	1	2	1	2	1	1	2	1	1	1	1	2	1	1	1	1	1	1	1	2	1	1	1	1	1	1	2	1
IND041	1	2	1	1	1	2	1	1	1	1	2	2	1	1	1	1	1	1	1	1	1	1	2	1	1	2	1	2	1	2	1	1	1	1	1	2	1	1	1	2
IND042	2	2	1	1	1	2	1	1	1	1	1	1	1	1	1	1	1	1	1	1	1	1	1	1	1	2	1	2	1	1	1	1	1	1	1	2	1	1	1	2
IND043	1	2	1	2	1	1	2	2	1	1	2	1	1	1	1	1	1	1	1	1	1	1	1	1	1	2	1	2	1	1	1	1	1	1	1	2	1	1	1	1
IND044	1	1	1	2	1	1	2	1	1	1	2	1	1	1	1	1	1	1	1	1	1	1	1	1	1	2	1	2	1	2	1	1	1	2	1	2	2	1	1	1
IND045	2	1	1	1	1	2	1	2	1	1	2	1	1	1	1	1	1	1	1	1	1	1	2	1	1	2	1	2	1	2	1	1	1	1	1	2	1	1	1	2
IND046	1	2	1	1	1	2	2	1	1	1	2	1	1	1	1	1	1	1	1	1	1	1	1	1	1	2	1	2	1	1	1	1	1	1	1	1	2	1	1	2
IND047	2	1	1	2	1	2	1	2	1	1	1	2	1	1	1	1	1	1	1	1	1	1	1	1	1	2	1	2	1	1	1	1	1	1	1	1	1	1	1	1
IND048	2	1	1	1	1	2	2	1	1	1	1	2	1	1	1	1	1	1	1	1	1	1	2	1	1	2	1	2	1	1	1	1	1	1	1	2	2	1	1	2
IND049	2	1	1	2	1	1	2	1	1	1	2	1	1	1	1	1	1	1	1	1	1	1	2	1	1	2	1	2	1	2	1	1	1	1	1	1	1	1	1	1
IND050	2	1	1	1	1	1	1	2	1	1	1	1	1	1	1	1	1	1	1	1	1	1	1	1	1	2	1	2	1	2	1	1	1	1	1	1	2	1	1	1
IND051	2	1	1	2	1	1	2	2	1	1	1	1	1	1	1	1	1	1	1	1	1	1	2	1	1	2	1	2	1	1	1	1	1	2	1	1	1	1	1	2
IND052	2	2	1	1	1	2	1	1	1	1	1	2	1	1	1	1	1	1	1	1	1	1	1	1	1	2	1	2	1	2	1	1	1	1	1	1	2	1	1	2
IND053	2	2	1	2	1	2	2	2	1	1	1	2	1	1	1	1	1	1	1	1	1	1	1	1	1	2	1	2	1	1	1	1	1	1	1	2	2	1	1	2
IND054	2	2	1	2	1	1	1	1	1	1	1	1	1	1	1	1	1	1	1	1	1	1	2	1	1	2	1	2	1	1	1	1	1	2	1	1	2	1	1	2
IND055	1	1	1	2	1	1	1	2	1	1	2	2	1	1	1	1	1	1	1	1	1	1	1	1	1	2	1	2	1	2	1	1	1	2	1	2	1	1	1	1
IND056	2	1	1	1	1	1	1	2	1	1	2	2	1	1	1	1	1	1	1	1	1	1	1	1	1	2	1	2	1	2	1	1	1	2	1	1	1	1	1	1
IND057	1	1	1	2	1	2	2	2	1	1	1	2	1	1	1	1	1	1	1	1	1	1	2	1	1	2	1	2	1	1	1	1	1	2	1	2	2	1	1	2
IND058	2	2	1	2	1	2	1	2	1	1	2	2	1	1	1	1	1	1	1	1	1	1	1	1	1	2	1	2	1	1	1	1	1	1	1	2	1	1	1	2
IND059	1	1	1	2	1	1	2	1	1	1	1	1	1	1	1	1	1	1	1	1	1	1	2	1	1	2	1	2	1	2	1	1	1	1	1	1	2	1	1	1
IND060	1	2	1	2	1	1	1	1	1	1	1	1	1	1	1	1	1	1	1	1	1	1	1	1	1	2	1	2	1	1	1	1	1	1	1	2	1	1	1	1
IND061	1	1	1	1	1	2	2	2	1	1	1	2	1	1	1	2	1	2	2	1	1	1	1	1	2	1	2	1	1	2	1	2	1	1	1	1	1	1	2	1
IND062	1	2	1	1	2	1	1	2	2	1	1	2	1	1	1	2	1	1	2	1	1	1	1	1	2	1	1	1	1	1	1	2	1	1	1	1	1	1	2	1
IND063	1	1	1	2	1	2	2	1	2	1	1	2	1	1	1	2	1	1	2	1	1	1	1	1	1	1	2	1	1	2	1	1	1	1	1	1	1	1	1	1
IND064	1	2	1	1	1	2	2	2	1	1	1	2	1	1	1	2	1	1	2	1	1	1	1	1	2	1	2	1	1	2	1	2	1	1	1	1	2	1	1	1
IND065	1	1	1	1	2	2	2	2	2	1	1	2	1	1	1	2	1	2	2	1	1	1	1	1	1	1	1	1	1	1	1	1	1	1	1	1	1	1	2	1
IND066	1	1	1	1	1	2	2	1	2	1	1	2	1	1	1	2	1	1	2	1	1	1	1	1	1	1	1	1	1	2	1	2	1	1	1	1	2	1	2	1
IND067	1	1	1	2	2	1	1	2	1	1	1	2	1	1	1	2	1	1	2	1	1	1	1	1	2	1	1	1	1	2	1	2	1	1	1	1	2	1	1	1
IND068	1	1	1	2	2	1	2	2	2	1	2	2	1	1	1	2	1	2	2	1	1	1	1	1	2	1	2	1	1	2	1	1	1	1	1	1	2	1	1	1
IND069	1	2	1	1	2	2	1	1	2	1	2	2	1	1	1	2	1	2	2	1	1	1	1	1	1	1	2	1	1	2	1	2	1	1	1	1	2	1	1	1
IND070	1	2	1	1	1	2	2	1	2	1	1	2	1	1	1	2	1	2	2	1	1	1	1	1	1	1	2	1	1	1	1	2	1	1	1	1	2	1	1	1
IND071	1	1	1	1	2	1	1	1	1	1	1	2	1	1	1	2	1	2	2	1	1	1	1	1	2	1	1	1	1	1	1	1	1	1	1	1	1	1	2	1
IND072	1	2	1	1	2	1	1	2	1	1	2	2	1	1	1	2	1	1	2	1	1	1	1	1	1	1	1	1	1	1	1	1	1	1	1	1	1	1	2	1
IND073	1	2	1	1	1	1	1	1	1	1	2	2	1	1	1	2	1	1	2	1	1	1	1	1	2	1	1	1	1	2	1	1	1	1	1	1	1	1	2	1
IND074	1	2	1	1	2	2	1	1	2	1	1	2	1	1	1	2	1	1	2	1	1	1	1	1	1	1	1	1	1	2	1	2	1	1	1	1	2	1	1	1
IND075	1	2	1	2	1	1	2	1	2	1	1	2	1	1	1	2	1	2	2	1	1	1	1	1	1	1	2	1	1	1	1	1	1	1	1	1	1	1	1	1
IND076	1	2	1	2	2	2	1	2	1	1	1	2	1	1	1	2	1	2	2	1	1	1	1	1	1	1	2	1	1	2	1	1	1	1	1	1	2	1	1	1
IND077	1	1	1	2	1	1	2	1	2	1	2	2	1	1	1	2	1	2	2	1	1	1	1	1	2	1	1	1	1	2	1	1	1	1	1	1	1	1	1	1
IND078	1	1	1	2	2	2	1	2	1	1	2	2	1	1	1	2	1	2	2	1	1	1	1	1	2	1	2	1	1	1	1	2	1	1	1	1	2	1	1	1
IND079	1	1	1	2	1	2	2	2	2	1	1	2	1	1	1	2	1	1	2	1	1	1	1	1	2	1	2	1	1	1	1	2	1	1	1	1	1	1	1	1
IND080	1	1	1	1	1	1	2	2	1	1	1	2	1	1	1	2	1	1	2	1	1	1	1	1	2	1	2	1	1	1	1	2	1	1	1	1	2	1	1	1
IND081	1	1	2	2	2	2	2	2	1	1	1	1	1	2	1	1	1	2	1	2	2	1	1	1	1	1	1	1	1	1	1	2	1	1	1	2	1	1	1	1
IND082	2	1	2	1	2	2	2	1	1	1	1	1	1	2	1	1	1	2	1	1	2	1	1	1	1	1	1	1	1	1	2	2	1	1	1	1	1	1	1	1
IND083	1	2	2	2	2	2	2	1	1	1	1	1	1	2	1	1	1	1	1	1	1	1	1	1	1	1	1	1	1	1	2	2	1	1	1	2	1	1	1	1
IND084	1	1	2	2	2	2	2	2	1	1	1	1	1	2	1	1	1	1	1	2	2	1	1	1	1	1	1	1	1	1	2	1	1	1	1	1	1	1	1	1
IND085	1	1	1	2	1	2	1	2	1	1	1	2	1	2	1	1	1	2	1	2	2	1	1	1	1	1	1	1	1	1	1	2	1	1	1	2	1	1	1	1
IND086	2	1	1	2	1	2	1	2	1	1	1	1	1	2	1	1	1	2	1	1	2	1	1	1	1	1	1	1	1	1	2	2	1	1	1	1	1	1	1	1
IND087	1	2	2	1	2	2	1	2	1	1	1	2	1	2	1	1	1	1	1	2	2	1	1	1	1	2	1	1	1	1	1	2	1	1	1	2	1	1	1	1
IND088	1	2	1	2	2	2	1	2	1	1	1	1	1	2	1	1	1	1	1	2	1	1	1	1	1	2	1	1	1	1	2	1	1	1	1	2	1	1	1	1
IND089	2	2	1	1	2	2	1	2	1	1	1	1	1	2	1	1	1	1	1	2	2	1	1	1	1	2	1	1	1	1	1	1	1	1	1	1	1	1	1	1
IND090	2	1	2	1	1	2	1	2	1	1	1	2	1	2	1	1	1	1	1	1	1	1	1	1	1	2	1	1	1	1	1	1	1	1	1	2	1	1	1	1
IND091	1	2	2	1	2	2	1	2	1	1	1	1	1	2	1	1	1	1	1	1	2	1	1	1	1	2	1	1	1	1	1	1	1	1	1	2	1	1	1	1
IND092	1	1	1	2	2	2	1	2	1	1	1	2	1	2	1	1	1	1	1	1	2	1	1	1	1	2	1	1	1	1	1	2	1	1	1	1	1	1	1	1
IND093	2	1	2	1	2	2	1	2	1	1	1	1	1	2	1	1	1	1	1	1	1	1	1	1	1	2	1	1	1	1	2	1	1	1	1	2	1	1	1	1
IND094	2	1	1	2	2	2	1	1	1	1	1	1	1	2	1	1	1	1	1	2	1	1	1	1	1	2	1	1	1	1	1	1	1	1	1	1	1	1	1	1
IND095	1	1	1	1	1	2	1	1	1	1	1	2	1	2	1	1	1	1	1	2	2	1	1	1	1	2	1	1	1	1	1	2	1	1	1	2	1	1	1	1
IND096	1	2	2	2	1	2	2	2	1	1	1	1	1	2	1	1	1	1	1	2	1	1	1	1	1	1	1	1	1	1	1	1	1	1	1	2	1	1	1	1
IND097	1	1	1	1	1	2	2	2	1	1	1	2	1	2	1	1	1	2	1	2	2	1	1	1	1	1	1	1	1	1	1	1	1	1	1	1	1	1	1	1
IND098	2	2	1	2	1	2	2	1	1	1	1	2	1	2	1	1	1	2	1	1	1	1	1	1	1	1	1	1	1	1	2	2	1	1	1	2	1	1	1	1
IND099	1	1	2	2	2	2	1	1	1	1	1	2	1	2	1	1	1	1	1	1	2	1	1	1	1	2	1	1	1	1	1	2	1	1	1	1	1	1	1	1
IND100	2	1	1	2	2	2	1	1	1	1	1	2	1	2	1	1	1	1	1	2	2	1	1	1	1	1	1	1	1	1	1	1	1	1	1	2	1	1	1	1
IND101	1	2	1	1	2	2	1	2	2	1	2	2	1	2	1	1	1	1	2	1	2	1	1	1	2	2	1	2	1	1	1	1	1	1	1	1	1	1	1	1
IND102	1	1	1	2	2	2	1	2	2	1	2	1	1	2	1	1	1	1	1	1	2	1	1	1	1	1	1	1	1	1	1	1	1	1	1	1	1	1	1	1
IND103	1	2	1	2	2	2	1	2	1	2	2	1	1	2	1	1	1	1	2	1	2	1	1	1	2	1	1	1	1	2	2	1	1	1	1	1	1	1	1	1
IND104	1	1	1	2	1	2	1	1	1	2	1	2	1	2	1	1	1	1	1	1	2	1	1	1	1	2	1	1	1	2	1	1	1	1	1	1	1	1	1	1
IND105	1	2	1	2	1	2	1	1	1	1	2	1	1	1	1	1	1	1	2	1	2	1	1	1	2	1	1	1	1	2	2	1	1	1	1	1	1	1	1	1
IND106	1	2	1	1	2	2	2	2	2	1	2	2	1	2	1	1	1	1	1	1	2	1	1	1	1	2	1	2	1	1	1	1	1	1	1	1	1	1	1	1
IND107	1	2	1	2	1	1	2	1	2	2	2	1	1	1	1	1	2	1	2	1	2	1	1	1	1	1	1	2	1	1	1	1	1	1	1	1	1	1	1	1
IND108	1	1	1	2	2	1	2	2	1	1	1	2	1	1	1	1	1	1	1	1	2	1	1	1	2	1	1	1	1	2	1	1	1	1	1	1	1	1	1	1
IND109	1	2	1	1	2	2	1	1	1	1	1	1	1	1	1	1	2	1	2	1	2	1	1	1	1	1	1	1	1	2	1	1	1	1	1	1	1	1	1	1
IND110	1	2	1	2	2	1	2	1	1	1	1	2	1	1	1	1	1	1	2	1	2	1	1	1	1	1	1	1	1	2	1	1	1	1	1	1	1	1	1	1
IND111	1	2	1	1	2	2	1	1	1	1	1	2	1	2	1	1	2	1	1	1	2	1	1	1	1	2	1	1	1	1	2	1	1	1	1	1	1	1	1	1
IND112	1	1	1	1	2	2	1	2	2	1	1	2	1	2	1	1	1	1	1	1	2	1	1	1	2	1	1	2	1	2	2	1	1	1	1	1	1	1	1	1
IND113	1	2	1	1	1	2	2	2	2	2	1	2	1	2	1	1	2	1	2	1	2	1	1	1	2	1	1	2	1	1	1	1	1	1	1	1	1	1	1	1
IND114	1	1	1	1	1	2	1	2	2	2	2	2	1	2	1	1	1	1	2	1	2	1	1	1	2	1	1	2	1	1	1	1	1	1	1	1	1	1	1	1
IND115	1	1	1	2	2	1	1	1	1	1	2	1	1	1	1	1	1	1	2	1	2	1	1	1	1	1	1	1	1	1	1	1	1	1	1	1	1	1	1	1
IND116	1	1	1	1	1	1	2	2	2	2	1	1	1	1	1	1	1	1	1	1	2	1	1	1	1	1	1	1	1	1	1	1	1	1	1	1	1	1	1	1
IND117	1	1	1	1	2	1	1	2	1	2	1	1	1	2	1	1	1	1	2	1	2	1	1	1	2	2	1	2	1	2	2	1	1	1	1	1	1	1	1	1
IND118	1	1	1	1	1	2	1	1	1	1	2	2	1	1	1	1	1	1	1	1	2	1	1	1	1	2	1	1	1	1	1	1	1	1	1	1	1	1	1	1
IND119	1	2	1	1	2	1	2	1	1	2	1	2	1	2	1	1	2	1	2	1	2	1	1	1	1	1	1	1	1	1	1	1	1	1	1	1	1	1	1	1
IND120	1	2	1	2	1	1	2	2	1	1	2	1	1	1	1	1	1	1	1	1	2	1	1	1	1	1	1	1	1	2	1	1	1	1	1	1	1	1	1	1
IND121	1	2	1	2	2	2	2	2	2	1	2	1	1	1	2	1	1	1	1	1	1	1	1	1	2	2	2	1	1	1	1	2	1	1	2	2	2	1	1	2
IND122	1	1	1	2	2	1	1	2	2	1	1	1	1	1	1	2	2	2	1	1	1	1	1	1	2	2	1	1	2	1	1	2	2	1	2	2	1	1	1	1
IND123	1	1	1	2	2	2	1	1	2	1	2	1	1	1	2	1	2	1	1	1	1	1	1	2	2	2	1	1	2	1	1	1	1	1	1	1	1	1	1	2
IND124	1	1	1	2	1	2	2	1	2	1	1	1	1	1	1	1	1	2	1	1	1	1	1	2	2	2	1	1	2	1	1	1	1	1	1	1	2	1	1	2
IND125	1	2	1	2	1	2	1	2	2	1	1	1	1	1	2	2	2	2	1	1	1	1	1	2	2	2	1	1	1	1	1	1	1	2	2	1	1	1	1	2
IND126	1	2	1	2	1	1	1	1	2	1	2	1	1	1	1	1	2	2	1	1	1	1	1	2	1	2	2	1	1	1	1	1	2	2	2	2	2	1	1	2
IND127	1	1	1	2	2	1	2	1	2	1	2	1	1	1	1	2	1	2	1	1	1	1	1	2	1	2	2	1	1	1	1	2	2	1	2	1	1	1	1	2
IND128	1	1	1	2	2	2	2	1	2	1	1	1	1	2	2	1	1	2	1	1	1	1	1	1	2	2	1	1	2	1	1	2	1	1	1	1	2	1	1	1
IND129	1	1	1	2	2	1	1	1	2	1	1	1	1	2	1	2	1	2	1	1	1	1	1	2	1	2	2	1	2	1	1	1	1	2	1	2	1	1	1	1
IND130	1	2	1	2	1	1	1	1	2	1	1	1	1	1	1	2	1	2	1	1	1	1	1	1	2	2	2	1	2	1	1	2	2	1	2	2	1	1	1	1
IND131	1	1	1	2	2	2	2	2	2	1	2	1	1	1	1	1	2	2	1	1	1	1	1	2	1	2	1	1	2	1	1	2	1	1	2	1	1	1	1	2
IND132	1	1	1	2	1	1	1	2	2	1	1	1	1	1	1	1	1	1	1	1	1	1	1	2	2	2	2	1	1	1	1	2	2	1	1	1	1	1	1	1
IND133	1	2	1	2	1	1	1	1	2	1	1	1	1	2	1	1	2	2	1	1	1	1	1	2	1	2	2	1	1	1	1	1	1	2	2	1	2	1	1	1
IND134	1	1	1	2	2	2	2	1	2	1	1	1	1	1	1	2	2	2	1	1	1	1	1	1	2	2	2	1	1	1	1	1	1	1	1	1	1	1	1	2
IND135	1	2	1	2	1	1	1	1	2	1	2	1	1	2	1	1	2	1	1	1	1	1	1	2	2	2	2	1	1	1	1	2	2	1	1	1	1	1	1	1
IND136	1	1	1	2	2	1	1	1	2	1	2	1	1	1	1	1	1	1	1	1	1	1	1	2	1	2	1	1	1	1	1	1	2	1	1	1	2	1	1	2
IND137	1	1	1	2	2	2	1	2	2	1	2	1	1	1	2	2	2	2	1	1	1	1	1	2	1	2	1	1	1	1	1	2	2	1	2	2	2	1	1	2
IND138	1	2	1	2	1	1	1	2	2	1	1	1	1	2	1	1	2	1	1	1	1	1	1	2	2	2	1	1	2	1	1	1	2	1	2	2	2	1	1	2
IND139	1	2	1	2	2	1	1	1	2	1	2	1	1	1	1	2	2	1	1	1	1	1	1	2	2	2	2	1	2	1	1	2	2	1	2	1	1	1	1	1
IND140	1	2	1	2	1	2	2	2	2	1	1	1	1	1	1	1	1	2	1	1	1	1	1	1	2	2	1	1	1	1	1	2	1	1	2	2	1	1	1	2
IND141	1	2	2	1	2	2	1	1	1	1	1	1	1	1	2	1	1	1	2	1	2	1	1	1	1	2	1	1	1	2	1	1	1	1	1	1	1	1	1	1
IND142	2	2	2	1	1	2	1	2	1	1	1	1	1	1	2	2	2	1	2	1	1	1	1	1	1	2	1	1	1	1	1	1	1	1	1	2	1	1	1	1
IND143	1	2	1	1	2	2	1	1	1	1	1	1	1	1	1	2	2	1	2	1	2	1	1	1	1	1	1	2	1	1	1	1	1	1	1	2	1	1	1	1
IND144	1	2	2	2	1	1	1	2	1	1	1	1	1	1	2	1	1	1	1	1	1	1	1	1	1	1	1	2	1	1	1	1	1	1	1	2	1	1	1	1
IND145	2	2	2	1	1	1	1	1	1	1	1	1	1	1	2	2	2	1	1	1	2	1	1	1	1	2	1	1	1	2	1	1	1	1	1	1	1	1	1	1
IND146	1	2	1	2	1	1	1	1	1	1	1	1	1	1	2	1	1	1	1	1	2	1	1	1	1	2	1	2	1	2	1	1	1	1	1	1	1	1	1	1
IND147	2	2	2	2	1	1	1	2	1	1	1	1	1	1	2	1	1	1	2	1	2	1	1	1	1	2	1	2	1	1	1	1	1	1	1	1	1	1	1	1
IND148	1	2	2	1	1	2	1	1	1	1	1	1	1	1	2	2	1	1	2	1	1	1	1	1	1	1	1	1	1	1	1	1	1	1	1	1	1	1	1	1
IND149	1	2	1	2	2	1	1	1	1	1	1	1	1	1	1	2	1	1	1	1	2	1	1	1	1	2	1	2	1	1	1	1	1	1	1	2	1	1	1	1
IND150	1	2	2	1	1	1	1	2	1	1	1	1	1	1	2	2	2	1	2	1	1	1	1	1	1	2	1	2	1	2	1	1	1	1	1	1	1	1	1	1
IND151	2	2	2	1	2	1	1	2	1	1	1	1	1	1	1	2	2	1	2	1	2	1	1	1	1	2	1	2	1	1	1	1	1	1	1	2	1	1	1	1
IND152	1	2	2	1	1	1	1	1	1	1	1	1	1	1	2	1	1	1	2	1	2	1	1	1	1	1	1	2	1	2	1	1	1	1	1	1	1	1	1	1
IND153	1	2	2	2	2	1	1	2	1	1	1	1	1	1	1	1	1	1	1	1	2	1	1	1	1	2	1	2	1	2	1	1	1	1	1	2	1	1	1	1
IND154	2	2	1	2	1	2	1	1	1	1	1	1	1	1	2	1	2	1	2	1	1	1	1	1	1	1	1	2	1	1	1	1	1	1	1	2	1	1	1	1
IND155	2	2	1	1	2	2	1	2	1	1	1	1	1	1	2	2	1	1	1	1	2	1	1	1	1	1	1	1	1	1	1	1	1	1	1	1	1	1	1	1
IND156	1	2	1	2	1	2	1	2	1	1	1	1	1	1	2	2	2	1	1	1	1	1	1	1	1	2	1	2	1	1	1	1	1	1	1	1	1	1	1	1
IND157	1	2	2	1	1	1	1	1	1	1	1	1	1	1	1	2	1	1	1	1	1	1	1	1	1	1	1	2	1	1	1	1	1	1	1	2	1	1	1	1
IND158	1	2	1	1	1	1	1	2	1	1	1	1	1	1	1	1	2	1	1	1	1	1	1	1	1	2	1	2	1	1	1	1	1	1	1	2	1	1	1	1
IND159	2	2	1	2	1	1	1	1	1	1	1	1	1	1	2	1	2	1	1	1	1	1	1	1	1	2	1	1	1	2	1	1	1	1	1	1	1	1	1	1
IND160	1	2	2	2	1	2	1	2	1	1	1	1	1	1	1	2	2	1	1	1	2	1	1	1	1	1	1	2	1	1	1	1	1	1	1	2	1	1	1	1
IND161	2	2	1	1	1	1	1	2	1	1	1	1	1	1	1	1	2	1	1	1	1	2	1	1	2	1	1	2	1	1	1	2	1	2	1	2	2	1	1	1
IND162	1	2	2	1	1	1	1	1	1	1	2	1	1	1	1	1	1	1	1	1	1	2	1	1	1	1	1	1	1	2	1	2	1	2	1	2	2	2	1	1
IND163	1	2	1	1	1	1	1	2	1	1	2	1	1	2	1	1	1	1	1	1	1	2	1	1	1	1	1	2	1	1	1	2	1	1	1	1	2	2	1	1
IND164	2	1	1	1	1	1	1	1	1	1	2	1	1	1	2	1	1	1	1	2	1	2	1	1	1	1	1	2	1	1	1	2	1	2	1	2	2	1	1	1
IND165	1	2	2	1	1	1	1	1	1	1	1	1	1	1	2	1	1	2	1	1	1	2	1	1	1	1	1	2	1	2	1	2	1	2	1	2	2	1	1	2
IND166	1	1	2	1	2	1	1	1	1	1	2	1	1	2	2	1	2	1	1	2	1	2	1	1	2	1	1	2	1	2	1	2	1	1	1	2	2	1	1	2
IND167	2	1	1	1	1	1	1	2	1	1	1	1	1	2	2	1	2	2	1	2	1	2	1	1	1	1	1	2	1	1	1	2	1	1	1	2	2	2	1	1
IND168	1	1	1	1	2	1	1	2	1	1	2	1	1	1	1	1	1	1	1	2	1	2	1	1	2	1	1	1	1	1	1	2	1	2	1	1	2	1	1	1
IND169	1	2	2	1	2	1	1	1	1	1	1	1	1	2	1	1	1	2	1	1	1	2	1	1	1	1	1	1	1	1	1	2	1	1	1	1	2	1	1	1
IND170	1	2	2	1	1	1	1	2	1	1	2	1	1	2	2	1	1	1	1	2	1	2	1	1	2	1	1	2	1	2	1	2	1	1	1	1	2	2	1	2
IND171	1	1	1	1	2	1	1	1	1	1	2	1	1	2	2	1	1	1	1	1	1	2	1	1	1	1	1	2	1	2	1	2	1	2	1	1	2	2	1	1
IND172	2	1	2	1	1	1	1	1	1	1	1	1	1	2	2	1	1	1	1	1	1	2	1	1	1	1	1	1	1	1	1	2	1	1	1	2	2	2	1	1
IND173	1	1	1	1	2	1	1	2	1	1	1	1	1	2	1	1	1	2	1	1	1	2	1	1	1	1	1	2	1	2	1	2	1	2	1	2	2	1	1	1
IND174	1	2	1	1	1	1	1	2	1	1	1	1	1	2	1	1	2	2	1	1	1	2	1	1	1	1	1	1	1	2	1	2	1	2	1	2	2	2	1	2
IND175	2	2	1	1	1	1	1	1	1	1	2	1	1	1	1	1	2	1	1	1	1	2	1	1	1	1	1	1	1	1	1	2	1	2	1	1	2	1	1	1
IND176	2	2	1	1	1	1	1	1	1	1	1	1	1	2	2	1	1	2	1	1	1	2	1	1	1	1	1	2	1	2	1	2	1	1	1	1	2	1	1	1
IND177	2	2	2	1	1	1	1	1	1	1	2	1	1	2	1	1	2	2	1	2	1	2	1	1	2	1	1	1	1	1	1	2	1	1	1	1	2	1	1	2
IND178	2	1	1	1	1	1	1	2	1	1	1	1	1	1	1	1	1	1	1	2	1	2	1	1	2	1	1	2	1	2	1	2	1	2	1	2	2	2	1	2
IND179	1	2	1	1	2	1	1	2	1	1	1	1	1	2	1	1	2	1	1	1	1	2	1	1	1	1	1	1	1	1	1	2	1	1	1	1	2	1	1	1
IND180	2	2	1	1	1	1	1	2	1	1	1	1	1	2	2	1	1	2	1	2	1	2	1	1	1	1	1	1	1	2	1	2	1	2	1	1	2	1	1	2
IND181	1	2	1	1	2	1	1	1	1	1	2	2	1	1	2	2	1	1	2	1	1	1	1	2	2	1	1	1	1	1	1	2	1	2	1	2	2	1	1	1
IND182	2	2	1	1	2	2	1	1	2	1	2	2	2	1	2	2	1	2	2	1	1	1	1	2	2	1	1	1	1	1	1	2	1	2	1	2	1	1	1	1
IND183	2	2	1	1	2	2	1	1	2	1	2	1	2	1	1	2	1	1	2	1	1	1	1	2	2	1	1	1	1	1	1	2	1	1	1	2	2	1	1	1
IND184	1	2	1	1	2	2	1	2	2	1	2	2	2	1	2	2	1	1	2	1	1	1	1	1	2	1	1	1	1	1	1	2	1	1	1	2	2	1	1	1
IND185	2	2	1	1	2	2	1	2	2	1	2	2	1	1	2	1	1	2	2	1	1	1	1	1	2	1	1	1	1	1	2	2	1	1	1	2	1	2	1	1
IND186	1	2	1	1	2	2	1	1	2	1	2	2	2	1	2	2	1	2	2	1	1	1	1	2	2	1	1	1	1	1	1	2	1	1	1	2	1	2	1	1
IND187	2	2	1	1	2	1	2	2	1	1	2	1	2	1	2	2	1	1	2	1	1	1	1	2	2	1	1	1	1	1	1	2	1	2	1	2	2	1	1	1
IND188	2	2	1	1	2	2	1	2	2	1	2	1	2	1	1	1	1	1	2	1	1	1	1	2	1	1	1	1	1	1	1	2	1	1	1	2	2	1	1	1
IND189	2	2	1	1	2	2	1	2	2	1	2	2	2	1	2	1	1	1	2	1	1	1	1	1	1	1	1	1	1	1	1	2	1	2	1	2	2	2	1	1
IND190	1	2	1	1	2	2	2	2	1	1	2	1	2	1	2	2	1	2	2	1	1	1	1	1	2	1	1	1	1	1	2	2	1	1	1	2	1	1	1	1
IND191	2	2	1	1	2	2	1	1	2	1	2	2	2	1	2	1	1	2	2	1	1	1	1	1	1	1	1	1	1	1	2	2	1	2	1	2	1	1	1	1
IND192	1	2	1	1	2	2	2	2	2	1	2	2	2	1	1	1	1	2	2	1	1	1	1	2	1	1	1	1	1	1	1	2	1	1	1	2	2	1	1	1
IND193	1	2	1	1	2	1	2	1	2	1	2	2	2	1	2	1	1	2	2	1	1	1	1	1	1	1	1	1	1	1	1	2	1	2	1	2	1	1	1	1
IND194	1	2	1	1	2	2	2	1	1	1	2	1	1	1	1	2	1	2	2	1	1	1	1	1	1	1	1	1	1	1	2	2	1	2	1	2	1	2	1	1
IND195	2	2	1	1	2	1	1	1	2	1	2	1	2	1	2	2	1	1	2	1	1	1	1	1	2	1	1	1	1	1	2	2	1	2	1	2	1	2	1	1
IND196	2	2	1	1	2	2	1	1	1	1	2	2	2	1	1	2	1	1	2	1	1	1	1	2	2	1	1	1	1	1	1	2	1	2	1	2	2	2	1	1
IND197	1	2	1	1	2	1	2	2	1	1	2	1	2	1	2	1	1	1	2	1	1	1	1	2	1	1	1	1	1	1	1	2	1	2	1	2	2	1	1	1
IND198	2	2	1	1	2	2	1	2	2	1	2	1	2	1	1	1	1	1	2	1	1	1	1	2	2	1	1	1	1	1	1	2	1	1	1	2	2	1	1	1
IND199	1	2	1	1	2	2	2	2	2	1	2	2	1	1	2	1	1	1	2	1	1	1	1	1	2	1	1	1	1	1	2	2	1	1	1	2	2	1	1	1
IND200	1	2	1	1	2	2	2	1	2	1	2	1	2	1	2	2	1	2	2	1	1	1	1	2	1	1	1	1	1	1	1	2	1	1	1	2	1	2	1	1
