ID	hap_1_1	hap_1_1	hap_1_2	hap_1_2	hap_2_1	hap_2_1	hap_2_2	hap_2_2	hap_3_1	hap_3_1	hap_3_2	hap_3_2	hap_4_1	hap_4_1	hap_4_2	hap_4_2	hap_5_1	hap_5_1	hap_5_2	hap_5_2	hap_6_1	hap_6_1	hap_6_2	hap_6_2	hap_7_1	hap_7_1	hap_7_2	hap_7_2	hap_8_1	hap_8_1	hap_8_2	hap_8_2	hap_9_1	hap_9_1	hap_9_2	hap_9_2	hap_10_1	hap_10_1	hap_10_2	hap_10_2	hap_11_1	hap_11_1	hap_11_2	hap_11_2	hap_12_1	hap_12_1	hap_12_2	hap_12_2	hap_13_1	hap_13_1	hap_13_2	hap_13_2	hap_14_1	hap_14_1	hap_14_2	hap_14_2	hap_15_1	hap_15_1	hap_15_2	hap_15_2	hap_16_1	hap_16_1	hap_16_2	hap_16_2	hap_17_1	hap_17_1	hap_17_2	hap_17_2	hap_18_1	hap_18_1	hap_18_2	hap_18_2	hap_19_1	hap_19_1	hap_19_2	hap_19_2	hap_20_1	hap_20_1	hap_20_2	hap_20_2	hap_21_1	hap_21_1	hap_21_2	hap_21_2	hap_22_1	hap_22_1	hap_22_2	hap_22_2	hap_23_1	hap_23_1	hap_23_2	hap_23_2	hap_24_1	hap_24_1	hap_24_2	hap_24_2	hap_25_1	hap_25_1	hap_25_2	hap_25_2	hap_26_1	hap_26_1	hap_26_2	hap_26_2	hap_27_1	hap_27_1	hap_27_2	hap_27_2	hap_28_1	hap_28_1	hap_28_2	hap_28_2	hap_29_1	hap_29_1	hap_29_2	hap_29_2	hap_30_1	hap_30_1	hap_30_2	hap_30_2	hap_31_1	hap_31_1	hap_31_2	hap_31_2	hap_32_1	hap_32_1	hap_32_2	hap_32_2	hap_33_1	hap_33_1	hap_33_2	hap_33_2	hap_34_1	hap_34_1	hap_34_2	hap_34_2	hap_35_1	hap_35_1	hap_35_2	hap_35_2	hap_36_1	hap_36_1	hap_36_2	hap_36_2	hap_37_1	hap_37_1	hap_37_2	hap_37_2	hap_38_1	hap_38_1	hap_38_2	hap_38_2	hap_39_1	hap_39_1	hap_39_2	hap_39_2	hap_40_1	hap_40_1	hap_40_2	hap_40_2	hap_41_1	hap_41_1	hap_41_2	hap_41_2	hap_42_1	hap_42_1	hap_42_2	hap_42_2	hap_43_1	hap_43_1	hap_43_2	hap_43_2	hap_44_1	hap_44_1	hap_44_2	hap_44_2	hap_45_1	hap_45_1	hap_45_2	hap_45_2	hap_46_1	hap_46_1	hap_46_2	hap_46_2	hap_47_1	hap_47_1	hap_47_2	hap_47_2	hap_48_1	hap_48_1	hap_48_2	hap_48_2	hap_49_1	hap_49_1	hap_49_2	hap_49_2	hap_50_1	hap_50_1	hap_50_2	hap_50_2
IND001	1	2	2	2	1	1	1	1	2	2	1	1	1	1	1	2	1	2	1	2	1	1	1	1	2	2	2	2	1	1	1	2	1	1	2	2	2	2	2	1	1	1	2	1	1	1	1	2	1	1	1	1	1	2	1	1	1	1	1	2	1	1	1	1	1	1	2	2	1	2	1	2	1	1	1	2	1	1	2	2	1	2	1	1	1	1	1	1	1	1	1	2	2	2	2	1	1	2	2	2	1	1	1	1	2	2	1	1	1	2	1	1	1	1	1	1	1	1	1	1	1	2	1	2	2	1	2	1	1	1	1	1	1	1	1	2	1	1	1	2	1	1	2	1	1	2	2	1	1	1	1	1	1	1	1	1	1	1	1	2	2	2	2	2	1	1	1	1	2	1	1	2	1	1	1	1	1	1	2	1	1	1	1	1	2	2	1	1	1	2	1	2	1	1	1	1	1	1	2	2
IND002	1	2	2	2	1	1	1	1	2	2	1	1	1	2	1	1	1	2	1	2	1	1	1	1	2	2	2	2	1	1	1	2	1	1	2	2	2	1	2	2	2	1	2	1	1	1	1	2	1	1	1	1	2	2	1	1	1	1	1	1	1	1	1	2	1	1	2	2	1	2	1	2	1	1	1	1	1	1	2	1	1	2	1	1	1	1	1	1	1	1	1	2	2	2	1	2	1	2	2	2	1	1	1	1	2	2	1	1	1	2	1	1	1	1	1	1	2	1	1	2	1	2	1	2	2	1	2	1	1	1	1	1	1	1	1	1	1	1	1	1	1	2	1	2	1	1	2	1	1	1	1	2	2	2	1	1	1	1	1	1	1	1	2	2	1	1	1	2	1	1	1	2	1	1	1	1	1	1	2	1	1	1	1	1	1	1	1	1	1	2	1	1	1	1	1	1	1	1	2	2
IND003	1	2	2	2	1	1	1	1	1	2	1	1	2	1	2	1	1	2	2	2	1	1	1	1	1	2	1	2	1	2	1	1	1	1	1	2	1	1	2	2	2	1	1	1	1	1	1	2	1	1	1	1	2	1	1	1	1	1	1	1	1	1	1	1	1	1	2	2	1	2	1	2	1	1	1	1	1	1	2	1	1	2	1	1	1	1	1	1	1	2	1	2	2	2	1	2	1	2	2	2	1	1	1	1	2	2	1	1	2	1	1	1	1	1	1	2	2	1	1	2	1	2	1	2	2	1	2	1	2	1	1	1	2	2	1	2	1	1	1	2	1	1	2	2	1	1	2	1	1	1	1	1	2	2	1	1	1	1	1	2	2	2	1	1	1	1	1	2	2	1	1	2	1	1	1	1	1	1	1	1	1	1	1	1	1	2	1	2	1	2	2	2	1	1	1	1	2	1	2	2
IND004	1	2	2	2	1	1	1	1	2	2	1	1	1	1	2	1	1	2	2	2	1	1	2	1	2	2	2	2	1	1	2	1	2	1	2	2	1	1	2	2	1	1	2	1	1	1	1	2	1	1	1	2	1	2	1	2	1	1	1	1	1	1	1	1	1	1	1	2	1	2	1	2	1	1	1	1	1	1	2	1	1	2	1	1	1	1	1	1	1	1	1	2	2	2	1	2	1	2	2	2	1	1	2	1	2	2	1	1	2	2	1	1	1	1	1	2	1	1	1	2	1	2	1	2	2	1	2	1	2	1	1	1	1	1	1	1	1	2	1	2	1	2	2	2	1	2	2	1	1	1	1	2	1	1	1	1	1	1	1	1	1	2	1	2	1	1	1	1	1	1	1	2	1	1	1	1	1	1	1	1	2	1	1	1	2	1	1	1	1	2	1	1	1	1	1	1	2	1	2	2
IND005	1	2	2	2	1	1	1	1	2	2	1	1	1	2	1	1	1	2	2	2	1	1	1	1	2	2	2	2	1	2	2	1	1	1	1	2	2	1	2	1	1	1	2	1	1	1	2	2	1	1	1	2	1	1	1	1	1	1	1	1	1	1	1	1	1	1	2	2	1	2	1	2	1	1	1	2	1	1	2	2	1	2	1	1	1	1	1	1	1	2	1	1	2	2	2	1	1	1	2	2	1	1	1	1	2	1	1	1	1	2	1	1	1	1	2	2	1	1	1	1	1	2	1	2	2	1	1	1	1	1	1	1	1	2	1	2	1	2	1	2	1	1	1	2	1	1	2	1	1	1	1	1	1	1	1	1	2	1	2	1	2	1	1	2	1	1	1	2	2	1	1	2	1	1	1	1	1	1	2	1	1	1	1	1	2	2	1	1	1	2	2	2	1	1	1	1	2	1	2	2
IND006	1	2	2	2	1	1	1	1	2	2	1	1	1	2	1	2	1	2	2	2	1	1	1	1	1	2	1	2	1	1	1	2	1	1	2	1	2	2	2	1	1	1	1	1	1	1	2	2	1	1	1	1	2	2	1	1	1	1	2	2	1	1	1	1	1	1	1	2	1	2	1	2	1	1	1	2	1	1	2	1	1	2	1	1	1	1	1	1	1	2	1	1	2	2	2	1	1	2	2	2	1	1	2	1	2	1	1	1	1	2	1	1	1	1	1	1	1	1	1	1	1	2	1	2	2	1	2	1	1	1	1	2	1	1	1	2	1	2	1	1	1	2	2	1	1	1	2	1	1	1	1	1	2	1	1	1	2	1	2	1	1	1	1	1	1	1	1	1	1	1	1	2	1	1	1	1	1	1	2	1	2	1	1	1	1	2	1	2	1	2	2	2	1	1	1	1	1	1	2	2
IND007	1	2	2	2	1	1	1	1	2	2	1	1	2	1	1	2	1	2	1	2	1	1	2	1	1	2	1	2	1	2	2	1	1	1	1	1	2	1	2	1	1	1	1	1	1	1	1	2	1	1	1	1	2	2	1	1	1	1	2	2	1	1	1	2	1	1	2	2	1	2	1	2	1	1	1	1	1	1	2	1	1	2	1	1	1	1	1	1	1	1	1	2	2	2	2	2	1	1	2	2	1	1	1	1	2	2	1	1	2	2	1	1	1	1	1	2	1	1	1	1	1	2	1	2	2	1	1	1	2	1	1	1	2	2	1	2	1	1	1	1	1	1	1	2	1	1	2	1	1	1	1	1	1	1	1	1	1	1	2	2	1	2	2	2	1	1	1	1	1	1	1	2	1	1	1	1	1	1	1	1	1	1	1	1	1	1	1	1	1	2	1	2	1	1	1	1	1	1	2	2
IND008	1	2	2	2	1	1	1	1	1	2	1	1	2	1	1	1	1	2	2	2	1	1	2	1	2	2	2	2	1	2	1	1	2	1	1	2	1	2	2	2	1	1	1	1	1	1	1	2	1	1	1	1	2	1	1	1	1	1	2	2	1	1	1	2	1	1	1	2	1	2	1	2	1	1	1	2	1	1	2	2	1	2	1	1	1	1	1	1	1	2	1	2	2	2	1	1	1	1	2	2	1	1	2	1	2	1	1	1	1	2	1	1	1	1	1	1	2	1	1	1	1	2	1	2	2	1	2	1	1	1	1	1	1	1	1	2	1	2	1	2	1	1	2	2	1	2	2	1	1	1	1	1	1	1	1	1	1	1	1	2	1	1	2	2	1	1	1	1	1	1	1	2	1	1	1	1	1	1	2	1	2	1	1	1	2	1	1	1	1	2	1	2	1	1	1	1	1	1	2	2
IND009	1	2	2	2	1	1	1	1	2	2	1	1	1	1	1	2	1	2	1	1	1	1	1	1	1	2	2	2	1	2	1	2	2	1	2	1	2	2	2	1	2	1	2	1	1	1	2	2	1	1	1	2	1	1	1	2	1	1	2	2	1	1	1	2	1	1	1	2	1	2	1	2	1	1	1	2	1	1	2	1	1	2	1	1	1	1	1	1	1	2	1	1	2	2	1	2	1	1	1	2	1	1	1	1	2	1	1	1	2	2	1	1	1	1	2	2	1	1	1	1	1	2	1	2	2	1	2	1	2	1	1	2	2	2	1	2	1	1	1	1	1	2	2	2	1	2	2	1	1	1	1	1	2	2	1	1	2	1	1	2	1	2	2	2	1	1	1	2	2	1	1	2	1	1	1	1	1	1	1	1	1	1	1	1	1	1	1	1	1	2	1	1	1	1	1	1	1	1	2	2
IND010	1	2	2	2	1	1	1	1	2	2	1	1	1	1	2	1	1	2	1	1	1	1	1	1	1	2	1	2	1	2	2	1	1	1	1	1	1	1	2	1	2	1	2	1	1	1	1	2	1	1	1	2	1	2	1	2	1	1	1	1	1	1	1	2	1	1	1	2	1	2	1	2	1	1	1	2	1	1	2	1	1	2	1	1	1	1	1	1	1	1	1	1	2	2	1	2	1	2	2	2	1	1	1	1	2	2	1	1	2	1	1	1	1	1	1	1	2	1	1	2	1	2	1	2	2	1	2	1	1	1	1	2	1	1	1	2	1	2	1	2	1	1	1	1	1	2	2	1	1	1	1	2	2	2	1	1	1	1	1	1	1	2	2	1	1	1	1	1	1	1	1	2	1	1	1	1	1	1	2	1	2	1	1	1	1	1	1	2	1	2	1	1	1	1	1	1	1	1	2	2
IND011	1	2	2	2	1	1	1	1	2	2	1	1	2	1	1	2	1	2	2	2	1	1	1	1	2	2	1	2	1	2	2	1	1	1	2	1	1	2	2	1	1	1	1	1	1	1	1	2	1	1	1	1	2	2	1	1	1	1	2	1	1	1	1	1	1	1	2	2	1	2	1	2	1	1	1	2	1	1	2	2	1	2	1	1	1	1	1	1	1	2	1	2	2	2	1	1	1	1	1	2	1	1	2	1	2	1	1	1	2	2	1	1	1	1	2	1	1	1	1	2	1	2	1	2	2	1	2	1	1	1	1	2	2	1	1	1	1	2	1	1	1	2	2	2	1	1	2	1	1	1	1	2	2	1	1	1	1	1	2	1	2	2	1	2	1	1	1	2	1	1	1	2	1	1	1	1	1	1	2	1	1	1	1	1	1	1	1	2	1	2	2	2	1	1	1	1	1	1	2	2
IND012	1	2	2	2	1	1	1	1	1	2	1	1	2	1	1	1	1	2	2	1	1	1	1	1	1	2	1	2	1	1	1	1	1	1	1	2	1	2	2	2	2	1	1	1	1	1	1	2	1	1	1	1	1	1	1	2	1	1	1	2	1	1	1	2	1	1	2	2	1	2	1	2	1	1	1	2	1	1	2	2	1	2	1	1	1	1	1	1	1	2	1	2	2	2	1	2	1	2	2	2	1	1	1	1	2	1	1	1	1	1	1	1	1	1	1	1	2	1	1	2	1	2	1	2	2	1	1	1	2	1	1	1	2	1	1	1	1	1	1	1	1	1	2	1	1	1	2	1	1	1	1	2	1	2	1	1	1	1	1	2	2	2	2	1	1	1	1	1	1	1	1	2	1	1	1	1	1	1	1	1	1	1	1	1	2	1	1	1	1	2	2	1	1	1	1	1	1	1	2	2
IND013	1	2	2	2	1	1	1	1	1	2	1	1	1	1	2	2	1	2	2	1	1	1	1	1	2	2	2	2	1	1	2	2	1	1	1	1	2	2	2	2	1	1	2	1	1	1	2	2	1	1	1	2	1	2	1	1	1	1	1	2	1	1	1	1	1	1	2	2	1	2	1	2	1	1	1	1	1	1	2	1	1	2	1	1	1	1	1	1	1	2	1	2	2	2	1	2	1	2	1	2	1	1	2	1	2	2	1	1	2	1	1	1	1	1	1	2	1	1	1	2	1	2	1	2	2	1	1	1	1	1	1	1	2	2	1	2	1	2	1	1	1	2	2	2	1	2	2	1	1	1	1	1	2	1	1	1	1	1	1	2	1	1	2	1	1	1	1	1	2	1	1	2	1	1	1	1	1	1	1	1	1	1	1	1	1	2	1	1	1	2	2	1	1	1	1	1	2	1	2	2
IND014	1	2	2	2	1	1	1	1	2	2	1	1	1	1	2	2	1	2	2	2	1	1	1	1	1	2	1	2	1	2	2	2	1	1	1	2	2	2	2	2	2	1	1	1	1	1	1	2	1	1	1	2	1	2	1	2	1	1	2	2	1	1	1	2	1	1	2	2	1	2	1	2	1	1	1	1	1	1	2	2	1	2	1	1	1	1	1	1	1	1	1	1	2	2	1	1	1	2	1	2	1	1	2	1	2	1	1	1	1	1	1	1	1	1	2	1	1	1	1	2	1	2	1	2	2	1	1	1	1	1	1	1	2	2	1	2	1	1	1	1	1	2	1	2	1	2	2	1	1	1	1	2	1	1	1	1	1	1	1	2	1	1	2	1	1	1	1	2	2	1	1	2	1	1	1	1	1	1	1	1	2	1	1	1	2	2	1	1	1	2	2	1	1	1	1	1	2	1	2	2
IND015	1	2	2	2	1	1	1	1	1	2	1	1	1	1	2	1	1	2	2	2	1	1	1	1	1	2	2	2	1	1	1	2	1	1	2	1	2	1	2	1	1	1	2	1	1	1	2	2	1	1	1	1	2	1	1	1	1	1	1	1	1	1	1	2	1	1	1	2	1	2	1	2	1	1	1	1	1	1	2	1	1	2	1	1	1	1	1	1	1	1	1	1	2	2	2	1	1	2	2	2	1	1	2	1	2	2	1	1	2	1	1	1	1	1	1	2	1	1	1	1	1	2	1	2	2	1	2	1	1	1	1	1	1	1	1	2	1	1	1	2	1	1	2	2	1	1	2	1	1	1	1	1	1	2	1	1	2	1	1	1	2	2	1	2	1	1	1	1	2	1	1	2	1	1	1	1	1	1	1	1	1	1	1	1	1	2	1	2	1	2	1	1	1	1	1	1	2	1	2	2
IND016	1	2	2	2	1	1	1	1	2	2	1	1	2	1	2	2	1	2	1	1	1	1	1	1	1	2	1	2	1	2	2	1	2	1	1	1	1	1	2	2	1	1	2	1	1	1	1	2	1	1	1	1	2	1	1	1	1	1	1	1	1	1	1	1	1	1	2	2	1	2	1	2	1	1	1	2	1	1	2	2	1	2	1	1	1	1	1	1	1	1	1	1	2	2	1	2	1	1	1	2	1	1	1	1	2	1	1	1	1	2	1	1	1	1	2	1	2	1	1	1	1	2	1	2	2	1	1	1	1	1	1	2	1	1	1	2	1	2	1	2	1	2	2	2	1	1	2	1	1	1	1	1	1	1	1	1	1	1	1	1	2	2	1	2	1	1	1	1	2	1	1	2	1	1	1	1	1	1	2	1	1	1	1	1	1	2	1	1	1	2	1	2	1	1	1	1	1	1	2	2
IND017	1	2	2	2	1	1	1	1	1	2	1	1	2	2	2	1	1	2	1	1	1	1	2	1	2	2	1	2	1	1	1	1	2	1	2	2	1	1	2	2	1	1	2	1	1	1	1	2	1	1	1	1	2	2	1	2	1	1	1	1	1	1	1	2	1	1	2	2	1	2	1	2	1	1	1	2	1	1	2	1	1	2	1	1	1	1	1	1	1	1	1	2	2	2	2	2	1	2	1	2	1	1	1	1	2	1	1	1	1	1	1	1	1	1	1	1	2	1	1	2	1	2	1	2	2	1	2	1	2	1	1	2	1	2	1	1	1	2	1	1	1	2	2	2	1	2	2	1	1	1	1	1	2	1	1	1	1	1	1	2	2	1	2	1	1	1	1	1	1	1	1	2	1	1	1	1	1	1	2	1	2	1	1	1	2	1	1	2	1	2	2	2	1	1	1	1	1	1	2	2
IND018	1	2	2	2	1	1	1	1	1	2	1	1	2	1	1	2	1	2	2	1	1	1	2	1	2	2	2	2	1	1	1	1	2	1	2	2	2	2	2	2	1	1	1	1	1	1	2	2	1	1	1	1	1	1	1	2	1	1	2	2	1	1	1	1	1	1	2	2	1	2	1	2	1	1	1	2	1	1	2	2	1	2	1	1	1	1	1	1	1	1	1	2	2	2	1	2	1	1	1	2	1	1	2	1	2	1	1	1	2	2	1	1	1	1	2	1	1	1	1	1	1	2	1	2	2	1	1	1	2	1	1	2	1	1	1	2	1	2	1	2	1	2	1	2	1	2	2	1	1	1	1	2	1	2	1	1	2	1	2	2	2	2	1	1	1	1	1	1	1	1	1	2	1	1	1	1	1	1	1	1	1	1	1	1	2	2	1	2	1	2	2	1	1	1	1	1	2	1	2	2
IND019	1	2	2	2	1	1	1	1	1	2	1	1	1	1	1	2	1	2	1	1	1	1	2	1	2	2	2	2	1	1	1	1	2	1	2	2	1	1	2	2	1	1	1	1	1	1	2	2	1	1	1	1	1	2	1	1	1	1	1	2	1	1	1	1	1	1	1	2	1	2	1	2	1	1	1	1	1	1	2	2	1	2	1	1	1	1	1	1	1	2	1	2	2	2	2	2	1	2	1	2	1	1	2	1	2	1	1	1	1	2	1	1	1	1	2	2	1	1	1	2	1	2	1	2	2	1	1	1	2	1	1	2	1	2	1	1	1	1	1	1	1	2	2	1	1	2	2	1	1	1	1	2	1	2	1	1	2	1	2	1	2	2	2	2	1	1	1	1	1	1	1	2	1	1	1	1	1	1	1	1	1	1	1	1	1	2	1	1	1	2	2	2	1	1	1	1	1	1	2	2
IND020	1	2	2	2	1	1	1	1	1	2	1	1	1	1	1	2	1	2	1	1	1	1	2	1	2	2	1	2	1	1	2	1	2	1	1	1	1	2	2	2	1	1	1	1	1	1	1	2	1	1	1	2	2	2	1	2	1	1	1	2	1	1	1	2	1	1	2	2	1	2	1	2	1	1	1	1	1	1	2	1	1	2	1	1	1	1	1	1	1	1	1	2	2	2	1	2	1	2	2	2	1	1	1	1	2	2	1	1	2	1	1	1	1	1	1	1	2	1	1	1	1	2	1	2	2	1	1	1	2	1	1	1	2	1	1	1	1	2	1	2	1	1	1	1	1	2	2	1	1	1	1	2	1	2	1	1	2	1	1	2	1	1	2	2	1	1	1	1	1	1	1	2	1	1	1	1	1	1	1	1	1	1	1	1	2	1	1	1	1	2	2	2	1	1	1	1	1	1	2	2
IND021	1	2	2	1	2	2	1	2	2	1	2	1	1	1	2	2	1	2	2	1	1	1	2	2	1	1	1	1	1	2	2	2	2	1	2	1	1	2	1	1	2	1	1	1	2	2	1	2	1	2	1	2	2	1	2	1	1	2	2	2	2	1	2	1	2	2	1	1	2	1	1	2	1	1	1	1	1	1	1	1	2	1	1	1	1	2	1	1	1	2	2	1	2	1	1	1	2	1	2	2	2	1	1	1	2	1	1	1	1	2	1	1	1	1	2	1	1	1	1	1	1	1	2	2	1	1	2	1	2	1	2	1	1	2	1	1	1	2	2	1	1	1	1	1	2	1	2	2	2	1	1	2	1	1	2	1	1	1	1	1	1	2	1	1	1	2	1	1	1	1	2	1	1	2	1	2	2	2	1	1	1	1	1	1	1	1	1	1	2	2	2	1	1	1	2	2	1	1	1	2
IND022	2	1	2	1	2	1	1	1	2	1	1	2	1	1	2	2	1	2	2	2	1	1	2	2	1	1	1	1	2	2	1	2	2	1	1	2	1	2	1	1	2	1	1	1	2	1	1	2	1	2	1	1	2	1	2	2	2	2	2	1	2	1	2	1	1	2	1	2	2	1	1	2	1	1	1	1	1	2	1	1	1	1	1	2	1	2	1	1	2	2	2	1	2	2	1	1	2	2	2	2	2	1	1	1	2	1	1	1	1	1	1	2	1	1	2	1	1	1	1	1	1	2	2	2	1	1	2	1	2	1	2	2	1	1	1	1	1	2	2	1	1	1	1	1	2	1	2	1	2	2	1	1	2	1	2	1	1	1	1	1	2	2	1	1	1	2	1	1	1	1	2	2	2	2	1	2	1	2	1	1	1	1	1	1	1	1	1	1	2	2	2	1	1	1	2	2	1	1	1	2
IND023	1	2	1	1	2	2	1	1	2	1	1	2	1	1	1	2	2	2	2	2	1	1	2	1	1	1	2	1	2	2	1	2	2	1	1	1	1	2	1	1	2	1	1	1	2	2	1	1	1	2	1	1	2	2	2	1	1	1	1	1	1	2	1	1	2	2	1	1	2	2	1	1	1	1	1	1	1	1	2	1	2	1	1	1	2	2	1	1	2	2	1	1	2	2	1	1	2	1	2	2	2	1	1	1	2	1	1	1	1	2	1	2	1	1	1	1	1	2	1	1	2	2	2	2	1	1	2	2	2	1	2	2	1	1	1	1	1	2	2	1	1	1	1	1	2	1	2	2	2	2	1	1	2	1	2	1	1	1	1	1	1	2	2	1	1	2	1	2	1	1	2	1	1	2	1	1	2	2	1	1	1	1	1	1	1	1	2	1	2	1	2	1	2	1	2	1	1	1	1	2
IND024	1	2	2	1	2	1	1	2	2	1	2	1	1	1	1	2	1	2	2	1	1	1	2	2	1	1	1	1	2	2	1	2	1	1	2	1	1	2	1	1	2	1	1	1	2	2	1	1	1	1	1	2	2	2	2	2	2	1	1	2	2	2	2	1	2	2	1	1	2	2	1	2	1	2	1	1	1	1	1	1	2	1	1	1	2	2	1	1	1	2	2	2	2	1	1	1	2	2	2	2	2	1	1	1	2	1	1	1	1	2	1	1	1	1	2	1	1	1	1	1	1	2	2	2	1	1	2	2	2	1	2	2	1	1	1	1	1	2	2	1	1	1	1	1	2	1	2	2	2	1	2	2	1	1	2	1	1	1	1	1	2	2	1	1	1	2	1	2	1	1	2	1	2	2	1	2	1	2	1	1	1	1	1	1	1	1	1	1	2	1	2	1	1	1	2	1	2	1	1	2
IND025	2	2	2	1	2	1	1	1	2	2	1	2	1	1	1	2	1	2	2	2	1	1	2	2	1	1	2	1	1	1	2	2	1	1	1	1	1	2	2	1	2	1	1	1	2	1	1	2	1	2	2	1	2	2	2	2	2	2	2	2	1	1	2	1	1	2	1	1	1	1	1	2	1	1	1	1	1	2	1	1	1	1	1	1	1	2	1	1	1	2	1	2	2	1	1	1	2	2	2	2	2	1	1	1	2	1	1	1	1	1	1	2	1	1	2	1	1	1	1	1	2	2	2	2	1	1	2	1	2	1	2	1	1	1	1	1	1	2	2	1	1	1	1	1	2	1	2	2	2	2	2	2	1	1	2	1	1	1	1	1	1	1	1	1	1	2	1	2	2	1	2	1	1	2	1	1	2	2	1	1	1	1	1	1	1	1	2	1	2	1	2	1	2	1	2	2	2	1	1	1
IND026	2	2	1	1	2	2	1	2	2	1	2	1	1	1	1	2	2	2	2	1	1	1	2	1	1	1	2	1	1	1	2	2	2	1	2	1	1	2	2	1	2	1	1	1	2	1	1	2	1	2	1	1	2	1	2	1	2	2	1	1	1	2	2	1	1	2	1	1	2	1	1	2	1	2	1	1	1	2	2	1	1	1	1	2	1	2	1	1	1	2	1	1	2	1	1	1	2	2	2	2	2	1	1	1	2	1	1	1	1	1	1	1	1	1	1	1	1	1	1	1	1	1	2	2	1	1	2	1	2	1	2	2	1	2	1	1	1	2	2	1	1	1	1	1	2	1	2	2	2	1	2	1	2	1	2	1	1	1	1	1	2	1	1	1	1	2	1	1	2	1	2	2	2	2	1	2	1	2	1	1	1	1	1	1	1	1	1	1	2	1	2	1	1	1	2	1	2	1	1	1
IND027	2	1	2	1	2	1	1	2	2	2	1	2	1	1	1	2	1	2	2	2	1	1	2	1	1	1	1	1	2	2	1	2	1	1	2	2	1	2	1	1	2	1	1	1	2	2	1	2	1	1	1	2	2	1	2	1	1	1	1	1	1	2	1	1	1	2	1	2	1	1	1	2	1	1	1	1	1	1	1	1	1	1	1	1	2	2	1	1	1	2	1	2	2	1	1	1	2	1	2	2	2	1	1	1	2	1	1	1	1	1	1	1	1	1	2	1	1	2	1	1	1	1	2	2	1	1	2	1	2	1	2	2	1	1	1	1	1	2	2	1	1	1	1	1	2	1	2	2	2	2	2	2	2	1	2	1	1	1	1	1	1	2	2	1	1	2	1	2	2	1	2	2	2	2	1	1	1	2	1	1	1	1	1	1	1	1	1	1	2	2	2	1	2	1	2	1	1	1	1	1
IND028	2	2	2	1	2	1	1	2	2	1	1	1	1	1	2	2	1	2	2	1	1	1	2	2	1	1	2	1	2	1	1	2	1	1	1	1	1	2	1	1	2	1	1	1	2	2	1	1	1	2	1	2	2	1	2	1	2	1	1	2	1	2	2	1	2	2	1	2	2	2	1	1	1	1	1	1	1	2	1	1	2	1	1	2	2	2	1	1	1	2	2	2	2	1	1	1	2	2	2	2	2	1	1	1	2	1	1	1	1	1	1	2	1	1	2	1	1	2	1	1	2	1	2	2	1	1	2	2	2	1	2	2	1	1	1	1	1	2	2	1	1	1	1	1	2	1	2	2	2	2	1	1	1	1	2	1	1	1	1	1	1	1	1	1	1	2	1	2	1	1	2	1	1	2	1	2	2	2	1	1	1	1	1	1	1	1	1	1	2	1	2	1	1	1	2	2	1	1	1	2
IND029	2	2	1	1	2	1	1	1	2	2	2	1	1	1	1	2	2	2	2	1	1	1	2	1	1	1	1	1	2	2	1	2	1	1	2	2	1	2	1	1	2	1	1	1	2	1	1	1	1	1	1	1	2	2	2	2	1	1	1	1	2	2	1	1	1	2	1	2	1	2	1	2	1	1	1	1	1	2	2	1	2	1	1	2	1	2	1	1	2	2	2	2	2	1	1	1	2	1	2	2	2	1	1	1	2	1	1	1	1	1	1	2	1	1	1	1	1	1	1	1	2	1	2	2	1	1	2	1	2	1	2	2	1	2	1	1	1	2	2	1	1	1	1	1	2	1	2	2	2	2	1	2	1	1	2	1	1	1	1	1	2	1	2	1	1	2	1	2	2	1	2	2	1	2	1	1	2	2	1	1	1	1	1	1	1	1	1	1	2	1	2	1	2	1	2	1	1	1	1	2
IND030	2	1	2	1	2	1	1	1	2	1	2	1	1	1	2	2	2	2	2	2	1	1	2	1	1	1	2	1	2	2	1	2	2	1	2	1	1	2	1	1	2	1	1	1	2	1	1	1	1	2	2	2	2	2	2	1	1	2	1	2	2	2	2	1	2	2	1	1	2	1	1	1	1	1	1	1	1	2	1	1	1	1	1	1	1	2	1	1	1	2	2	1	2	2	1	1	2	2	2	2	2	1	1	1	2	1	1	1	1	2	1	1	1	1	2	1	1	2	1	1	1	1	2	2	1	1	2	2	2	1	2	1	1	1	1	1	1	2	2	1	1	1	1	1	2	1	2	1	2	1	1	1	2	1	2	1	1	1	1	1	2	2	2	1	1	2	1	2	2	1	2	1	2	2	1	1	2	2	1	1	1	1	1	1	1	1	2	1	2	2	2	1	1	1	2	2	1	1	1	2
IND031	2	1	1	1	2	2	1	1	2	2	1	2	1	1	1	2	1	2	2	1	1	1	2	2	1	1	2	1	2	2	1	2	2	1	1	1	1	2	1	1	2	1	1	1	2	1	1	1	1	1	2	2	2	2	2	2	1	2	2	1	2	1	1	1	1	2	1	2	2	2	1	1	1	2	1	1	1	2	2	1	1	1	1	1	1	2	1	1	2	2	1	1	2	2	1	1	2	1	2	2	2	1	1	1	2	1	1	1	1	2	1	2	1	1	2	1	1	2	1	1	1	2	2	2	1	1	2	2	2	1	2	1	1	2	1	1	1	2	2	1	1	1	1	1	2	1	2	2	2	2	1	2	2	1	2	1	1	1	1	1	2	2	1	1	1	2	1	1	1	1	2	2	2	2	1	2	2	2	1	1	1	1	1	1	1	1	2	1	2	2	2	1	1	1	2	1	2	1	1	1
IND032	2	1	1	1	2	2	1	2	2	2	2	1	1	1	1	2	2	2	2	2	1	1	2	2	1	1	2	1	1	2	2	2	1	1	2	2	1	2	2	1	2	1	1	1	2	1	1	2	1	2	1	2	2	1	2	2	2	2	2	1	1	2	2	1	1	2	1	2	1	1	1	2	1	1	1	1	1	1	1	1	1	1	1	2	2	2	1	1	2	2	2	1	2	2	1	1	2	2	2	2	2	1	1	1	2	1	1	1	1	2	1	2	1	1	2	1	1	1	1	1	2	2	2	2	1	1	2	1	2	1	2	2	1	2	1	1	1	2	2	1	1	1	1	1	2	1	2	1	2	1	2	2	2	1	2	1	1	1	1	1	1	2	2	1	1	2	1	1	1	1	2	2	1	2	1	1	1	2	1	1	1	1	1	1	1	1	2	1	2	1	2	1	2	1	2	1	1	1	1	1
IND033	1	1	1	1	2	1	1	2	2	2	2	1	1	1	1	2	2	2	2	1	1	1	2	2	1	1	1	1	2	2	1	2	2	1	1	2	1	2	2	1	2	1	1	1	2	2	1	2	1	1	1	1	2	2	2	2	2	1	2	2	1	2	1	1	1	2	1	2	1	2	1	2	1	2	1	1	1	1	1	1	1	1	1	2	1	2	1	1	1	2	2	1	2	2	1	1	2	2	2	2	2	1	1	1	2	1	1	1	1	1	1	2	1	1	2	1	1	1	1	1	1	1	2	2	1	1	2	2	2	1	2	2	1	2	1	1	1	2	2	1	1	1	1	1	2	1	2	2	2	1	2	1	2	1	2	1	1	1	1	1	2	1	1	1	1	2	1	2	2	1	2	2	1	2	1	2	2	2	1	1	1	1	1	1	1	1	2	1	2	2	2	1	2	1	2	2	2	1	1	2
IND034	2	1	2	1	2	1	1	1	2	1	2	2	1	1	2	2	1	2	2	1	1	1	2	1	1	1	2	1	1	1	2	2	1	1	1	2	1	2	2	1	2	1	1	1	2	2	1	1	1	1	1	1	2	1	2	1	1	2	1	1	1	2	2	1	2	2	1	2	2	1	1	1	1	2	1	1	1	2	1	1	1	1	1	1	1	2	1	1	1	2	2	1	2	1	1	1	2	2	2	2	2	1	1	1	2	1	1	1	1	1	1	1	1	1	2	1	1	2	1	1	2	1	2	2	1	1	2	1	2	1	2	1	1	2	1	1	1	2	2	1	1	1	1	1	2	1	2	2	2	1	2	1	2	1	2	1	1	1	1	1	2	2	2	1	1	2	1	2	1	1	2	1	1	2	1	1	1	2	1	1	1	1	1	1	1	1	2	1	2	1	2	1	2	1	2	1	2	1	1	1
IND035	2	2	1	1	2	1	1	1	2	2	2	1	1	1	2	2	1	2	2	1	1	1	2	1	1	1	1	1	2	1	1	2	1	1	1	2	1	2	1	1	2	1	1	1	2	1	1	2	1	2	2	2	2	2	2	2	1	1	2	2	2	2	2	1	1	2	1	1	1	2	1	2	1	2	1	1	1	2	1	1	1	1	1	2	1	2	1	1	1	2	1	1	2	1	1	1	2	2	2	2	2	1	1	1	2	1	1	1	1	1	1	2	1	1	2	1	1	1	1	1	1	1	2	2	1	1	2	2	2	1	2	2	1	2	1	1	1	2	2	1	1	1	1	1	2	1	2	2	2	1	2	1	2	1	2	1	1	1	1	1	1	2	1	1	1	2	1	2	1	1	2	1	1	2	1	1	2	2	1	1	1	1	1	1	1	1	2	1	2	2	2	1	1	1	2	2	1	1	1	1
IND036	2	2	2	1	2	2	1	1	2	2	1	1	1	1	1	2	2	2	2	1	1	1	2	2	1	1	1	1	1	1	2	2	2	1	1	2	1	2	1	1	2	1	1	1	2	1	1	1	1	1	1	1	2	1	2	2	2	2	1	2	2	1	2	1	1	2	1	2	2	1	1	1	1	1	1	1	1	2	1	1	1	1	1	1	2	2	1	1	2	2	2	1	2	1	1	1	2	2	2	2	2	1	1	1	2	1	1	1	1	1	1	1	1	1	1	1	1	2	1	1	1	2	2	2	1	1	2	2	2	1	2	2	1	1	1	1	1	2	2	1	1	1	1	1	2	1	2	2	2	2	1	2	2	1	2	1	1	1	1	1	1	2	2	1	1	2	1	2	1	1	2	1	1	2	1	2	1	2	1	1	1	1	1	1	1	1	1	1	2	2	2	1	1	1	2	1	1	1	1	2
IND037	2	2	1	1	2	2	1	1	2	2	1	1	1	1	2	2	1	2	2	1	1	1	2	2	1	1	2	1	2	1	2	2	2	1	2	2	1	2	2	1	2	1	1	1	2	1	1	1	1	1	2	1	2	2	2	1	1	1	2	2	2	2	1	1	2	2	1	2	2	1	1	1	1	1	1	1	1	1	1	1	1	1	1	1	2	2	1	1	1	2	1	1	2	1	1	1	2	1	2	2	2	1	1	1	2	1	1	1	1	2	1	2	1	1	1	1	1	2	1	1	2	1	2	2	1	1	2	1	2	1	2	2	1	2	1	1	1	2	2	1	1	1	1	1	2	1	2	1	2	2	2	1	1	1	2	1	1	1	1	1	2	2	2	1	1	2	1	2	2	1	2	2	2	2	1	1	2	2	1	1	1	1	1	1	1	1	2	1	2	1	2	1	2	1	2	1	1	1	1	1
IND038	2	2	1	1	2	2	1	1	2	2	1	1	1	1	1	2	2	2	2	2	1	1	2	2	1	1	2	1	1	2	1	2	1	1	2	1	1	2	1	1	2	1	1	1	2	2	1	2	1	2	2	2	2	1	2	2	2	1	2	2	2	2	2	1	2	2	1	1	1	2	1	2	1	2	1	1	1	2	1	1	2	1	1	1	2	2	1	1	1	2	2	1	2	2	1	1	2	2	2	2	2	1	1	1	2	1	1	1	1	2	1	2	1	1	2	1	1	2	1	1	1	1	2	2	1	1	2	1	2	1	2	2	1	1	1	1	1	2	2	1	1	1	1	1	2	1	2	2	2	1	1	1	1	1	2	1	1	1	1	1	1	1	2	1	1	2	1	2	2	1	2	2	1	2	1	2	2	2	1	1	1	1	1	1	1	1	1	1	2	1	2	1	1	1	2	1	1	1	1	2
IND039	1	1	2	1	2	2	1	2	2	1	1	1	1	1	2	2	1	2	2	2	1	1	2	2	1	1	1	1	2	2	1	2	1	1	2	2	1	2	2	1	2	1	1	1	2	1	1	1	1	1	1	2	2	1	2	1	1	2	1	2	1	1	2	1	1	2	1	1	1	1	1	1	1	1	1	1	1	1	1	1	1	1	1	2	2	2	1	1	2	2	2	1	2	2	1	1	2	2	2	2	2	1	1	1	2	1	1	1	1	1	1	2	1	1	2	1	1	2	1	1	2	1	2	2	1	1	2	1	2	1	2	1	1	2	1	1	1	2	2	1	1	1	1	1	2	1	2	2	2	1	1	2	2	1	2	1	1	1	1	1	1	1	1	1	1	2	1	1	1	1	2	1	1	2	1	1	2	2	1	1	1	1	1	1	1	1	1	1	2	2	2	1	1	1	2	1	1	1	1	1
IND040	1	2	1	1	2	2	1	2	2	2	2	1	1	1	1	2	2	2	2	1	1	1	2	1	1	1	2	1	2	2	1	2	2	1	2	1	1	2	2	1	2	1	1	1	2	1	1	1	1	2	2	1	2	1	2	1	2	2	1	1	2	2	1	1	1	2	1	2	1	2	1	2	1	2	1	1	1	1	2	1	1	1	1	1	1	2	1	1	1	2	1	1	2	2	1	1	2	1	2	2	2	1	1	1	2	1	1	1	1	1	1	2	1	1	1	1	1	1	1	1	2	1	2	2	1	1	2	2	2	1	2	1	1	2	1	1	1	2	2	1	1	1	1	1	2	1	2	1	2	1	1	1	2	1	2	1	1	1	1	1	2	2	2	1	1	2	1	1	1	1	2	1	1	2	1	2	2	2	1	1	1	1	1	1	1	1	2	1	2	2	2	1	2	1	2	1	2	1	1	2
IND041	1	2	2	2	1	1	1	2	1	1	2	2	1	1	1	1	1	1	1	2	1	1	2	1	1	1	1	1	1	2	1	2	2	1	1	1	1	2	1	1	1	1	2	1	1	2	1	2	1	1	1	1	1	2	2	2	1	2	1	1	2	1	2	2	2	1	1	1	1	2	1	2	1	1	1	1	1	2	1	1	1	1	1	1	1	2	1	1	2	2	1	1	1	2	1	1	2	1	1	1	2	1	1	1	1	2	2	1	1	1	1	2	1	1	1	1	1	1	1	1	1	1	1	1	2	2	1	2	2	1	1	1	1	2	1	2	2	1	1	2	1	1	1	1	1	1	2	2	1	1	1	1	1	1	1	1	1	1	1	2	1	2	2	1	1	1	2	2	1	1	1	1	1	1	1	1	2	1	2	1	2	1	2	1	1	1	1	2	1	1	1	1	2	1	1	1	1	1	1	1
IND042	1	1	2	1	1	1	1	2	1	1	2	1	1	1	1	1	1	1	1	2	1	1	2	1	2	1	2	1	1	2	1	2	2	1	2	1	1	2	1	1	1	1	2	1	1	2	2	2	1	1	1	1	1	1	2	1	2	2	1	1	2	1	2	2	2	1	1	1	1	2	1	2	1	1	1	1	1	1	1	1	1	1	1	1	2	2	1	2	2	2	2	1	1	2	1	1	2	1	1	2	1	1	1	2	1	2	2	1	1	1	1	2	1	1	1	1	1	1	1	1	1	1	1	1	1	2	2	2	2	1	1	1	1	2	1	2	2	1	1	1	1	1	1	1	1	1	2	2	1	1	1	1	1	1	2	1	1	1	1	2	1	2	1	1	1	1	2	2	1	1	1	1	1	1	2	1	2	1	2	1	2	1	2	1	1	1	1	1	1	1	1	1	1	1	2	1	1	1	1	1
IND043	1	1	2	2	1	1	1	2	1	1	2	1	1	1	1	1	1	1	1	2	1	1	2	1	2	1	1	1	1	2	1	2	2	1	1	1	1	1	2	1	1	1	2	1	1	2	2	2	1	1	1	1	1	1	1	2	1	2	1	1	2	1	2	2	2	1	1	1	1	2	1	2	1	1	1	1	1	1	1	1	1	1	1	1	1	2	1	2	1	2	2	1	1	1	1	1	2	1	1	2	1	1	1	2	1	1	1	2	1	1	1	1	1	1	1	1	1	1	1	2	1	1	1	1	1	2	2	2	1	1	1	1	1	2	1	2	2	1	1	1	1	1	2	1	1	1	2	1	1	1	1	1	1	1	1	1	1	1	1	1	1	2	1	1	1	1	1	2	1	1	1	1	1	1	2	1	1	1	2	1	2	1	2	1	1	1	1	1	2	1	1	1	2	1	1	1	1	1	1	1
IND044	1	2	2	2	1	1	1	2	1	1	2	1	1	1	1	1	1	1	1	2	2	1	2	1	2	1	1	1	1	2	2	2	2	1	2	1	1	1	2	1	1	1	2	1	1	2	2	2	1	1	2	1	1	2	2	1	1	2	1	1	2	1	2	2	2	1	1	1	1	2	1	2	1	1	1	1	1	1	1	1	1	1	1	1	1	2	1	2	2	2	1	1	2	1	1	1	2	1	2	2	1	1	1	1	1	1	1	1	1	1	1	1	1	1	1	1	1	1	1	2	1	1	1	1	2	2	1	2	2	1	2	1	1	1	1	2	2	1	1	2	1	1	2	1	1	1	2	2	1	1	1	1	1	1	1	2	1	1	1	2	1	2	2	1	1	1	1	1	1	1	1	1	1	1	2	1	1	1	2	1	2	1	2	1	1	1	2	2	1	1	1	1	1	1	2	2	1	1	1	1
IND045	1	1	2	1	1	1	1	2	1	1	2	1	1	1	1	1	1	1	1	2	1	1	2	1	2	1	2	1	1	2	2	2	2	1	2	1	1	2	2	1	1	1	2	1	1	2	2	2	1	1	1	1	1	2	1	2	1	2	1	1	2	1	2	2	2	1	1	1	1	2	1	2	1	1	1	1	1	2	1	1	1	1	1	1	2	2	1	2	2	2	1	1	1	2	1	1	2	1	2	1	1	1	1	1	1	2	1	2	1	1	1	2	1	1	1	1	1	1	1	2	1	1	1	1	2	2	1	2	1	1	1	1	1	1	1	2	2	1	1	1	1	1	1	1	1	1	2	2	1	1	1	1	1	1	2	2	1	1	1	2	1	2	1	1	1	1	1	1	1	1	1	1	1	1	2	1	2	1	2	1	2	1	2	1	1	1	1	1	1	2	1	1	2	1	1	2	1	1	1	1
IND046	1	2	2	2	1	1	1	2	1	1	2	1	1	1	1	1	1	1	1	2	1	1	2	1	1	1	2	1	1	2	2	2	2	1	1	1	1	2	1	1	1	1	2	1	1	2	2	2	1	1	1	1	1	1	2	2	2	2	1	1	2	1	2	2	2	1	1	1	1	2	1	1	1	1	1	1	1	2	1	1	1	1	1	1	1	2	1	1	1	2	2	1	2	2	1	1	2	1	2	1	1	1	1	2	1	2	2	1	1	1	1	1	1	1	1	1	1	1	1	1	1	1	2	1	2	2	2	2	2	1	1	1	1	1	1	2	2	1	1	1	1	1	2	1	1	1	1	2	1	1	1	1	1	1	2	2	1	1	1	2	1	2	1	1	1	1	1	1	1	1	1	1	1	1	1	1	1	1	2	1	2	1	2	1	1	1	1	1	1	2	1	1	1	1	1	2	1	1	1	1
IND047	1	1	2	1	1	1	1	2	1	1	2	2	1	1	1	1	1	1	1	2	2	1	2	1	2	1	2	1	1	2	1	2	1	1	1	1	1	1	1	1	1	1	2	1	1	2	1	2	1	1	2	1	1	2	1	2	2	2	1	1	2	1	2	2	2	1	1	1	1	2	1	1	1	1	1	1	1	1	1	1	1	1	1	1	2	2	1	2	2	2	1	1	1	1	1	1	2	1	1	1	1	1	1	1	1	1	1	2	1	1	1	1	1	1	1	1	1	1	1	1	1	1	2	1	2	2	1	2	1	1	2	1	1	1	1	2	2	1	1	2	1	1	1	1	1	1	2	1	1	1	1	1	1	1	1	1	1	1	1	1	1	1	2	1	1	1	1	2	1	1	1	1	1	1	1	1	2	1	2	1	2	1	2	1	1	1	2	2	1	2	1	1	1	1	1	2	1	1	1	1
IND048	1	1	2	1	1	1	1	2	1	1	2	1	1	1	1	1	1	1	1	2	2	1	2	1	1	1	2	1	1	2	2	2	1	1	1	1	1	1	2	1	1	1	2	1	1	2	1	2	1	1	2	1	1	2	1	1	2	2	1	1	2	1	2	2	2	1	1	1	1	2	1	2	1	1	1	1	1	1	1	1	1	1	1	1	1	2	1	2	1	2	1	1	2	1	1	1	2	1	2	2	1	1	1	1	1	1	1	1	1	1	1	2	1	1	1	1	1	1	1	1	1	1	2	1	1	2	2	2	2	1	2	1	1	2	1	2	2	1	1	2	1	1	2	1	1	1	2	2	1	1	1	1	1	1	2	2	1	1	1	1	1	2	1	1	1	1	1	2	1	1	1	1	1	1	2	1	1	1	2	1	2	1	2	1	1	1	1	2	1	2	1	1	1	1	2	2	1	1	1	1
IND049	1	1	2	1	1	1	1	2	1	1	2	1	1	1	1	1	1	1	1	2	2	1	2	1	1	1	2	1	1	2	2	2	1	1	2	1	1	2	1	1	1	1	2	1	1	2	1	2	1	1	2	1	1	2	2	1	2	2	1	1	2	1	2	2	2	1	1	1	1	2	1	2	1	1	1	1	1	2	1	1	1	1	1	1	1	2	1	2	1	2	1	1	2	2	1	1	2	1	1	2	2	1	1	1	1	1	1	2	1	1	1	2	1	1	1	1	1	1	1	2	1	1	2	1	1	2	2	2	2	1	2	1	1	1	1	2	2	1	1	1	1	1	2	1	1	1	2	2	1	1	1	1	1	1	2	1	1	1	1	1	1	1	2	1	1	1	2	1	1	1	1	1	1	1	1	1	1	1	1	1	2	1	2	1	1	1	1	1	2	1	1	1	2	1	2	1	1	1	1	1
IND050	1	2	2	2	1	1	1	2	1	1	2	2	1	1	1	1	1	1	1	2	2	1	2	1	1	1	1	1	1	2	1	2	2	1	1	1	1	2	2	1	1	1	2	1	1	2	2	2	1	1	1	1	1	1	2	2	2	2	1	1	2	1	2	2	2	1	1	1	1	2	1	2	1	1	1	1	1	2	1	1	1	1	1	1	2	2	1	2	1	2	2	1	2	1	1	1	2	1	2	2	1	1	1	2	1	2	2	1	1	1	1	1	1	1	1	1	1	1	1	1	1	1	1	1	1	2	2	2	1	1	2	1	1	2	1	2	2	1	1	2	1	1	2	1	1	1	1	1	1	1	1	1	1	1	1	2	1	1	1	2	1	1	1	1	1	1	2	2	1	1	1	1	1	1	2	1	1	1	1	1	2	1	2	1	1	1	1	2	1	2	1	1	1	1	1	2	1	1	1	1
IND051	1	2	2	1	1	1	1	2	1	1	2	2	1	1	1	1	1	1	1	2	2	1	2	1	2	1	1	1	1	2	1	2	1	1	1	1	1	1	2	1	1	1	2	1	1	2	2	2	1	1	2	1	1	1	2	2	2	2	1	1	2	1	2	2	2	1	1	1	1	2	1	1	1	1	1	1	1	2	1	1	1	1	1	1	2	2	1	1	2	2	2	1	2	1	1	1	2	1	1	1	2	1	1	2	1	2	1	1	1	1	1	2	1	1	1	1	1	1	1	2	1	1	2	1	1	2	1	2	1	1	1	1	1	2	1	2	2	1	1	1	1	1	1	1	1	1	1	2	1	1	1	1	1	1	1	2	1	1	1	1	1	2	2	1	1	1	1	1	1	1	1	1	1	1	1	1	2	1	1	1	2	1	2	1	1	1	1	2	1	2	1	1	2	1	1	1	1	1	1	1
IND052	1	2	2	1	1	1	1	2	1	1	2	1	1	1	1	1	1	1	1	2	2	1	2	1	1	1	1	1	1	2	2	2	2	1	1	1	1	1	1	1	1	1	2	1	1	2	2	2	1	1	1	1	1	2	2	1	1	2	1	1	2	1	2	2	2	1	1	1	1	2	1	2	1	1	1	1	1	1	1	1	1	1	1	1	1	2	1	1	2	2	1	1	2	2	1	1	2	1	1	1	1	1	1	2	1	1	2	2	1	1	1	1	1	1	1	1	1	1	1	1	1	1	2	1	2	2	2	2	1	1	1	1	1	2	1	2	2	1	1	2	1	1	1	1	1	1	2	1	1	1	1	1	1	1	2	1	1	1	1	1	1	2	2	1	1	1	1	1	1	1	1	1	1	1	1	1	2	1	2	1	2	1	2	1	1	1	1	2	2	1	1	1	2	1	2	2	1	1	1	1
IND053	1	2	2	1	1	1	1	2	1	1	2	2	1	1	1	1	1	1	1	2	1	1	2	1	1	1	2	1	1	2	1	2	1	1	2	1	1	1	2	1	1	1	2	1	1	2	2	2	1	1	1	1	1	1	1	2	1	2	1	1	2	1	2	2	2	1	1	1	1	2	1	1	1	1	1	1	1	1	1	1	1	1	1	1	2	2	1	2	1	2	2	1	2	1	1	1	2	1	1	1	2	1	1	2	1	1	1	1	1	1	1	1	1	1	1	1	1	1	1	1	1	1	2	1	1	2	1	2	2	1	2	1	1	1	1	2	2	1	1	2	1	1	1	1	1	1	2	1	1	1	1	1	1	1	2	1	1	1	1	2	1	2	1	1	1	1	2	1	1	1	1	1	1	1	1	1	1	1	1	1	2	1	2	1	1	1	1	1	2	2	1	1	1	1	1	2	1	1	1	1
IND054	1	1	2	2	1	1	1	2	1	1	2	2	1	1	1	1	1	1	1	2	2	1	2	1	2	1	2	1	1	2	2	2	1	1	1	1	1	2	1	1	1	1	2	1	1	2	2	2	1	1	1	1	1	2	2	1	2	2	1	1	2	1	2	2	2	1	1	1	1	2	1	2	1	1	1	1	1	1	1	1	1	1	1	1	1	2	1	1	1	2	2	1	2	2	1	1	2	1	2	2	2	1	1	2	1	2	2	2	1	1	1	2	1	1	1	1	1	1	1	1	1	1	1	1	1	2	2	2	1	1	2	1	1	1	1	2	2	1	1	1	1	1	1	1	1	1	2	1	1	1	1	1	1	1	1	1	1	1	1	1	1	2	1	1	1	1	1	1	1	1	1	1	1	1	2	1	2	1	2	1	2	1	2	1	1	1	2	1	2	1	1	1	1	1	1	1	1	1	1	1
IND055	1	2	2	2	1	1	1	2	1	1	2	2	1	1	1	1	1	1	1	2	2	1	2	1	1	1	2	1	1	2	2	2	2	1	2	1	1	1	2	1	1	1	2	1	1	2	2	2	1	1	1	1	1	2	1	1	2	2	1	1	2	1	2	2	2	1	1	1	1	2	1	1	1	1	1	1	1	2	1	1	1	1	1	1	1	2	1	1	1	2	2	1	2	2	1	1	2	1	2	2	1	1	1	1	1	2	1	1	1	1	1	1	1	1	1	1	1	1	1	1	1	1	1	1	2	2	2	2	2	1	1	1	1	1	1	2	2	1	1	1	1	1	1	1	1	1	2	1	1	1	1	1	1	1	1	2	1	1	1	1	1	2	1	1	1	1	1	1	1	1	1	1	1	1	2	1	1	1	1	1	2	1	2	1	1	1	2	1	2	1	1	1	2	1	1	2	1	1	1	1
IND056	1	2	2	2	1	1	1	2	1	1	2	2	1	1	1	1	1	1	1	2	2	1	2	1	2	1	1	1	1	2	1	2	2	1	2	1	1	1	1	1	1	1	2	1	1	2	1	2	1	1	1	1	1	2	2	2	1	2	1	1	2	1	2	2	2	1	1	1	1	2	1	1	1	1	1	1	1	1	1	1	1	1	1	1	1	2	1	2	2	2	1	1	1	2	1	1	2	1	2	1	2	1	1	2	1	1	1	1	1	1	1	2	1	1	1	1	1	1	1	1	1	1	1	1	1	2	1	2	1	1	1	1	1	2	1	2	2	1	1	2	1	1	2	1	1	1	2	1	1	1	1	1	1	1	2	2	1	1	1	1	1	1	2	1	1	1	1	1	1	1	1	1	1	1	2	1	1	1	2	1	2	1	2	1	1	1	2	2	1	2	1	1	2	1	1	1	1	1	1	1
IND057	1	1	2	1	1	1	1	2	1	1	2	1	1	1	1	1	1	1	1	2	2	1	2	1	1	1	2	1	1	2	1	2	2	1	2	1	1	1	2	1	1	1	2	1	1	2	1	2	1	1	2	1	1	2	2	1	1	2	1	1	2	1	2	2	2	1	1	1	1	2	1	1	1	1	1	1	1	2	1	1	1	1	1	1	1	2	1	1	2	2	1	1	1	1	1	1	2	1	1	2	2	1	1	1	1	1	1	1	1	1	1	1	1	1	1	1	1	1	1	2	1	1	2	1	1	2	2	2	2	1	2	1	1	1	1	2	2	1	1	1	1	1	1	1	1	1	1	1	1	1	1	1	1	1	1	2	1	1	1	2	1	1	2	1	1	1	1	1	1	1	1	1	1	1	2	1	2	1	2	1	2	1	2	1	1	1	1	1	1	2	1	1	1	1	1	2	1	1	1	1
IND058	1	2	2	1	1	1	1	2	1	1	2	1	1	1	1	1	1	1	1	2	2	1	2	1	2	1	1	1	1	2	1	2	2	1	1	1	1	2	1	1	1	1	2	1	1	2	1	2	1	1	2	1	1	2	2	2	2	2	1	1	2	1	2	2	2	1	1	1	1	2	1	1	1	1	1	1	1	2	1	1	1	1	1	1	1	2	1	2	2	2	2	1	2	1	1	1	2	1	1	2	1	1	1	1	1	1	1	2	1	1	1	1	1	1	1	1	1	1	1	1	1	1	1	1	1	2	2	2	2	1	2	1	1	2	1	2	2	1	1	2	1	1	2	1	1	1	1	2	1	1	1	1	1	1	2	2	1	1	1	1	1	1	1	1	1	1	1	2	1	1	1	1	1	1	1	1	1	1	2	1	2	1	2	1	1	1	2	2	2	2	1	1	2	1	2	1	1	1	1	1
IND059	1	1	2	2	1	1	1	2	1	1	2	2	1	1	1	1	1	1	1	2	1	1	2	1	2	1	2	1	1	2	2	2	2	1	2	1	1	2	2	1	1	1	2	1	1	2	2	2	1	1	2	1	1	1	2	2	2	2	1	1	2	1	2	2	2	1	1	1	1	2	1	1	1	1	1	1	1	2	1	1	1	1	1	1	1	2	1	1	1	2	1	1	2	2	1	1	2	1	2	1	2	1	1	2	1	1	1	2	1	1	1	2	1	1	1	1	1	1	1	2	1	1	1	1	1	2	2	2	1	1	1	1	1	1	1	2	2	1	1	2	1	1	2	1	1	1	2	2	1	1	1	1	1	1	2	1	1	1	1	1	1	1	1	1	1	1	1	1	1	1	1	1	1	1	1	1	2	1	1	1	2	1	2	1	1	1	2	2	2	1	1	1	1	1	2	2	1	1	1	1
IND060	1	2	2	2	1	1	1	2	1	1	2	1	1	1	1	1	1	1	1	2	1	1	2	1	1	1	2	1	1	2	2	2	2	1	1	1	1	2	1	1	1	1	2	1	1	2	1	2	1	1	2	1	1	2	2	1	1	2	1	1	2	1	2	2	2	1	1	1	1	2	1	1	1	1	1	1	1	1	1	1	1	1	1	1	1	2	1	1	1	2	1	1	2	2	1	1	2	1	1	2	2	1	1	1	1	2	1	2	1	1	1	2	1	1	1	1	1	1	1	2	1	1	1	1	2	2	1	2	2	1	1	1	1	2	1	2	2	1	1	2	1	1	1	1	1	1	1	1	1	1	1	1	1	1	1	1	1	1	1	1	1	1	1	1	1	1	2	1	1	1	1	1	1	1	1	1	1	1	2	1	2	1	2	1	1	1	1	1	1	2	1	1	2	1	2	2	1	1	1	1
IND061	2	1	2	1	2	1	1	2	1	2	2	2	2	1	1	1	1	1	1	1	2	2	1	1	2	1	2	1	2	1	2	1	2	1	1	1	1	1	2	2	1	1	2	1	2	2	1	1	1	2	1	1	1	1	1	1	1	1	2	2	2	1	1	1	1	1	1	2	1	2	1	1	1	1	1	1	1	1	2	1	2	1	2	1	1	1	1	1	1	1	1	2	1	2	1	1	2	2	1	2	1	1	1	1	1	2	2	2	1	1	1	2	1	1	1	2	1	2	2	1	1	1	2	2	1	1	1	1	1	1	1	1	1	2	1	1	2	1	1	1	1	1	1	1	1	1	1	2	1	2	2	1	1	1	1	2	1	1	2	1	2	1	1	1	1	1	1	1	2	1	2	2	1	1	1	1	2	1	1	1	1	2	2	1	2	2	1	1	1	1	1	2	1	1	1	1	2	2	2	2
IND062	2	1	1	1	2	2	1	2	2	2	2	2	1	1	1	1	1	2	1	2	2	1	1	2	2	1	2	1	1	1	1	1	2	1	1	1	2	1	2	2	1	1	2	1	2	2	1	2	1	2	1	1	1	1	1	2	1	2	1	1	2	1	1	2	1	1	2	2	1	1	1	2	1	1	1	1	1	1	2	1	2	1	2	1	1	1	1	1	1	2	1	2	1	2	1	2	2	1	1	2	1	1	1	2	1	2	1	2	1	1	1	2	2	1	1	2	1	1	1	1	2	1	1	1	2	1	2	1	1	2	1	1	1	2	1	1	1	1	1	1	1	1	1	1	1	1	1	2	1	2	2	1	1	1	1	2	1	1	2	1	1	2	1	1	2	1	1	1	2	1	2	1	1	1	2	1	2	1	1	1	2	1	2	1	2	1	1	1	2	1	2	2	1	1	1	2	2	1	2	2
IND063	2	1	2	1	1	2	1	2	2	2	2	2	2	1	1	1	1	2	1	2	1	1	1	1	2	1	1	1	2	1	1	1	2	1	2	1	2	1	1	1	1	1	2	1	1	2	1	2	1	1	1	2	1	1	1	1	1	2	1	2	1	1	1	2	1	1	1	2	1	2	1	1	1	1	1	2	1	1	2	1	1	1	2	2	1	1	1	2	1	1	1	1	1	2	1	1	2	2	1	1	1	1	1	2	1	1	2	1	1	1	1	2	1	1	1	1	1	2	1	1	1	1	2	1	1	1	2	1	1	1	2	1	1	2	1	1	1	2	1	1	1	1	1	1	1	1	1	2	1	2	1	1	1	1	1	1	1	1	2	2	2	1	1	1	2	1	1	1	2	1	2	2	1	1	2	1	1	1	1	1	1	1	2	1	1	1	1	1	1	2	1	2	1	1	1	2	2	2	2	2
IND064	2	1	1	1	1	2	1	2	2	2	2	2	2	1	1	1	1	1	1	2	1	2	1	2	2	1	2	1	2	1	1	1	2	1	1	1	2	1	2	1	1	1	2	1	1	2	1	2	1	1	1	2	1	1	1	1	1	1	2	2	1	1	1	1	1	1	1	2	1	2	1	2	1	1	1	1	1	1	2	2	2	1	2	1	2	2	1	2	1	1	1	2	1	2	1	2	2	1	1	2	1	1	1	1	1	2	2	1	1	1	1	2	2	1	1	1	1	1	2	1	1	1	1	1	2	1	1	1	1	2	2	1	1	2	1	1	2	1	1	1	1	1	1	1	1	1	1	2	2	2	1	1	1	1	1	2	1	1	2	1	2	2	1	1	1	1	1	1	2	1	2	2	1	1	2	1	1	1	1	1	1	1	2	1	1	2	1	1	2	1	1	2	1	1	1	2	2	1	2	2
IND065	2	1	2	1	1	2	1	2	2	2	2	2	1	1	1	1	1	2	1	2	1	1	2	1	2	1	1	1	1	1	2	1	2	1	2	1	2	1	1	2	1	1	2	1	1	2	1	1	1	1	1	2	1	1	1	2	1	2	2	2	1	2	1	1	1	1	1	2	1	1	1	1	1	1	1	1	1	1	2	1	2	1	2	2	1	1	1	2	1	2	1	1	1	2	1	2	2	1	1	1	1	1	1	1	1	1	2	2	1	1	1	2	2	1	1	2	1	1	2	1	2	1	2	1	1	1	2	1	1	1	2	1	1	2	1	1	2	1	1	1	1	1	1	1	1	1	1	2	2	2	1	1	1	1	1	1	1	1	2	1	1	2	1	1	2	1	1	1	2	1	2	2	1	1	1	1	2	1	1	1	2	1	2	1	1	1	1	1	1	2	1	2	1	1	1	2	2	1	2	2
IND066	1	1	1	1	1	2	1	2	2	2	2	1	1	1	1	1	1	1	1	2	1	1	2	1	2	1	2	1	1	2	2	1	2	1	1	1	2	1	1	1	1	1	2	1	1	2	1	2	1	1	1	2	1	1	1	2	1	2	2	2	1	2	1	1	1	1	2	2	1	1	1	2	1	1	1	1	1	1	2	1	1	1	2	1	2	2	1	2	1	1	1	1	1	2	1	1	2	2	1	2	1	1	1	1	1	1	2	1	1	1	1	2	2	1	1	2	1	2	1	1	1	1	2	2	2	1	1	1	1	1	2	1	1	2	1	1	1	2	1	1	1	2	1	1	1	1	1	2	2	2	1	1	1	1	1	2	1	1	2	1	1	2	1	1	1	1	1	1	2	1	2	1	1	1	1	1	2	1	1	1	2	1	2	1	1	2	1	1	1	1	1	2	1	1	1	2	2	1	2	2
IND067	2	1	1	1	2	1	1	2	1	2	2	1	1	1	1	1	1	2	1	2	1	2	1	1	2	1	2	1	2	2	2	1	2	1	2	1	2	1	2	1	1	1	2	1	1	2	1	2	1	2	1	1	1	1	1	1	1	1	2	1	1	2	1	2	1	1	2	2	1	1	1	1	1	1	1	1	1	1	2	1	1	1	2	1	2	1	1	2	1	1	1	2	1	2	1	2	2	1	1	2	1	1	1	1	1	1	2	1	1	1	1	2	1	1	1	1	1	1	2	1	1	1	2	1	2	1	1	1	1	1	2	1	1	2	1	1	1	1	2	1	1	2	1	1	1	1	1	2	1	2	2	1	1	1	1	2	1	1	2	1	2	2	1	1	1	1	1	1	2	1	2	2	1	1	2	1	1	1	1	1	1	2	2	1	2	2	1	1	1	2	1	1	1	1	1	2	2	2	2	2
IND068	1	1	2	1	1	2	1	2	1	2	2	2	1	1	1	1	1	2	1	1	1	2	2	2	2	1	1	1	1	1	2	1	2	1	2	1	1	1	1	2	1	1	2	1	2	2	1	2	1	1	1	1	1	1	1	2	1	1	1	2	1	1	1	2	1	1	1	2	1	1	1	1	1	1	1	1	1	1	2	2	1	1	2	1	2	2	1	2	1	1	1	2	1	2	1	1	2	2	1	1	1	1	1	2	1	2	1	2	1	1	1	2	2	1	1	1	1	2	1	1	2	1	1	1	2	1	2	1	1	2	1	1	1	2	1	1	1	2	2	1	1	1	1	1	1	1	1	2	1	2	1	1	1	1	1	1	1	1	2	1	2	1	1	1	2	1	1	1	2	1	2	1	1	1	1	1	1	1	1	1	1	2	2	1	2	2	1	1	1	2	2	1	1	1	1	1	2	2	2	2
IND069	2	1	1	1	1	2	1	2	2	2	2	1	2	1	1	1	1	1	1	2	2	1	1	2	2	1	2	1	1	2	1	1	2	1	1	1	2	1	1	2	1	1	2	1	2	2	1	1	1	1	1	1	1	1	1	2	1	1	1	2	1	1	1	2	1	1	1	2	1	1	1	2	1	1	1	2	1	1	2	2	1	1	2	1	2	2	1	1	1	2	1	1	1	2	1	2	2	2	1	1	1	1	1	1	1	1	1	1	1	1	1	2	2	1	1	1	1	2	1	1	2	1	2	2	1	1	1	1	1	2	2	1	1	2	1	1	1	1	2	1	1	2	1	1	1	1	1	2	1	2	1	1	1	1	1	1	1	1	2	1	1	2	1	1	2	1	1	1	2	1	2	2	1	1	1	1	1	1	1	1	2	1	2	1	1	1	1	1	1	2	2	2	1	1	1	1	2	2	2	2
IND070	2	1	1	1	1	2	1	2	2	2	2	2	2	1	1	1	1	2	1	2	2	2	1	2	2	1	2	1	2	2	1	1	2	1	2	1	1	1	2	1	1	1	2	1	2	2	1	1	1	1	1	2	1	1	1	1	1	1	2	1	1	1	1	1	1	1	1	2	1	1	1	2	1	1	1	1	1	1	2	2	1	1	2	1	1	2	1	1	1	2	1	1	1	2	1	1	2	2	1	1	1	1	1	1	1	2	1	1	1	1	1	2	1	1	1	2	1	2	1	1	2	1	2	2	2	1	1	1	1	2	2	1	1	2	1	1	2	1	1	1	1	1	1	1	1	1	1	2	1	2	1	1	1	1	1	2	1	1	2	2	1	2	1	1	2	1	1	1	2	1	2	1	1	1	2	1	1	1	1	1	2	1	2	1	2	2	1	1	2	1	1	1	1	1	1	2	2	2	2	2
IND071	1	1	1	1	1	1	1	2	1	2	2	1	1	1	1	1	1	2	1	2	1	1	2	2	2	1	2	1	1	2	2	1	2	1	2	1	2	1	1	1	1	1	2	1	2	2	1	1	1	1	1	1	1	1	1	1	1	1	1	2	1	2	1	1	1	1	2	2	1	2	1	2	1	1	1	1	1	1	2	2	2	1	2	2	1	2	1	1	1	2	1	2	1	2	1	2	2	2	1	1	1	1	1	2	1	2	2	2	1	1	1	2	2	1	1	1	1	1	1	1	2	1	2	2	2	1	2	1	1	2	2	1	1	2	1	1	1	1	2	1	1	1	1	1	1	1	1	2	1	2	1	1	1	1	1	2	1	1	2	1	1	1	1	1	1	1	1	1	2	1	2	1	1	1	2	1	1	1	1	1	1	2	2	1	2	2	1	1	2	2	1	1	1	1	1	1	2	2	2	2
IND072	1	1	1	1	2	1	1	2	1	2	2	1	1	1	1	1	1	1	1	1	1	2	2	1	2	1	2	1	2	2	2	1	2	1	2	1	2	1	1	2	1	1	2	1	2	2	1	1	1	2	1	1	1	1	1	2	1	2	1	1	2	1	1	1	1	1	2	2	1	1	1	1	1	1	1	2	1	1	2	2	1	1	2	1	2	2	1	1	1	1	1	2	1	2	1	2	2	1	1	2	1	1	1	2	1	2	2	1	1	1	1	2	1	1	1	1	1	2	2	1	1	1	1	2	2	1	1	1	1	2	1	1	1	2	1	1	1	2	1	1	1	2	1	1	1	1	1	2	1	2	1	1	1	1	1	2	1	1	2	2	2	2	1	1	1	1	1	1	2	1	2	1	1	1	1	1	1	1	1	1	1	1	2	1	2	1	1	1	2	2	1	2	1	1	1	1	2	2	2	2
IND073	2	1	2	1	1	2	1	2	1	2	2	1	2	1	1	1	1	1	1	2	1	1	1	2	2	1	2	1	1	2	2	1	2	1	1	1	2	1	2	2	1	1	2	1	1	2	1	2	1	1	1	2	1	1	1	2	1	2	1	2	1	1	1	1	1	1	2	2	1	2	1	1	1	1	1	1	1	1	2	1	2	1	2	2	1	1	1	2	1	2	1	1	1	2	1	2	2	2	1	2	1	1	1	1	1	2	2	1	1	1	1	2	2	1	1	2	1	2	1	1	2	1	2	1	1	1	1	1	1	1	2	1	1	2	1	1	2	1	2	1	1	1	1	1	1	1	1	2	2	2	2	1	1	1	1	1	1	1	2	1	1	2	1	1	1	1	1	1	2	1	2	2	1	1	1	1	2	1	1	1	1	2	2	1	1	2	1	1	2	2	2	2	1	1	1	2	2	1	2	2
IND074	1	1	2	1	1	2	1	2	1	2	2	2	2	1	1	1	1	2	1	1	2	1	2	1	2	1	2	1	1	1	2	1	2	1	2	1	2	1	2	2	1	1	2	1	1	2	1	1	1	1	1	1	1	1	1	2	1	2	2	2	2	1	1	1	1	1	1	2	1	2	1	2	1	1	1	2	1	1	2	1	2	1	2	2	1	2	1	2	1	1	1	1	1	2	1	2	2	2	1	2	1	1	1	1	1	1	1	2	1	1	1	2	2	1	1	1	1	1	1	1	1	1	1	2	2	1	1	1	1	1	1	1	1	2	1	1	1	2	1	1	1	1	1	1	1	1	1	2	1	2	2	1	1	1	1	1	1	1	2	1	1	2	1	1	1	1	1	1	2	1	2	1	1	1	1	1	2	1	1	1	2	2	2	1	1	1	1	1	1	1	2	1	1	1	1	1	2	2	2	2
IND075	2	1	2	1	1	2	1	2	2	2	2	2	2	1	1	1	1	2	1	2	1	2	2	1	2	1	2	1	2	1	2	1	2	1	1	1	1	1	2	1	1	1	2	1	1	2	1	2	1	2	1	1	1	1	1	2	1	2	1	1	2	2	1	1	1	1	2	2	1	2	1	2	1	1	1	2	1	1	2	1	1	1	2	2	2	2	1	2	1	2	1	1	1	2	1	1	2	2	1	2	1	1	1	1	1	2	1	1	1	1	1	2	1	1	1	2	1	2	2	1	2	1	2	2	1	1	2	1	1	1	2	1	1	2	1	1	1	1	1	1	1	2	1	1	1	1	1	2	1	2	1	1	1	1	1	2	1	1	2	2	2	2	1	1	1	1	1	1	2	1	2	2	1	1	1	1	2	1	1	1	2	1	2	1	2	2	1	1	1	2	2	2	1	1	1	2	2	2	2	2
IND076	2	1	1	1	1	1	1	2	1	2	2	2	1	1	1	1	1	2	1	1	2	1	1	1	2	1	1	1	1	2	2	1	2	1	2	1	2	1	1	2	1	1	2	1	2	2	1	1	1	1	1	2	1	1	1	2	1	1	2	1	2	2	1	2	1	1	2	2	1	1	1	2	1	1	1	2	1	1	2	2	2	1	2	2	1	1	1	2	1	1	1	2	1	2	1	1	2	2	1	2	1	1	1	2	1	2	2	2	1	1	1	2	1	1	1	2	1	1	1	1	1	1	1	1	1	1	1	1	1	2	2	1	1	2	1	1	2	1	1	1	1	1	1	1	1	1	1	2	1	2	1	1	1	1	1	1	1	1	2	1	1	2	1	1	1	1	1	1	2	1	2	1	1	1	2	1	1	1	1	1	2	2	2	1	2	2	1	1	2	1	2	1	1	1	1	2	2	1	2	2
IND077	1	1	2	1	2	1	1	2	1	2	2	1	1	1	1	1	1	1	1	2	1	1	1	2	2	1	2	1	1	2	2	1	2	1	2	1	1	1	2	2	1	1	2	1	2	2	1	2	1	2	1	2	1	1	1	2	1	1	2	1	2	1	1	1	1	1	1	2	1	1	1	2	1	1	1	2	1	1	2	2	2	1	2	2	2	2	1	2	1	1	1	2	1	2	1	2	2	1	1	2	1	1	1	2	1	2	1	1	1	1	1	2	2	1	1	1	1	1	2	1	1	1	1	1	2	1	2	1	1	1	2	1	1	2	1	1	1	2	1	1	1	1	1	1	1	1	1	2	1	2	2	1	1	1	1	1	1	1	2	1	2	2	1	1	2	1	1	1	2	1	2	2	1	1	1	1	2	1	1	1	1	2	2	1	1	2	1	1	1	2	2	2	1	1	1	2	2	1	2	2
IND078	2	1	1	1	2	1	1	2	2	2	2	1	2	1	1	1	1	2	1	1	2	1	1	1	2	1	2	1	1	2	2	1	2	1	2	1	1	1	2	2	1	1	2	1	1	2	1	2	1	2	1	2	1	1	1	1	1	2	2	1	2	1	1	1	1	1	2	2	1	1	1	1	1	1	1	2	1	1	2	1	1	1	2	1	1	2	1	2	1	2	1	1	1	2	1	1	2	2	1	1	1	1	1	2	1	2	1	2	1	1	1	2	2	1	1	2	1	1	1	1	1	1	1	2	1	1	1	1	1	1	2	1	1	2	1	1	2	2	1	1	1	2	1	1	1	1	1	2	1	2	2	1	1	1	1	1	1	1	2	2	1	1	1	1	2	1	1	1	2	1	2	1	1	1	1	1	2	1	1	1	1	2	2	1	2	1	1	1	1	1	2	1	1	1	1	2	2	1	2	2
IND079	2	1	1	1	2	2	1	2	2	2	2	2	2	1	1	1	1	2	1	1	1	2	1	1	2	1	1	1	2	1	2	1	2	1	2	1	2	1	2	1	1	1	2	1	1	2	1	2	1	1	1	1	1	1	1	2	1	2	1	1	1	1	1	2	1	1	2	2	1	2	1	2	1	1	1	1	1	1	2	2	1	1	2	1	1	1	1	2	1	2	1	1	1	2	1	1	2	1	1	1	1	1	1	1	1	1	2	1	1	1	1	2	1	1	1	2	1	1	2	1	2	1	2	1	2	1	2	1	1	2	1	1	1	2	1	1	2	2	2	1	1	1	1	1	1	1	1	2	2	2	1	1	1	1	1	1	1	1	2	1	1	2	1	1	1	1	1	1	2	1	2	1	1	1	1	1	1	1	1	1	1	2	2	1	2	2	1	1	1	2	2	2	1	1	1	2	2	1	2	2
IND080	1	1	2	1	2	2	1	2	1	2	2	2	2	1	1	1	1	1	1	2	1	2	1	2	2	1	1	1	1	2	1	1	2	1	1	1	1	1	2	1	1	1	2	1	2	2	1	2	1	1	1	1	1	1	1	2	1	2	2	1	2	2	1	2	1	1	2	2	1	2	1	2	1	1	1	2	1	1	2	1	1	1	2	2	1	2	1	1	1	1	1	1	1	2	1	1	2	1	1	1	1	1	1	2	1	1	2	1	1	1	1	2	2	1	1	1	1	1	1	1	2	1	1	2	1	1	2	1	1	1	1	1	1	2	1	1	1	1	2	1	1	2	1	1	1	1	1	2	2	2	1	1	1	1	1	2	1	1	2	1	1	1	1	1	1	1	1	1	2	1	2	2	1	1	1	1	2	1	1	1	2	2	2	1	2	2	1	1	2	2	1	1	1	1	1	2	2	2	2	2
IND081	1	2	1	1	2	1	2	1	1	2	1	1	2	1	2	1	1	1	2	2	1	1	1	1	1	1	1	1	1	1	1	2	1	2	1	1	2	1	1	2	1	1	2	1	2	1	1	1	1	2	1	1	1	1	1	2	2	1	1	1	1	2	2	1	1	2	1	1	1	2	1	1	1	2	1	2	2	1	2	1	2	1	1	1	1	2	1	2	1	2	1	1	2	2	1	2	1	1	2	2	1	1	1	1	1	2	1	2	1	2	1	1	2	1	1	1	1	2	1	2	2	2	1	1	1	1	1	1	1	1	2	1	2	1	1	2	1	1	2	1	1	1	2	1	2	1	1	1	1	1	1	2	1	1	1	1	2	1	1	1	2	1	1	1	1	1	2	1	1	1	1	1	1	1	1	1	1	2	1	1	1	1	1	1	1	1	1	2	1	1	1	2	1	1	1	2	2	1	2	1
IND082	1	2	2	1	1	1	1	1	1	2	1	1	2	1	2	1	1	1	1	1	2	1	2	1	1	1	1	1	1	1	1	2	1	2	1	1	2	2	1	1	1	1	1	1	1	1	1	1	1	2	1	1	1	1	1	2	2	1	1	1	1	1	2	2	1	1	1	1	1	2	1	1	1	2	1	1	2	1	2	1	2	1	1	1	1	2	1	2	1	2	1	1	2	1	1	2	2	1	2	1	2	2	2	1	1	2	2	2	1	1	1	2	1	1	1	1	1	2	1	2	1	2	1	1	1	2	1	2	1	1	2	1	2	1	1	2	1	1	1	1	1	1	2	1	1	1	1	1	1	1	1	2	1	1	2	2	2	1	1	1	2	1	2	1	1	1	2	1	1	1	1	1	2	1	1	1	2	2	1	1	1	1	2	1	1	1	1	2	1	1	2	2	1	1	1	2	1	1	2	1
IND083	1	1	1	1	1	1	2	1	1	2	1	1	2	1	2	1	1	1	1	1	2	1	2	1	1	1	1	1	1	1	1	2	1	2	1	1	2	2	1	2	1	1	1	2	1	1	1	1	1	1	1	1	1	2	1	2	2	1	1	1	1	2	2	1	1	1	1	1	1	1	1	1	1	1	2	2	2	1	2	1	2	1	1	1	1	1	1	2	1	2	1	1	2	1	1	2	2	1	2	2	1	1	2	1	2	2	2	2	1	1	1	1	1	1	1	1	1	2	1	1	2	2	1	1	1	1	1	2	1	1	2	2	2	1	1	2	1	1	2	1	1	2	2	1	1	1	2	1	1	1	1	2	1	1	2	2	2	1	2	1	2	1	2	1	1	1	1	2	1	1	1	1	1	1	1	1	1	2	2	1	1	1	2	1	1	1	1	2	1	1	2	2	1	1	1	1	1	1	2	1
IND084	1	1	2	1	2	1	2	1	1	2	1	1	1	1	2	1	1	1	2	2	1	1	2	1	1	1	1	1	1	1	1	2	1	2	1	1	2	2	1	2	1	1	2	1	1	1	1	1	1	2	1	1	1	2	1	2	2	1	1	1	1	1	2	1	1	2	1	1	1	1	1	1	1	2	2	1	2	1	2	1	1	1	1	1	1	1	1	2	1	2	1	1	2	1	1	2	2	1	2	1	1	2	2	1	1	2	1	2	1	2	1	2	1	1	1	1	1	2	1	2	2	2	1	1	2	1	1	1	1	1	1	2	2	1	1	1	1	1	1	1	1	1	2	1	2	1	2	2	1	1	1	2	1	1	1	2	2	1	2	1	1	1	2	1	2	2	2	1	1	1	1	1	2	1	1	1	1	2	1	1	1	2	1	1	1	1	1	2	1	1	2	2	1	1	1	1	2	1	2	1
IND085	1	1	1	1	1	1	1	1	1	2	1	1	1	1	2	1	1	1	1	2	2	1	2	1	1	1	1	1	1	1	1	1	1	2	1	1	2	2	1	2	1	1	2	2	2	1	1	1	1	2	1	1	1	2	1	2	2	1	1	1	1	2	2	1	1	1	1	1	1	1	1	1	1	2	1	2	2	1	2	1	2	1	1	1	1	1	1	2	1	2	1	1	2	2	1	1	1	1	1	1	1	2	2	1	1	2	2	2	1	1	1	1	1	1	1	1	1	2	1	1	2	1	1	1	1	1	1	1	1	1	2	1	2	1	1	1	1	1	2	1	1	2	2	1	2	1	1	1	1	1	1	2	1	1	2	1	1	1	2	1	1	1	1	1	2	1	2	1	1	1	1	1	2	1	1	1	2	1	2	1	1	1	1	1	1	1	1	2	1	1	2	2	1	1	1	1	1	1	2	1
IND086	1	2	2	1	1	1	1	1	1	2	1	1	2	1	2	1	1	1	2	1	1	1	2	1	1	1	1	1	1	1	1	1	1	1	1	1	2	2	1	1	1	1	2	1	2	1	1	1	1	1	1	1	1	2	1	2	2	1	1	1	1	1	2	1	1	1	1	1	1	1	1	1	1	1	1	1	2	1	2	1	1	1	1	1	1	2	1	2	1	2	1	1	2	2	1	1	1	2	2	1	2	1	2	1	1	2	1	1	1	1	1	1	2	1	1	1	1	2	1	2	1	1	1	1	2	1	1	1	1	1	1	2	2	1	1	1	1	1	1	1	1	2	2	1	1	1	1	2	1	1	1	2	1	1	2	2	2	1	1	1	1	1	2	1	2	1	2	1	1	1	1	1	2	1	1	1	2	1	2	1	1	2	2	1	1	1	1	2	1	1	2	2	1	1	1	2	2	1	2	2
IND087	1	2	2	1	1	1	2	1	1	2	1	1	2	1	2	1	1	1	2	2	1	1	1	1	1	1	1	1	1	1	1	1	1	2	1	1	2	1	1	1	1	1	2	1	2	1	1	1	1	2	1	1	1	2	1	2	2	1	1	1	1	1	2	1	1	1	1	1	1	2	1	1	1	1	1	1	1	1	2	1	2	1	1	1	1	2	1	2	1	2	1	1	2	1	1	1	1	1	2	2	2	2	2	1	1	2	2	2	1	2	1	1	1	1	1	1	1	2	1	2	2	2	1	1	1	2	1	2	1	1	1	1	2	1	1	1	1	1	1	1	1	2	2	1	1	1	2	1	1	1	1	2	1	1	1	2	2	1	2	1	2	1	1	1	1	2	1	2	1	1	1	1	1	1	1	1	1	1	1	1	1	2	1	1	1	1	1	2	1	1	2	2	1	1	1	1	2	1	2	1
IND088	1	2	2	1	2	1	2	1	1	2	1	1	1	1	2	1	1	1	1	2	2	2	1	1	1	1	1	1	1	1	1	1	1	2	1	1	2	2	1	1	1	1	2	2	2	1	1	1	1	1	1	1	1	2	1	2	2	1	1	1	1	1	2	1	1	2	1	1	1	2	1	1	1	2	1	1	2	1	2	1	2	1	1	1	1	2	1	2	1	2	1	1	2	2	1	1	1	1	1	1	2	2	1	1	1	2	2	2	1	2	1	1	1	1	1	1	1	2	1	2	1	1	1	1	1	2	1	1	1	1	2	1	2	1	1	2	1	1	2	1	1	1	2	1	1	1	1	2	1	1	1	2	1	1	1	1	2	1	1	1	1	1	2	1	1	1	2	1	1	1	1	1	1	1	1	1	1	1	1	1	1	2	1	1	1	1	1	2	1	1	2	2	1	1	1	1	1	1	2	2
IND089	1	1	2	1	1	1	1	1	1	2	1	1	2	1	2	1	1	1	1	1	2	2	2	1	1	1	1	1	1	1	1	2	1	1	1	1	2	2	1	1	1	1	1	1	1	1	1	1	1	2	1	1	1	2	1	2	2	1	1	1	1	1	2	2	1	2	1	1	1	1	1	1	1	1	2	1	1	1	2	1	2	1	1	1	1	2	1	2	1	2	1	1	2	1	1	2	2	1	1	2	2	1	1	1	2	2	1	1	1	1	1	1	2	1	1	1	1	2	1	1	1	2	1	1	2	1	1	1	1	1	1	1	2	1	1	1	1	1	1	1	1	2	2	1	2	1	2	1	1	1	1	2	1	1	1	2	2	1	1	1	1	1	1	1	2	1	1	1	1	1	1	1	2	1	1	1	1	1	1	1	1	1	1	1	1	1	1	2	1	1	2	2	1	1	1	2	1	1	2	2
IND090	1	2	2	1	1	1	1	1	1	2	1	1	2	1	2	1	1	1	1	1	1	2	1	1	1	1	1	1	1	1	1	1	1	2	1	1	2	2	1	1	1	1	1	2	2	1	1	1	1	1	1	1	1	2	1	2	2	1	1	1	1	2	2	1	1	2	1	1	1	2	1	1	1	1	1	1	1	1	2	1	2	1	1	1	1	1	1	2	1	2	1	1	2	2	1	2	2	1	2	2	1	2	2	1	1	2	2	1	1	2	1	2	1	1	1	1	1	2	1	1	1	1	1	1	1	2	1	2	1	1	2	2	2	1	1	1	1	1	1	1	1	2	2	1	2	1	1	1	1	1	1	2	1	1	1	1	1	1	2	1	1	1	2	1	1	2	2	1	1	1	1	1	1	1	1	1	2	1	2	1	1	2	2	1	1	1	1	2	1	1	2	2	1	1	1	2	2	1	2	1
IND091	1	2	2	1	2	1	1	1	1	2	1	1	2	1	2	1	1	1	2	1	1	1	2	1	1	1	1	1	1	1	1	1	1	2	1	1	2	1	1	1	1	1	2	2	2	1	1	1	1	2	1	1	1	1	1	2	2	1	1	1	1	2	2	2	1	1	1	1	1	1	1	1	1	2	2	2	1	1	2	1	2	1	1	1	1	2	1	2	1	2	1	1	2	2	1	1	1	2	2	2	2	1	2	1	2	2	1	1	1	1	1	2	2	1	1	1	1	2	1	1	2	1	1	1	2	2	1	1	1	1	2	2	2	1	1	1	1	1	2	1	1	2	2	1	1	1	2	1	1	1	1	2	1	1	1	2	2	1	1	1	2	1	1	1	1	2	1	1	1	1	1	1	2	1	1	1	1	2	1	1	1	2	1	1	1	1	1	2	1	1	2	2	1	1	1	1	1	1	2	1
IND092	1	1	1	1	1	1	1	1	1	2	1	1	1	1	2	1	1	1	1	1	2	2	1	1	1	1	1	1	1	1	1	2	1	2	1	1	2	1	1	1	1	1	1	1	1	1	1	1	1	1	1	1	1	2	1	2	2	1	1	1	1	2	2	2	1	1	1	1	1	2	1	1	1	1	2	1	2	1	2	1	2	1	1	1	1	2	1	2	1	2	1	1	2	1	1	1	1	2	1	1	1	2	1	1	1	2	1	2	1	1	1	1	2	1	1	1	1	2	1	2	2	2	1	1	1	2	1	1	1	1	2	1	2	1	1	2	1	1	1	1	1	2	2	1	1	1	2	2	1	1	1	2	1	1	1	2	1	1	1	1	1	1	1	1	2	2	2	1	1	1	1	1	2	1	1	1	1	1	1	1	1	2	1	1	1	1	1	2	1	1	2	2	1	1	1	2	1	1	2	2
IND093	1	1	1	1	1	1	2	1	1	2	1	1	2	1	2	1	1	1	1	2	2	2	2	1	1	1	1	1	1	1	1	1	1	2	1	1	2	1	1	1	1	1	2	2	1	1	1	1	1	2	1	1	1	2	1	2	2	1	1	1	1	2	2	2	1	2	1	1	1	2	1	1	1	2	2	1	1	1	2	1	2	1	1	1	1	1	1	2	1	2	1	1	2	1	1	2	1	1	1	1	1	2	1	1	1	2	1	1	1	2	1	1	1	1	1	1	1	2	1	1	2	2	1	1	2	1	1	2	1	1	2	2	2	1	1	2	1	1	1	1	1	1	2	1	2	1	2	2	1	1	1	2	1	1	1	2	2	1	1	1	2	1	1	1	1	2	1	2	1	1	1	1	2	1	1	1	2	1	1	1	1	1	2	1	1	1	1	2	1	1	1	2	1	1	1	1	1	1	2	1
IND094	1	2	1	1	2	1	2	1	1	2	1	1	1	1	2	1	1	1	2	2	1	2	1	1	1	1	1	1	1	1	1	1	1	1	1	1	2	1	1	2	1	1	1	2	1	1	1	1	1	2	1	1	1	2	1	2	2	1	1	1	1	2	2	2	1	1	1	1	1	2	1	1	1	1	1	2	1	1	2	1	2	1	1	1	1	2	1	2	1	2	1	1	2	1	1	2	1	1	1	2	1	2	1	1	2	2	2	1	1	2	1	1	2	1	1	1	1	2	1	1	2	1	1	1	1	1	1	1	1	1	2	1	2	1	1	2	1	1	1	1	1	1	2	1	2	1	1	2	1	1	1	2	1	1	2	1	2	1	2	1	1	1	2	1	2	2	2	2	1	1	1	1	2	1	1	1	2	2	2	1	1	2	1	1	1	1	1	2	1	1	1	2	1	1	1	1	2	1	2	1
IND095	1	2	2	1	2	1	1	1	1	2	1	1	2	1	2	1	1	1	2	1	2	2	1	1	1	1	1	1	1	1	1	2	1	2	1	1	2	1	1	1	1	1	2	2	2	1	1	1	1	2	1	1	1	2	1	2	2	1	1	1	1	2	2	2	1	2	1	1	1	2	1	1	1	1	1	1	1	1	2	1	1	1	1	1	1	1	1	2	1	2	1	1	2	1	1	1	2	2	1	2	1	2	1	1	2	2	1	2	1	1	1	2	1	1	1	1	1	2	1	2	1	2	1	1	1	2	1	2	1	1	2	2	2	1	1	2	1	1	1	1	1	2	2	1	2	1	1	2	1	1	1	2	1	1	2	2	1	1	1	1	2	1	2	1	2	2	2	2	1	1	1	1	1	1	1	1	2	1	2	1	1	1	1	1	1	1	1	2	1	1	1	2	1	1	1	2	1	1	2	2
IND096	1	1	1	1	2	1	2	1	1	2	1	1	2	1	2	1	1	1	1	2	1	1	2	1	1	1	1	1	1	1	1	2	1	1	1	1	2	2	1	1	1	1	1	1	2	1	1	1	1	2	1	1	1	1	1	2	2	1	1	1	1	1	2	2	1	2	1	1	1	1	1	1	1	2	2	2	1	1	2	1	2	1	1	1	1	1	1	2	1	2	1	1	2	2	1	1	1	1	2	1	2	2	1	1	1	2	1	2	1	2	1	2	2	1	1	1	1	2	1	1	2	2	1	1	1	1	1	2	1	1	2	2	2	1	1	1	1	1	1	1	1	2	2	1	1	1	1	1	1	1	1	2	1	1	1	1	2	1	2	1	2	1	2	1	2	1	1	2	1	1	1	1	1	1	1	1	1	2	1	1	1	1	2	1	1	1	1	2	1	1	1	2	1	1	1	2	2	1	2	1
IND097	1	2	2	1	1	1	1	1	1	2	1	1	1	1	2	1	1	1	1	1	2	2	2	1	1	1	1	1	1	1	1	1	1	1	1	1	2	1	1	2	1	1	2	1	1	1	1	1	1	2	1	1	1	2	1	2	2	1	1	1	1	2	2	2	1	2	1	1	1	2	1	1	1	2	2	1	2	1	2	1	1	1	1	1	1	2	1	2	1	2	1	1	2	2	1	1	1	2	2	2	2	1	1	1	1	2	1	2	1	2	1	2	1	1	1	1	1	2	1	2	2	1	1	1	1	2	1	1	1	1	2	1	2	1	1	2	1	1	1	1	1	2	2	1	1	1	1	1	1	1	1	2	1	1	2	1	1	1	2	1	2	1	1	1	2	1	1	1	1	1	1	1	2	1	1	1	1	2	1	1	1	1	1	1	1	1	1	2	1	1	1	2	1	1	1	2	2	1	2	1
IND098	1	2	2	1	2	1	1	1	1	2	1	1	1	1	2	1	1	1	1	1	1	2	2	1	1	1	1	1	1	1	1	2	1	2	1	1	2	2	1	1	1	1	1	1	2	1	1	1	1	2	1	1	1	1	1	2	2	1	1	1	1	2	2	1	1	2	1	1	1	1	1	1	1	2	2	1	1	1	2	1	2	1	1	1	1	2	1	2	1	2	1	1	2	1	1	2	2	2	1	1	1	1	1	1	1	2	1	2	1	2	1	2	1	1	1	1	1	2	1	1	2	1	1	1	1	1	1	1	1	1	2	2	2	1	1	1	1	1	2	1	1	1	2	1	1	1	1	2	1	1	1	2	1	1	1	2	2	1	2	1	1	1	1	1	1	2	1	2	1	1	1	1	2	1	1	1	2	1	2	1	1	2	1	1	1	1	1	2	1	1	2	2	1	1	1	2	2	1	2	2
IND099	1	1	2	1	1	1	2	1	1	2	1	1	1	1	2	1	1	1	2	1	1	1	1	1	1	1	1	1	1	1	1	2	1	2	1	1	2	1	1	1	1	1	1	1	1	1	1	1	1	1	1	1	1	1	1	2	2	1	1	1	1	2	2	2	1	2	1	1	1	1	1	1	1	1	1	1	1	1	2	1	2	1	1	1	1	1	1	2	1	2	1	1	2	1	1	2	2	2	1	1	1	2	1	1	2	2	2	1	1	2	1	2	2	1	1	1	1	2	1	1	1	1	1	1	1	2	1	1	1	1	2	2	2	1	1	2	1	1	1	1	1	2	2	1	1	1	2	2	1	1	1	2	1	1	2	2	2	1	1	1	2	1	1	1	2	1	1	1	1	1	1	1	2	1	1	1	2	1	1	1	1	2	2	1	1	1	1	2	1	1	1	2	1	1	1	1	1	1	2	2
IND100	1	1	1	1	2	1	2	1	1	2	1	1	2	1	2	1	1	1	1	2	1	1	1	1	1	1	1	1	1	1	1	1	1	2	1	1	2	2	1	2	1	1	2	2	2	1	1	1	1	1	1	1	1	1	1	2	2	1	1	1	1	1	2	1	1	1	1	1	1	1	1	1	1	2	1	2	1	1	2	1	2	1	1	1	1	1	1	2	1	2	1	1	2	1	1	2	1	1	2	2	2	2	1	1	2	2	2	2	1	1	1	1	2	1	1	1	1	2	1	1	2	2	1	1	2	1	1	2	1	1	1	1	2	1	1	1	1	1	1	1	1	2	2	1	2	1	1	2	1	1	1	2	1	1	1	1	1	1	2	1	2	1	1	1	1	2	2	1	1	1	1	1	1	1	1	1	1	1	1	1	1	2	1	1	1	1	1	2	1	1	1	2	1	1	1	2	2	1	2	1
IND101	2	1	1	2	1	2	1	2	2	2	2	2	1	1	1	1	1	2	1	1	2	1	1	1	1	1	2	1	1	1	1	2	1	1	1	1	2	1	1	1	2	1	2	1	2	2	1	2	1	1	1	1	2	1	1	2	2	1	1	1	2	1	1	2	1	1	1	1	1	1	1	2	1	1	1	1	1	1	2	1	1	1	2	1	1	1	1	2	1	1	2	1	2	1	1	2	1	1	1	1	1	1	1	1	1	2	1	1	1	2	1	1	2	1	1	1	1	1	1	2	2	1	1	2	2	1	2	1	1	1	2	1	2	2	1	1	1	1	1	1	1	1	1	1	1	2	1	2	1	1	1	2	1	1	1	1	1	1	1	1	1	1	1	2	1	2	1	1	1	2	1	1	1	1	2	1	1	2	1	1	1	1	1	1	1	1	1	1	2	1	2	1	1	1	1	1	2	2	1	1
IND102	2	1	1	1	1	2	1	1	2	2	2	2	1	1	1	1	2	2	1	1	2	2	1	2	1	1	1	2	1	2	1	2	1	1	1	1	1	1	1	1	2	2	2	1	1	2	1	2	1	1	1	2	1	1	1	2	2	1	1	1	2	1	1	2	1	2	1	1	1	1	1	2	1	1	1	1	1	2	2	2	1	1	2	1	1	2	1	2	1	1	2	1	2	2	1	2	1	1	1	1	1	1	1	1	1	1	1	2	1	2	1	2	2	1	1	1	2	1	2	1	2	1	1	2	2	1	1	2	1	1	2	1	2	2	1	1	1	1	1	1	1	1	1	1	1	2	1	2	1	1	1	2	1	1	1	1	1	1	1	1	1	1	1	2	1	2	1	1	2	1	1	1	1	1	2	1	1	1	1	1	1	1	2	1	1	1	1	1	2	1	1	1	1	1	1	1	2	1	1	1
IND103	1	2	1	1	1	2	1	2	1	2	2	1	1	1	1	1	1	2	1	1	2	1	1	2	1	1	1	2	1	2	1	2	2	1	1	1	1	1	1	1	1	2	2	1	2	2	1	2	1	2	1	1	1	1	1	2	2	1	1	2	1	1	1	1	1	1	1	1	1	1	1	2	1	1	1	1	1	1	2	1	1	2	2	1	1	1	1	1	1	1	2	1	2	2	1	2	1	1	1	1	1	1	1	1	1	2	1	2	1	2	1	2	1	1	1	1	2	2	2	1	2	1	1	2	2	1	1	2	1	1	2	1	2	2	1	1	2	1	1	2	1	1	2	1	1	2	1	2	1	1	1	1	1	1	1	1	1	1	1	1	1	1	1	2	1	2	1	2	1	1	2	1	1	1	1	1	1	1	1	1	1	1	1	1	2	1	1	1	2	1	1	1	1	1	1	1	2	1	1	1
IND104	2	2	1	1	1	2	1	2	1	2	2	2	1	1	2	1	2	2	1	1	2	1	1	1	1	1	1	2	1	2	1	2	2	1	1	1	1	1	1	1	1	2	2	1	1	2	1	2	1	2	1	2	1	1	1	2	2	1	1	2	2	1	1	2	1	2	1	1	1	1	1	2	1	1	1	1	2	2	2	1	1	1	1	1	1	1	1	1	1	1	2	2	2	1	1	2	1	1	1	1	1	1	1	1	1	1	1	2	1	2	1	1	1	1	1	1	1	2	1	2	2	1	1	1	2	1	2	2	1	1	1	1	2	1	2	1	1	1	1	1	1	1	1	1	1	2	1	2	1	1	1	1	1	1	1	1	1	1	1	1	1	1	1	2	1	2	1	2	1	1	1	1	1	1	2	1	1	1	1	1	1	1	2	1	1	1	1	1	2	1	1	1	1	1	1	1	1	1	1	1
IND105	1	2	1	1	1	2	1	2	1	2	2	1	1	1	2	1	2	2	1	2	2	1	2	2	1	1	2	1	1	2	1	2	2	1	1	1	1	1	1	1	2	2	2	1	2	2	1	2	1	2	1	1	1	1	1	2	2	1	1	1	1	1	1	1	1	1	1	1	1	2	1	2	1	1	1	1	1	2	2	1	1	2	2	1	1	2	1	1	1	1	2	2	2	2	1	2	1	1	1	1	1	1	1	1	1	2	1	2	1	2	1	1	2	1	1	1	2	2	1	1	2	1	1	2	2	1	2	1	2	2	1	1	2	2	1	1	2	1	1	1	1	1	1	1	1	2	1	2	1	1	1	1	1	1	1	1	1	1	1	1	1	1	1	2	2	2	1	1	1	2	1	1	1	1	2	1	1	2	1	1	1	1	2	1	2	1	1	1	2	1	2	1	1	1	1	1	2	1	1	1
IND106	1	2	1	2	1	2	1	1	1	2	2	2	1	1	1	1	1	2	1	1	2	2	1	2	1	1	2	1	1	2	1	2	2	1	1	1	1	1	2	1	1	2	2	1	1	2	1	2	1	1	1	2	2	1	1	2	2	1	1	2	1	1	1	2	1	1	1	2	1	1	1	1	1	1	1	1	1	2	2	1	2	2	2	1	1	2	1	2	1	1	2	1	2	1	1	2	1	1	1	1	1	1	1	1	1	2	1	2	1	2	1	2	2	1	1	1	1	2	1	2	2	1	1	1	2	1	1	2	2	2	2	1	1	1	2	1	1	1	1	2	1	1	2	1	1	1	1	2	1	1	1	2	1	1	1	1	1	1	1	1	1	1	1	1	1	2	1	1	2	1	2	1	1	1	2	1	1	2	1	1	1	1	1	1	2	2	1	1	2	1	2	1	1	1	1	1	1	2	1	1
IND107	2	1	2	2	1	2	1	1	2	2	2	1	1	1	1	1	1	2	1	1	2	2	2	1	1	1	1	1	1	1	1	2	2	1	1	1	2	1	2	1	1	2	2	1	1	2	1	2	1	1	1	1	1	1	1	2	2	1	1	1	1	1	1	1	1	1	1	1	1	2	1	1	1	1	1	1	1	2	2	1	2	2	1	1	1	1	1	1	1	2	2	2	2	1	1	2	1	1	1	1	1	1	1	1	1	2	1	1	1	2	1	2	1	1	1	1	1	2	1	1	2	1	1	1	2	2	2	1	1	1	1	1	2	2	2	1	2	1	1	1	1	1	1	1	1	1	1	2	1	1	1	2	1	1	1	1	1	1	1	1	1	1	1	1	1	2	1	1	1	2	2	1	1	1	1	1	1	2	1	1	1	1	1	1	1	2	1	1	2	1	1	1	1	1	1	1	1	2	1	1
IND108	2	2	2	2	1	2	2	1	1	2	2	2	1	1	2	1	1	2	1	1	2	2	2	2	1	1	2	1	1	2	1	2	1	1	1	2	1	1	2	1	2	1	2	1	2	2	1	2	1	2	1	1	1	1	1	2	2	1	1	2	2	1	1	1	1	1	1	2	1	2	1	2	1	1	1	1	2	1	2	1	1	1	1	1	1	1	1	1	1	1	2	2	2	2	1	2	1	1	1	1	1	1	1	1	1	1	1	2	1	2	1	2	2	1	1	1	2	2	1	2	2	1	1	1	2	1	1	1	1	1	1	1	2	1	2	1	2	1	1	2	1	1	2	1	1	2	1	2	1	1	1	1	1	1	1	1	1	1	1	1	1	1	1	1	1	2	1	2	1	1	2	1	1	1	2	1	1	1	1	1	1	1	2	1	1	1	1	1	2	1	1	1	1	1	1	1	2	2	1	1
IND109	2	2	2	2	1	2	1	1	1	2	2	1	1	1	1	1	1	2	1	2	2	1	1	1	1	1	1	1	1	1	1	2	1	1	1	2	2	1	1	1	1	2	2	1	2	2	1	2	1	2	1	2	1	1	1	2	2	1	1	1	2	1	1	2	1	2	1	1	1	1	1	2	1	1	1	1	2	1	2	1	2	1	2	1	1	2	1	2	1	2	2	2	2	1	1	2	1	1	1	1	1	1	1	1	1	2	1	2	1	2	1	1	2	1	1	1	2	2	2	1	2	1	1	1	2	2	1	2	2	2	1	1	2	2	1	1	1	1	1	1	1	1	2	1	1	1	1	2	1	1	1	1	1	1	1	1	1	1	1	1	1	1	1	1	1	2	1	2	2	1	2	1	1	1	1	1	1	1	1	1	1	1	1	1	2	2	1	1	2	1	2	1	1	1	1	1	2	1	1	1
IND110	1	1	1	1	1	2	1	2	2	2	2	1	1	1	1	1	1	2	1	2	2	1	2	1	1	1	1	1	1	2	1	2	1	1	1	2	2	1	2	1	2	2	2	1	1	2	1	2	1	2	1	1	1	1	1	2	2	1	1	2	1	1	1	1	1	2	1	1	1	2	1	2	1	1	1	1	1	2	2	2	2	2	1	1	1	2	1	2	1	1	2	2	2	1	1	2	1	1	1	1	1	1	1	1	1	2	1	1	1	2	1	1	2	1	1	1	2	1	2	2	2	1	1	2	2	2	2	1	1	1	1	1	1	1	1	1	1	1	1	1	1	1	2	1	1	2	1	2	1	1	1	2	1	1	1	1	1	1	1	1	1	1	1	2	2	2	1	1	1	1	2	1	1	1	2	1	1	2	1	1	1	1	1	1	2	2	1	1	2	1	2	1	1	1	1	1	2	2	1	1
IND111	2	2	1	1	1	2	2	2	2	2	2	1	1	1	1	1	1	2	1	1	2	1	2	1	1	1	2	1	1	1	1	2	2	1	1	2	2	1	1	1	2	2	2	1	1	2	1	2	1	2	1	2	2	1	1	2	2	1	1	1	1	1	1	1	1	2	1	1	1	2	1	2	1	1	1	1	1	2	2	2	1	2	2	1	1	1	1	2	1	1	2	2	2	1	1	2	1	1	1	1	1	1	1	1	1	2	1	1	1	2	1	2	1	1	1	1	1	2	1	1	2	1	1	1	2	2	2	2	2	1	1	1	2	2	1	1	2	1	1	2	1	1	1	1	1	1	1	2	1	1	1	1	1	1	1	1	1	1	1	1	1	1	1	1	2	2	1	1	1	1	2	1	1	1	1	1	1	1	1	1	1	1	2	1	2	2	1	1	2	1	2	1	1	1	1	1	2	2	1	1
IND112	2	2	1	1	1	2	1	2	1	2	2	2	1	1	1	1	1	2	1	2	2	1	1	1	1	1	1	2	1	2	1	2	1	1	1	1	2	1	1	1	2	1	2	1	2	2	1	2	1	1	1	1	2	1	1	2	2	1	1	2	1	1	1	2	1	2	1	1	1	1	1	1	1	1	1	1	2	1	2	1	2	2	1	1	1	1	1	2	1	1	2	2	2	1	1	2	1	1	1	1	1	1	1	1	1	2	1	1	1	2	1	2	2	1	1	1	2	2	1	1	2	1	1	1	2	2	2	2	1	1	2	1	2	2	2	1	1	1	1	2	1	1	1	1	1	2	1	2	1	1	1	1	1	1	1	1	1	1	1	1	1	1	1	1	2	2	1	2	2	1	2	1	1	1	2	1	1	2	1	1	1	1	2	1	2	1	1	1	2	1	1	1	1	1	1	1	1	2	1	1
IND113	2	2	2	1	1	2	2	2	1	2	2	1	1	1	1	1	2	2	1	1	2	1	1	1	1	1	2	1	1	1	1	2	2	1	1	1	2	1	2	1	2	1	2	1	1	2	1	2	1	1	1	1	2	1	1	2	2	1	1	1	2	1	1	1	1	1	1	1	1	1	1	2	1	1	1	1	2	1	2	1	2	1	1	1	1	2	1	1	1	2	2	2	2	2	1	2	1	1	1	1	1	1	1	1	1	1	1	1	1	2	1	1	2	1	1	1	1	1	1	2	2	1	1	2	2	1	1	1	2	1	1	1	2	1	2	1	1	1	1	1	1	1	2	1	1	2	1	2	1	1	1	2	1	1	1	1	1	1	1	1	1	1	1	2	2	2	1	2	1	2	1	1	1	1	1	1	1	1	1	1	1	1	2	1	1	2	1	1	2	1	1	1	1	1	1	1	1	1	1	1
IND114	2	2	2	1	1	2	2	2	1	2	2	2	1	1	2	1	1	2	1	2	2	1	2	2	1	1	2	1	1	2	1	2	1	1	1	2	2	1	2	1	2	1	2	1	2	2	1	2	1	1	1	2	2	1	1	2	2	1	1	1	1	1	1	2	1	2	1	2	1	2	1	1	1	1	1	1	2	2	2	2	1	2	2	1	1	2	1	2	1	2	2	1	2	2	1	2	1	1	1	1	1	1	1	1	1	2	1	1	1	2	1	1	1	1	1	1	1	2	1	2	2	1	1	2	2	2	2	1	2	1	2	1	1	2	1	1	2	1	1	1	1	1	2	1	1	2	1	2	1	1	1	1	1	1	1	1	1	1	1	1	1	1	1	1	2	2	1	2	1	1	1	1	1	1	1	1	1	2	1	1	1	1	1	1	2	1	1	1	2	1	1	1	1	1	1	1	1	2	1	1
IND115	2	1	1	2	1	2	2	2	1	2	2	2	1	1	1	1	2	2	1	1	2	1	1	1	1	1	1	1	1	2	1	2	1	1	1	1	2	1	2	1	1	2	2	1	1	2	1	2	1	2	1	1	2	1	1	2	2	1	1	1	1	1	1	2	1	1	1	1	1	1	1	1	1	1	1	1	2	2	2	1	1	2	1	1	1	1	1	2	1	2	2	1	2	1	1	2	1	1	1	1	1	1	1	1	1	1	1	1	1	2	1	1	2	1	1	1	2	1	2	2	2	1	1	2	2	2	1	1	2	2	2	1	1	2	2	1	1	1	1	2	1	1	1	1	1	2	1	2	1	1	1	2	1	1	1	1	1	1	1	1	1	1	1	1	2	2	1	1	2	1	2	1	1	1	1	1	1	2	1	1	1	1	2	1	2	1	1	1	2	1	1	1	1	1	1	1	2	1	1	1
IND116	1	2	1	2	1	2	2	1	1	2	2	1	1	1	1	1	1	2	1	1	2	1	2	1	1	1	2	2	1	2	1	2	2	1	1	2	1	1	2	1	1	2	2	1	2	2	1	2	1	1	1	1	2	1	1	2	2	1	1	2	2	1	1	2	1	1	1	1	1	2	1	2	1	1	1	1	2	2	2	1	2	2	1	1	1	1	1	2	1	1	2	2	2	2	1	2	1	1	1	1	1	1	1	1	1	2	1	1	1	2	1	2	1	1	1	1	2	1	1	2	2	1	1	1	2	2	2	1	2	2	2	1	2	2	1	1	2	1	1	2	1	1	1	1	1	2	1	2	1	1	1	1	1	1	1	1	1	1	1	1	1	1	1	2	2	2	1	1	1	1	2	1	1	1	1	1	1	1	1	1	1	1	1	1	1	2	1	1	2	1	1	1	1	1	1	1	2	1	1	1
IND117	2	1	2	1	1	2	2	2	1	2	2	1	1	1	1	1	2	2	1	2	2	1	1	1	1	1	1	1	1	1	1	2	1	1	1	2	2	1	2	1	1	1	2	1	2	2	1	2	1	2	1	1	1	1	1	2	2	1	1	1	1	1	1	1	1	1	1	1	1	2	1	1	1	1	1	1	1	2	2	1	2	1	2	1	1	2	1	1	1	2	2	2	2	2	1	2	1	1	1	1	1	1	1	1	1	2	1	2	1	2	1	1	2	1	1	1	2	2	1	1	2	1	1	1	2	1	1	1	1	1	2	1	1	1	2	1	2	1	1	2	1	1	2	1	1	1	1	2	1	1	1	1	1	1	1	1	1	1	1	1	1	1	1	2	1	2	1	1	2	1	2	1	1	1	1	1	1	1	1	1	1	1	1	1	2	2	1	1	2	1	1	1	1	1	1	1	1	2	1	1
IND118	1	2	2	1	1	2	1	2	2	2	2	2	1	1	1	1	1	2	1	2	2	2	2	1	1	1	1	1	1	1	1	2	2	1	1	2	1	1	2	1	2	2	2	1	2	2	1	2	1	1	1	1	1	1	1	2	2	1	1	2	2	1	1	2	1	2	1	2	1	2	1	1	1	1	1	1	2	1	2	2	2	1	1	1	1	2	1	2	1	1	2	1	2	2	1	2	1	1	1	1	1	1	1	1	1	2	1	2	1	2	1	2	1	1	1	1	1	1	1	2	2	1	1	1	2	2	1	2	1	2	2	1	1	2	2	1	2	1	1	1	1	1	1	1	1	1	1	2	1	1	1	1	1	1	1	1	1	1	1	1	1	1	1	1	2	2	1	2	1	2	2	1	1	1	1	1	1	1	1	1	1	1	1	1	1	2	1	1	2	1	1	1	1	1	1	1	2	2	1	1
IND119	1	2	1	1	1	2	1	1	2	2	2	1	1	1	1	1	2	2	1	2	2	2	1	2	1	1	1	2	1	2	1	2	1	1	1	2	1	1	2	1	1	2	2	1	2	2	1	2	1	2	1	2	1	1	1	2	2	1	1	1	2	1	1	1	1	1	1	1	1	1	1	1	1	1	1	1	2	1	2	1	1	2	2	1	1	2	1	2	1	2	2	1	2	2	1	2	1	1	1	1	1	1	1	1	1	2	1	2	1	2	1	2	2	1	1	1	2	1	2	1	2	1	1	2	2	2	1	1	1	1	1	1	2	2	1	1	2	1	1	2	1	1	1	1	1	2	1	2	1	1	1	2	1	1	1	1	1	1	1	1	1	1	1	2	2	2	1	2	1	1	2	1	1	1	1	1	1	2	1	1	1	1	1	1	2	2	1	1	2	1	1	1	1	1	1	1	1	2	1	1
IND120	1	1	2	1	1	2	1	2	1	2	2	1	1	1	1	1	1	2	1	1	2	1	1	2	1	1	1	1	1	2	1	2	1	1	1	1	2	1	2	1	2	1	2	1	2	2	1	2	1	2	1	2	1	1	1	2	2	1	1	2	2	1	1	2	1	2	1	1	1	1	1	1	1	1	1	1	1	2	2	2	1	1	1	1	1	1	1	2	1	1	2	1	2	1	1	2	1	1	1	1	1	1	1	1	1	2	1	2	1	2	1	1	2	1	1	1	1	1	1	1	2	1	1	1	2	1	2	2	2	1	1	1	2	1	2	1	1	1	1	2	1	1	1	1	1	2	1	2	1	1	1	2	1	1	1	1	1	1	1	1	1	1	1	1	1	2	1	2	1	2	2	1	1	1	2	1	1	2	1	1	1	1	1	1	2	1	1	1	2	1	2	1	1	1	1	1	1	1	1	1
IND121	2	2	1	2	1	1	1	1	1	1	1	1	1	1	2	2	1	1	1	1	2	2	1	1	2	1	1	1	2	2	1	2	1	1	1	1	1	1	1	2	2	1	1	1	1	1	1	1	1	1	1	1	1	1	1	1	1	2	1	2	1	2	1	1	2	2	1	2	1	2	1	1	1	2	1	1	1	1	2	1	1	1	1	1	1	2	1	1	2	1	2	2	1	2	1	2	2	1	2	1	1	1	1	2	1	2	1	1	1	1	1	1	1	1	1	1	1	2	1	1	1	1	1	1	2	2	2	1	2	1	1	2	2	2	1	1	1	1	1	2	1	1	1	1	2	1	2	2	1	2	1	1	1	1	1	1	2	1	1	1	2	1	1	1	1	1	1	1	1	1	2	2	2	1	1	1	1	1	1	1	1	1	1	1	1	1	1	2	2	2	1	2	1	1	1	1	2	1	2	1
IND122	2	2	1	1	2	1	1	1	1	1	1	1	1	1	2	1	1	1	1	1	1	2	1	1	2	1	1	1	2	2	1	2	1	1	1	1	1	1	1	2	2	1	2	1	1	1	2	1	1	1	1	1	1	2	1	1	1	2	1	2	1	1	1	1	1	2	1	1	1	2	1	1	2	2	1	1	1	1	2	1	1	1	1	1	1	2	1	1	2	1	2	2	1	2	1	2	2	1	2	1	1	1	1	1	1	2	1	2	1	1	1	1	2	1	2	2	1	1	1	1	1	1	1	1	1	2	2	1	2	1	1	2	2	2	2	2	1	1	1	2	1	1	1	1	2	1	1	2	1	2	1	2	1	1	1	2	1	1	1	1	2	1	2	1	1	1	1	1	1	1	2	1	1	1	1	1	1	2	1	1	1	1	2	1	1	1	1	2	2	2	1	1	1	1	1	2	2	1	2	1
IND123	1	2	1	1	1	1	1	1	1	1	1	1	1	1	2	2	1	1	1	1	2	1	1	1	2	2	2	1	2	2	2	2	1	1	1	1	1	1	1	1	2	1	2	1	1	1	1	2	1	1	1	1	1	1	1	1	1	2	1	2	1	1	1	1	1	1	1	2	1	1	1	1	1	2	1	1	1	1	2	1	1	1	1	1	1	2	1	1	1	1	2	1	1	2	1	2	2	1	2	1	1	1	1	1	1	2	1	2	1	1	1	1	2	1	1	2	1	2	1	1	1	1	1	1	1	2	2	1	2	1	1	2	2	1	1	2	1	1	1	1	1	1	1	2	2	1	1	2	1	2	1	2	1	1	1	1	1	1	1	1	2	1	1	1	1	1	1	1	1	2	1	2	2	1	1	1	1	1	1	1	1	1	1	1	1	1	1	2	2	2	1	2	1	1	1	2	2	1	2	1
IND124	1	2	1	2	2	1	1	1	1	1	1	1	1	1	2	1	1	1	1	1	2	2	1	1	2	1	2	1	2	2	1	2	1	1	1	1	1	2	1	1	1	1	2	1	1	1	1	2	1	1	1	1	1	1	1	2	1	2	1	1	2	1	1	1	2	2	1	2	1	1	1	1	2	1	1	1	1	1	1	1	1	1	1	1	1	2	1	1	2	2	2	1	1	1	1	2	2	2	2	1	1	1	1	1	1	2	1	2	1	1	1	1	2	1	1	1	1	1	1	1	1	1	1	1	2	2	2	1	2	1	1	1	2	1	2	2	2	1	1	1	1	1	1	2	2	1	2	2	1	2	1	2	1	1	1	2	1	1	1	1	1	1	1	1	1	1	1	1	1	2	2	1	2	1	1	1	1	2	1	1	1	1	1	1	1	1	1	2	2	2	1	2	1	1	1	1	2	1	2	1
IND125	2	2	1	2	2	1	1	1	1	1	1	1	1	1	2	1	1	1	1	1	2	2	1	1	2	1	2	1	2	2	2	2	1	1	1	1	1	2	1	2	1	1	2	1	1	1	1	2	1	1	1	1	1	2	1	1	1	2	1	1	2	1	1	1	1	1	1	1	1	2	1	1	1	1	1	1	1	1	2	1	1	1	1	1	1	2	1	1	2	2	2	1	1	1	1	2	2	1	2	1	1	1	1	2	1	2	1	1	1	1	1	1	2	1	1	1	1	2	1	1	1	1	1	2	1	2	2	1	2	1	1	2	1	2	2	1	1	1	1	2	1	1	1	2	2	1	1	2	1	2	1	1	1	1	1	1	1	1	1	1	1	1	2	1	1	1	2	1	1	2	2	2	1	1	1	1	1	1	1	1	2	1	2	1	1	1	1	2	2	2	2	1	1	1	1	1	1	1	2	1
IND126	1	2	1	1	2	1	1	1	1	1	1	1	1	1	2	1	1	1	1	1	2	2	1	1	2	1	1	1	2	2	1	2	1	1	1	1	1	1	1	1	2	1	1	1	1	1	2	2	1	1	1	1	1	2	1	2	1	2	1	2	1	2	1	1	1	1	1	1	1	1	1	1	1	2	1	1	1	1	1	1	1	1	1	1	1	2	1	1	1	2	2	1	1	2	1	2	2	1	2	1	1	1	1	1	1	1	1	2	1	1	1	1	1	1	1	2	1	2	1	1	1	1	1	1	1	2	2	1	2	1	1	1	2	1	1	1	1	1	1	1	1	1	1	1	2	1	2	2	1	2	1	2	1	1	1	1	2	1	1	1	1	1	1	1	1	1	1	1	1	1	1	1	2	1	1	1	1	1	1	1	2	1	1	1	1	1	1	2	2	2	1	1	1	1	1	2	2	1	2	1
IND127	1	2	1	2	2	1	1	1	1	1	1	1	1	1	2	2	1	1	1	1	2	1	1	1	2	1	1	1	2	2	2	1	1	1	1	1	1	2	1	2	1	1	2	1	1	1	1	1	1	1	1	1	1	2	1	1	1	2	1	1	1	2	1	1	2	1	1	1	1	2	1	1	2	1	1	1	1	1	2	1	1	1	1	1	1	2	1	1	2	2	2	1	1	2	1	2	2	2	2	1	1	1	1	2	1	2	1	2	1	1	1	1	2	1	2	2	1	1	1	1	1	1	1	1	2	2	2	1	2	1	1	1	1	1	1	2	1	1	1	2	1	1	1	1	2	1	1	1	1	2	1	2	1	1	1	1	2	1	1	1	1	1	2	1	1	1	1	1	1	2	2	2	2	1	1	1	1	1	1	1	2	1	1	1	1	1	1	2	2	2	2	2	1	1	1	1	1	1	1	1
IND128	1	2	1	1	1	1	1	1	1	1	1	1	1	1	2	2	1	1	1	1	2	2	1	1	2	2	2	1	2	2	2	2	1	1	1	1	1	1	1	1	1	1	2	1	1	1	2	1	1	1	1	1	1	1	1	1	1	2	1	2	2	2	1	1	1	2	1	1	1	1	1	1	2	1	1	1	1	1	2	1	1	1	1	1	1	2	1	1	1	1	2	2	1	2	1	2	2	1	2	1	1	1	1	1	1	2	1	2	1	1	1	1	2	1	1	2	1	2	1	1	1	1	1	1	1	2	2	1	2	1	1	2	2	2	2	1	1	1	1	1	1	1	1	1	2	1	2	1	1	2	1	2	1	1	1	2	1	1	1	1	1	1	2	1	1	1	1	1	1	2	2	1	2	1	1	1	1	1	1	1	2	1	2	1	1	1	1	2	2	2	1	1	1	1	1	1	2	1	2	1
IND129	1	2	1	2	1	1	1	1	1	1	1	1	1	1	2	1	1	1	1	1	1	2	1	1	2	1	2	1	2	2	1	2	1	1	1	1	1	2	1	1	1	1	1	1	1	1	2	2	1	1	1	1	1	2	1	2	1	2	1	2	2	1	1	1	1	1	1	1	1	2	1	1	2	2	1	1	1	1	1	1	1	1	1	1	1	2	1	1	1	2	2	1	1	2	1	2	2	2	2	1	1	1	1	2	1	1	1	2	1	1	1	1	2	1	2	2	1	1	1	1	1	1	1	1	2	2	2	1	2	1	1	1	2	1	1	1	1	1	1	1	1	1	1	1	2	1	2	2	1	2	1	2	1	1	1	2	2	1	1	1	1	1	1	1	1	1	1	1	1	2	1	1	2	1	1	1	1	1	1	1	2	1	1	1	1	1	1	2	2	2	2	1	1	1	1	1	2	1	2	1
IND130	2	2	1	1	2	1	1	1	1	1	1	1	1	1	2	1	1	1	1	1	2	2	1	1	2	2	2	1	2	2	2	2	1	1	1	1	1	1	1	2	2	1	2	1	1	1	2	1	1	1	1	1	1	2	1	2	1	2	1	2	1	2	1	1	2	1	1	2	1	2	1	1	2	2	1	1	1	1	1	1	1	1	1	1	1	2	1	1	1	2	2	1	1	1	1	2	2	1	2	1	1	1	1	2	1	1	1	1	1	1	1	1	2	1	1	2	1	2	1	1	1	1	1	1	1	2	2	1	2	1	1	1	2	1	1	2	2	1	1	2	1	1	1	2	2	1	1	2	1	2	1	1	1	1	1	2	2	1	1	1	1	1	2	1	1	1	2	1	1	1	1	2	1	1	1	1	1	1	1	1	2	1	1	1	1	1	1	2	2	2	2	1	1	1	1	1	1	1	1	1
IND131	2	2	1	2	2	1	1	1	1	1	1	1	1	1	2	1	1	1	1	1	2	2	1	1	2	2	2	1	2	2	2	1	1	1	1	1	1	1	1	2	2	1	1	1	1	1	1	2	1	1	1	1	1	2	1	2	1	2	1	1	1	2	1	1	2	1	1	2	1	2	1	1	1	2	1	1	1	1	2	1	1	1	1	1	1	2	1	1	2	2	2	1	1	1	1	2	2	1	2	1	1	1	1	2	1	2	1	2	1	1	1	1	1	1	1	1	1	2	1	1	1	1	1	2	2	2	2	1	2	1	1	2	2	1	1	2	1	1	1	1	1	1	1	2	2	1	1	2	1	2	1	2	1	1	1	1	2	1	1	1	2	1	2	1	1	1	1	1	1	1	2	1	1	1	1	1	1	1	1	1	2	1	2	1	1	1	1	2	2	2	2	1	1	1	1	2	2	1	2	1
IND132	2	2	1	2	2	1	1	1	1	1	1	1	1	1	2	1	1	1	1	1	2	2	1	1	2	2	1	1	2	2	1	1	1	1	1	1	1	2	1	1	2	1	2	1	1	1	1	1	1	1	1	1	1	1	1	1	1	2	1	1	1	2	1	1	1	1	1	1	1	2	1	1	1	1	1	1	1	1	2	1	1	1	1	1	1	2	1	1	2	2	2	1	1	2	1	2	2	2	2	1	1	1	1	2	1	1	1	2	1	1	1	1	1	1	1	2	1	1	1	1	1	1	1	1	1	2	2	1	2	1	1	2	2	2	1	1	2	1	1	2	1	1	1	1	2	1	1	1	1	2	1	1	1	1	1	2	2	1	1	1	2	1	2	1	1	1	2	1	1	2	1	2	2	1	1	1	1	1	1	1	2	1	2	1	1	1	1	2	2	2	2	2	1	1	1	2	1	1	2	1
IND133	1	2	1	2	2	1	1	1	1	1	1	1	1	1	2	2	1	1	1	1	1	2	1	1	2	1	1	1	2	2	1	2	1	1	1	1	1	2	1	2	1	1	1	1	1	1	2	1	1	1	1	1	1	2	1	2	1	2	1	2	2	2	1	1	2	2	1	1	1	2	1	1	1	2	1	1	1	1	2	1	1	1	1	1	1	2	1	1	2	1	2	1	1	1	1	2	2	1	2	1	1	1	1	2	1	2	1	2	1	1	1	1	1	1	1	2	1	2	1	1	1	1	1	2	1	2	2	1	2	1	1	2	2	1	2	1	2	1	1	1	1	1	1	1	2	1	1	1	1	2	1	2	1	1	1	1	2	1	1	1	1	1	1	1	1	1	2	1	1	1	1	2	1	1	1	1	1	1	1	1	2	1	1	1	1	1	1	2	2	2	2	1	1	1	1	1	1	1	1	1
IND134	1	2	1	2	2	1	1	1	1	1	1	1	1	1	2	2	1	1	1	1	2	2	1	1	2	1	2	1	2	2	2	1	1	1	1	1	1	1	1	1	2	1	1	1	1	1	2	2	1	1	1	1	1	2	1	2	1	2	1	2	1	2	1	1	2	1	1	2	1	2	1	1	1	1	1	1	1	1	2	1	1	1	1	1	1	2	1	1	1	1	2	2	1	2	1	2	2	1	2	1	1	1	1	2	1	1	1	1	1	1	1	1	1	1	2	1	1	1	1	1	1	1	1	1	1	2	2	1	2	1	1	1	2	2	1	1	1	1	1	2	1	1	1	2	2	1	2	2	1	2	1	1	1	1	1	1	1	1	1	1	2	1	2	1	1	1	2	1	1	2	1	1	2	1	1	1	1	1	1	1	2	1	1	1	1	1	1	2	2	2	2	1	1	1	1	2	2	1	2	1
IND135	2	2	1	1	2	1	1	1	1	1	1	1	1	1	2	2	1	1	1	1	1	1	1	1	2	1	1	1	2	2	1	2	1	1	1	1	1	2	1	1	1	1	1	1	1	1	2	2	1	1	1	1	1	1	1	1	1	2	1	2	1	1	1	1	1	1	1	2	1	2	1	1	2	2	1	1	1	1	2	1	1	1	1	1	1	2	1	1	2	1	2	2	1	1	1	2	2	1	2	1	1	1	1	1	1	2	1	2	1	1	1	1	2	1	1	2	1	2	1	1	1	1	1	2	1	2	2	1	2	1	1	2	2	1	1	2	1	1	1	1	1	1	1	1	2	1	2	2	1	2	1	2	1	1	1	1	1	1	1	1	1	1	2	1	1	1	2	1	1	1	2	1	1	1	1	1	1	2	1	1	2	1	2	1	1	1	1	2	2	2	2	1	1	1	1	1	1	1	1	1
IND136	2	2	1	1	2	1	1	1	1	1	1	1	1	1	2	2	1	1	1	1	2	1	1	1	2	2	2	1	2	2	2	1	1	1	1	1	1	2	1	2	1	1	1	1	1	1	1	2	1	1	1	1	1	1	1	2	1	2	1	1	1	1	1	1	2	2	1	2	1	1	1	1	1	2	1	1	1	1	1	1	1	1	1	1	1	2	1	1	1	1	2	1	1	2	1	2	2	2	2	1	1	1	1	1	1	1	1	1	1	1	1	1	1	1	1	1	1	1	1	1	1	1	1	1	1	2	2	1	2	1	1	1	1	1	1	2	1	1	1	1	1	1	1	1	2	1	2	2	1	2	1	1	1	1	1	1	1	1	1	1	1	1	1	1	1	1	1	1	1	1	1	2	2	1	1	1	1	2	1	1	1	1	2	1	1	1	1	2	2	2	1	2	1	1	1	1	1	1	1	1
IND137	1	2	1	2	1	1	1	1	1	1	1	1	1	1	2	2	1	1	1	1	1	2	1	1	2	2	2	1	2	2	1	1	1	1	1	1	1	2	1	1	1	1	2	1	1	1	2	1	1	1	1	1	1	1	1	2	1	2	1	1	1	1	1	1	1	2	1	2	1	2	1	1	2	2	1	1	1	1	1	1	1	1	1	1	1	2	1	1	2	2	2	2	1	1	1	2	2	1	2	1	1	1	1	2	1	2	1	1	1	1	1	1	2	1	2	2	1	2	1	1	1	1	1	2	2	2	2	1	2	1	1	2	2	1	1	2	2	1	1	2	1	1	1	1	2	1	2	1	1	2	1	1	1	1	1	1	1	1	1	1	1	1	2	1	1	1	1	1	1	1	1	1	2	1	1	1	1	2	1	1	1	1	2	1	1	1	1	2	2	2	2	2	1	1	1	2	1	1	2	1
IND138	1	2	1	2	1	1	1	1	1	1	1	1	1	1	2	1	1	1	1	1	2	2	1	1	2	2	1	1	2	2	1	1	1	1	1	1	1	1	1	2	1	1	1	1	1	1	1	2	1	1	1	1	1	2	1	1	1	2	1	2	1	2	1	1	2	2	1	2	1	1	1	1	1	1	1	1	1	1	2	1	1	1	1	1	1	2	1	1	1	1	2	1	1	2	1	2	2	2	2	1	1	1	1	2	1	2	1	1	1	1	1	1	1	1	2	2	1	2	1	1	1	1	1	1	2	2	2	1	2	1	1	2	1	2	2	1	2	1	1	1	1	1	1	2	2	1	1	2	1	2	1	2	1	1	1	1	1	1	1	1	2	1	1	1	1	1	1	1	1	2	2	1	2	1	1	1	1	2	1	1	2	1	1	1	1	1	1	2	2	2	1	1	1	1	1	1	1	1	2	1
IND139	2	2	1	1	2	1	1	1	1	1	1	1	1	1	2	2	1	1	1	1	1	1	1	1	2	1	1	1	2	2	2	1	1	1	1	1	1	1	1	1	2	1	2	1	1	1	1	2	1	1	1	1	1	1	1	2	1	2	1	2	2	2	1	1	1	2	1	2	1	1	1	1	1	2	1	1	1	1	1	1	1	1	1	1	1	2	1	1	1	2	2	1	1	2	1	2	2	1	2	1	1	1	1	1	1	2	1	1	1	1	1	1	1	1	2	1	1	2	1	1	1	1	1	2	2	2	2	1	2	1	1	1	2	2	1	2	2	1	1	1	1	1	1	2	2	1	1	2	1	2	1	1	1	1	1	2	2	1	1	1	2	1	1	1	1	1	1	1	1	1	2	1	1	1	1	1	1	1	1	1	1	1	1	1	1	1	1	2	2	2	2	1	1	1	1	1	2	1	1	1
IND140	2	2	1	2	1	1	1	1	1	1	1	1	1	1	2	1	1	1	1	1	1	1	1	1	2	2	1	1	2	2	2	1	1	1	1	1	1	1	1	2	2	1	1	1	1	1	2	2	1	1	1	1	1	1	1	2	1	2	1	2	1	2	1	1	2	2	1	1	1	2	1	1	2	1	1	1	1	1	1	1	1	1	1	1	1	2	1	1	1	1	2	2	1	1	1	2	2	1	2	1	1	1	1	2	1	1	1	1	1	1	1	1	1	1	1	1	1	2	1	1	1	1	1	1	2	2	2	1	2	1	1	2	1	1	1	1	2	1	1	1	1	1	1	1	2	1	1	2	1	2	1	1	1	1	1	2	2	1	1	1	1	1	1	1	1	1	1	1	1	2	2	1	2	1	1	1	1	2	1	1	1	1	2	1	1	1	1	2	2	2	1	1	1	1	1	2	1	1	2	1
IND141	1	1	2	1	2	1	1	1	1	1	1	1	1	1	1	1	1	1	1	1	1	2	1	1	1	1	2	1	1	1	1	2	2	1	2	1	1	1	1	1	2	1	2	1	1	2	1	2	1	1	2	1	1	1	2	2	1	1	2	1	1	1	2	1	1	1	1	2	1	2	1	2	1	1	1	1	1	1	1	1	2	1	2	2	1	1	1	2	1	2	2	1	2	2	1	2	2	1	2	1	1	2	2	1	2	2	1	2	1	1	1	2	1	1	1	1	1	1	1	1	1	1	2	2	2	1	2	2	1	1	1	1	1	1	1	2	1	1	1	1	1	2	1	1	1	2	2	1	1	1	1	2	1	1	1	1	1	1	2	2	2	2	2	1	1	1	2	2	2	1	2	1	1	1	1	1	1	1	1	2	1	1	2	1	1	2	1	2	2	1	1	1	1	1	2	1	2	2	1	2
IND142	1	1	2	1	2	1	1	1	1	1	1	1	1	1	1	1	1	1	2	1	1	2	1	1	1	1	1	2	1	1	1	2	1	1	1	1	1	2	1	1	2	1	1	1	2	1	1	2	1	1	2	2	1	1	1	2	1	1	2	1	1	1	2	1	1	2	1	2	1	2	1	2	1	1	1	2	1	2	2	1	1	2	2	2	1	2	1	2	1	1	2	2	2	1	1	1	2	1	1	1	1	2	2	1	1	2	1	1	1	1	1	2	1	1	2	1	1	1	1	1	2	1	2	1	2	1	2	2	1	1	1	1	1	1	1	1	1	1	1	1	1	2	1	1	1	2	2	1	1	2	1	2	1	1	1	2	1	1	2	2	1	1	2	1	1	1	2	1	2	1	2	1	1	1	1	1	1	1	1	1	2	1	1	1	1	2	2	1	1	2	2	1	1	1	1	1	2	2	2	2
IND143	1	1	1	1	1	1	1	1	1	1	1	1	1	1	1	1	2	1	2	1	1	2	1	1	1	1	1	1	1	2	1	2	2	1	1	1	1	2	2	1	2	1	2	1	1	1	1	2	1	1	1	2	1	1	1	2	1	1	2	1	1	1	2	1	1	2	1	2	1	1	1	2	1	1	1	2	1	2	2	1	2	1	1	1	1	1	1	1	1	1	1	2	2	2	1	2	2	1	1	1	1	2	2	1	2	2	1	2	1	1	1	2	1	1	1	2	2	2	1	1	2	1	1	2	1	2	1	2	1	1	1	1	1	1	1	1	1	1	1	1	1	1	1	1	1	2	2	1	2	2	2	2	1	2	1	2	1	2	2	2	1	1	2	1	1	1	2	2	1	1	2	2	1	1	1	1	1	1	1	1	1	1	2	1	1	2	1	1	1	1	2	1	1	1	1	2	2	2	2	2
IND144	1	1	1	1	2	1	1	1	1	1	1	1	1	1	2	1	1	1	2	1	1	2	1	1	1	1	1	2	1	2	1	2	2	1	2	1	1	1	1	1	2	1	1	1	2	1	2	1	1	1	2	1	1	1	1	2	1	1	2	1	1	1	2	1	1	2	1	2	1	2	1	2	1	1	1	1	1	1	2	1	1	2	2	2	1	2	1	1	1	2	1	1	2	1	1	1	2	1	1	1	1	1	2	1	2	2	1	2	1	1	1	2	1	1	1	1	1	2	1	1	1	1	1	2	2	2	1	2	1	1	1	1	1	1	1	2	1	1	1	1	1	2	1	1	1	2	2	1	2	1	1	2	1	2	1	2	1	2	2	2	1	1	2	1	1	1	2	2	1	1	2	1	1	1	1	1	1	1	1	2	2	1	1	1	1	2	2	2	1	2	2	1	1	1	2	1	2	2	1	2
IND145	1	1	1	1	2	1	1	1	1	1	2	1	1	1	2	1	1	1	1	1	1	2	1	1	1	1	2	1	1	1	1	1	2	1	2	1	1	2	2	1	2	1	1	1	2	2	2	2	1	1	2	1	1	1	2	2	1	1	1	1	1	1	2	1	1	2	1	2	1	1	1	2	1	1	1	2	1	1	2	1	1	1	1	2	1	1	1	1	1	1	1	2	2	2	1	1	2	1	2	1	1	2	1	1	1	2	1	2	1	1	1	2	1	1	1	2	1	2	1	1	2	2	1	1	1	1	2	2	1	1	1	1	1	1	1	2	1	1	1	1	1	1	1	1	1	2	2	1	1	1	1	2	1	2	1	1	1	1	2	1	1	1	2	1	1	1	2	2	2	1	2	2	1	1	1	1	1	1	1	1	2	1	2	1	1	1	1	2	1	2	2	1	1	1	1	2	1	2	1	2
IND146	1	1	2	1	1	1	1	1	1	1	1	1	2	1	1	1	1	1	2	1	1	2	1	1	1	1	1	2	1	2	1	1	2	1	2	1	1	1	1	1	2	1	1	1	2	1	2	1	1	1	2	2	1	1	1	2	1	1	2	1	1	1	2	1	1	2	1	2	1	2	1	2	1	1	1	1	1	2	1	1	1	2	2	1	1	1	1	2	1	2	2	2	2	1	1	1	2	1	2	1	1	2	2	1	1	2	1	1	1	1	1	2	1	1	1	2	2	1	2	1	2	2	1	2	1	2	2	2	1	1	1	1	1	1	1	2	1	1	1	1	1	2	1	1	1	2	2	1	1	2	1	2	1	2	1	1	1	2	2	2	2	2	2	1	1	1	2	2	2	1	2	1	1	1	1	1	1	1	1	2	2	1	1	1	1	2	1	2	1	2	2	1	1	1	1	2	1	2	1	2
IND147	1	1	1	1	1	1	1	1	1	1	1	1	2	1	2	1	2	1	1	1	1	2	1	1	1	1	1	2	1	1	1	2	1	1	1	1	1	1	1	1	2	1	2	1	2	1	1	2	1	1	1	1	1	1	1	2	1	1	1	1	1	1	2	1	1	2	1	2	1	2	1	2	1	1	1	1	1	2	1	1	2	1	2	2	1	2	1	2	1	1	1	2	2	1	1	1	2	1	2	1	1	1	2	1	2	2	1	2	1	1	1	2	1	1	2	1	1	2	1	1	1	1	2	2	1	2	1	2	1	1	1	1	1	1	1	2	1	1	1	1	1	1	1	1	1	2	2	1	1	2	1	2	1	2	1	2	1	2	2	1	1	2	2	1	1	1	2	2	1	1	2	2	1	1	1	1	1	1	1	2	2	1	1	1	1	2	1	2	2	2	1	1	1	1	2	1	1	2	1	2
IND148	1	1	2	1	2	1	1	1	1	1	1	1	2	1	1	1	1	1	2	1	1	2	1	1	1	1	2	2	1	2	1	2	2	1	1	1	1	2	2	1	2	1	2	1	2	1	2	2	1	1	1	2	1	1	2	2	1	1	1	1	1	1	2	1	1	2	1	2	1	2	1	2	1	1	1	1	1	2	1	1	2	2	1	1	1	1	1	1	1	2	1	2	2	1	1	1	2	1	2	1	1	1	2	1	2	2	1	2	1	1	1	2	1	1	2	2	2	2	2	1	2	2	2	1	1	1	2	2	1	1	1	1	1	1	1	2	1	1	1	1	1	2	1	1	1	2	2	1	2	1	2	2	1	2	1	1	1	2	2	2	2	1	2	1	1	1	2	2	2	1	2	2	1	1	1	1	1	1	1	1	1	1	2	1	1	1	2	2	1	2	1	1	1	1	1	2	1	2	2	2
IND149	1	1	1	1	2	1	1	1	1	1	2	1	2	1	1	1	1	1	2	1	1	2	1	1	1	1	1	1	1	2	1	2	2	1	2	1	1	2	1	1	2	1	2	1	1	1	2	1	1	1	1	2	1	1	2	2	1	1	1	1	1	1	2	1	1	2	1	2	1	1	1	2	1	1	1	1	1	2	2	1	1	1	1	2	1	2	1	1	1	1	1	1	2	2	1	2	2	1	1	1	1	1	1	1	1	2	1	2	1	1	1	2	1	1	1	1	2	2	2	1	2	2	2	1	2	2	2	2	1	1	1	1	1	1	1	1	1	1	1	1	1	2	1	1	1	2	2	1	1	1	1	2	1	1	1	2	1	1	2	1	2	1	2	1	1	1	2	2	2	1	2	2	1	1	1	1	1	1	1	1	1	1	1	1	1	2	2	2	2	2	2	1	1	1	1	1	1	1	2	2
IND150	1	1	2	1	2	1	1	1	1	1	1	1	1	1	2	1	1	1	1	1	1	2	1	1	1	1	1	1	1	2	1	1	2	1	2	1	1	1	2	1	2	1	2	1	1	2	1	1	1	1	1	2	1	1	2	2	1	1	2	1	1	1	2	1	1	2	1	2	1	2	1	2	1	1	1	1	1	1	1	1	1	1	1	2	1	2	1	2	1	1	1	1	2	2	1	1	2	1	1	1	1	1	2	1	2	2	1	1	1	1	1	2	1	1	1	2	2	1	1	1	1	1	2	1	1	2	2	2	1	1	1	1	1	1	1	2	1	1	1	1	1	2	1	1	1	2	2	1	2	2	1	2	1	1	1	1	1	1	2	1	2	1	2	1	1	1	2	2	1	1	2	2	1	1	1	1	1	1	1	1	1	1	1	1	1	2	2	2	2	1	2	1	1	1	1	1	2	2	2	2
IND151	1	1	2	1	2	1	1	1	1	1	2	1	2	1	1	1	2	1	1	1	1	2	1	1	1	1	1	1	1	2	1	2	2	1	1	1	1	1	1	1	2	1	1	1	1	1	1	1	1	1	1	2	1	1	1	2	1	1	2	1	1	1	2	1	1	1	1	2	1	1	1	2	1	1	1	2	1	1	2	1	1	2	2	2	1	2	1	1	1	1	2	1	2	2	1	2	2	1	1	1	1	2	1	1	2	2	1	2	1	1	1	2	1	1	2	2	1	2	1	1	1	1	2	1	2	2	2	2	1	1	1	1	1	1	1	1	1	1	1	1	1	2	1	1	1	2	2	1	1	1	2	2	1	2	1	2	1	2	2	2	2	1	2	1	1	1	2	1	2	1	2	2	1	1	1	1	1	1	1	2	2	1	2	1	1	1	1	1	1	2	2	1	1	1	2	2	1	2	2	2
IND152	1	1	1	1	1	1	1	1	1	1	1	1	2	1	1	1	1	1	1	1	1	2	1	1	1	1	1	2	1	1	1	2	1	1	1	1	1	2	1	1	2	1	1	1	2	1	1	2	1	1	1	2	1	1	1	2	1	1	1	1	1	1	2	1	1	2	1	2	1	2	1	2	1	1	1	1	1	1	1	1	1	1	1	1	1	1	1	1	1	1	1	2	2	1	1	2	2	1	1	1	1	1	2	1	1	2	1	2	1	1	1	2	1	1	2	1	2	2	2	1	2	2	2	2	2	2	2	2	1	1	1	1	1	1	1	1	1	1	1	1	1	2	1	1	1	2	2	1	2	1	2	2	1	1	1	1	1	2	2	1	2	1	2	1	1	1	2	2	1	1	2	2	1	1	1	1	1	1	1	2	2	1	2	1	1	1	2	2	2	2	2	1	1	1	2	1	2	1	1	2
IND153	1	1	2	1	1	1	1	1	1	1	1	1	1	1	2	1	1	1	1	1	1	2	1	1	1	1	1	2	1	2	1	2	1	1	1	1	1	2	2	1	2	1	1	1	2	1	2	2	1	1	1	1	1	1	2	2	1	1	2	1	1	1	2	1	1	2	1	2	1	1	1	2	1	1	1	2	1	1	2	1	1	2	2	2	1	2	1	1	1	2	1	1	2	1	1	2	2	1	2	1	1	2	2	1	2	2	1	1	1	1	1	2	1	1	2	1	1	1	2	1	1	1	1	1	2	2	2	2	1	1	1	1	1	1	1	2	1	1	1	1	1	2	1	1	1	2	2	1	2	1	1	2	1	2	1	1	1	1	2	2	2	1	2	1	1	1	2	2	1	1	2	2	1	1	1	1	1	1	1	2	2	1	2	1	1	2	1	1	2	2	2	1	1	1	1	1	1	2	2	2
IND154	1	1	2	1	2	1	1	1	1	1	1	1	1	1	1	1	1	1	1	1	1	2	1	1	1	1	1	1	1	2	1	2	2	1	1	1	1	1	1	1	2	1	1	1	1	2	2	1	1	1	1	2	1	1	2	2	1	1	2	1	1	1	2	1	1	2	1	2	1	1	1	2	1	1	1	2	1	1	1	1	1	1	1	1	1	2	1	2	1	1	2	1	2	2	1	2	2	1	1	1	1	2	1	1	1	2	1	1	1	1	1	2	1	1	1	1	1	1	1	1	1	1	1	2	2	1	1	2	1	1	1	1	1	1	1	1	1	1	1	1	1	1	1	1	1	2	2	1	1	1	2	2	1	2	1	1	1	1	2	1	1	2	2	1	1	1	2	1	2	1	2	1	1	1	1	1	1	1	1	1	1	1	2	1	1	2	1	2	1	1	1	1	1	1	1	2	2	1	1	2
IND155	1	1	2	1	2	1	1	1	1	1	1	1	2	1	2	1	2	1	2	1	1	2	1	1	1	1	2	1	1	2	1	1	1	1	1	1	1	2	2	1	2	1	1	1	1	2	2	2	1	1	2	2	1	1	2	2	1	1	1	1	1	1	2	1	1	2	1	2	1	1	1	2	1	1	1	2	1	1	1	1	1	1	1	1	1	2	1	2	1	2	1	2	2	1	1	2	2	1	1	1	1	2	2	1	2	2	1	1	1	1	1	2	1	1	1	2	2	2	2	1	2	1	1	1	1	1	1	2	1	1	1	1	1	1	1	1	1	1	1	1	1	1	1	1	1	2	2	1	2	2	1	2	1	1	1	2	1	2	2	1	2	2	2	1	1	1	2	1	2	1	2	1	1	1	1	1	1	1	1	1	2	1	2	1	1	1	2	1	1	1	1	1	1	1	2	1	1	1	2	2
IND156	1	1	1	1	1	1	1	1	1	1	1	1	1	1	1	1	2	1	2	1	1	2	1	1	1	1	1	1	1	1	1	2	2	1	2	1	1	2	1	1	2	1	1	1	2	1	2	1	1	1	1	1	1	1	2	2	1	1	1	1	1	1	2	1	1	1	1	2	1	2	1	2	1	1	1	1	1	2	1	1	1	1	1	2	1	2	1	1	1	2	1	2	2	2	1	2	2	1	1	1	1	1	2	1	2	2	1	2	1	1	1	2	1	1	1	2	2	1	1	1	2	1	2	2	2	1	1	2	1	1	1	1	1	1	1	1	1	1	1	1	1	2	1	1	1	2	2	1	2	2	2	2	1	2	1	1	1	2	2	1	1	2	2	1	1	1	2	1	2	1	2	2	1	1	1	1	1	1	1	2	1	1	1	1	1	1	1	1	2	1	2	1	1	1	2	1	2	2	1	2
IND157	1	1	2	1	1	1	1	1	1	1	1	1	2	1	2	1	2	1	1	1	1	2	1	1	1	1	1	2	1	2	1	1	1	1	2	1	1	1	1	1	2	1	1	1	1	1	1	2	1	1	2	1	1	1	2	2	1	1	2	1	1	1	2	1	1	1	1	2	1	1	1	2	1	1	1	1	1	1	2	1	1	2	1	1	1	2	1	1	1	2	1	2	2	1	1	2	2	1	2	1	1	1	2	1	2	2	1	2	1	1	1	2	1	1	1	2	1	1	2	1	1	1	2	1	1	1	1	2	1	1	1	1	1	1	1	1	1	1	1	1	1	2	1	1	1	2	2	1	1	2	2	2	1	2	1	2	1	1	2	1	2	2	2	1	1	1	2	2	2	1	2	1	1	1	1	1	1	1	1	2	2	1	1	1	1	2	1	1	2	2	2	1	1	1	2	2	1	2	2	2
IND158	1	1	1	1	2	1	1	1	1	1	2	1	2	1	1	1	2	1	2	1	1	2	1	1	1	1	1	2	1	1	1	2	2	1	1	1	1	1	2	1	2	1	1	1	1	1	2	1	1	1	1	1	1	1	2	2	1	1	1	1	1	1	2	1	1	1	1	2	1	2	1	2	1	1	1	2	1	2	1	1	1	1	2	2	1	2	1	2	1	2	2	2	2	2	1	2	2	1	1	1	1	2	1	1	2	2	1	1	1	1	1	2	1	1	1	2	1	1	1	1	1	2	1	2	1	2	1	2	1	1	1	1	1	1	1	1	1	1	1	1	1	2	1	1	1	2	2	1	2	1	1	2	1	1	1	1	1	2	2	2	2	2	2	1	1	1	2	2	1	1	2	1	1	1	1	1	1	1	1	2	1	1	1	1	1	2	2	2	1	1	1	1	1	1	2	2	2	2	2	2
IND159	1	1	1	1	1	1	1	1	1	1	2	1	1	1	1	1	1	1	1	1	1	2	1	1	1	1	1	2	1	2	1	2	2	1	1	1	1	1	1	1	2	1	1	1	2	1	1	2	1	1	2	2	1	1	2	2	1	1	2	1	1	1	2	1	1	2	1	2	1	1	1	2	1	1	1	2	1	1	2	1	2	1	2	2	1	2	1	2	1	1	1	2	2	1	1	2	2	1	2	1	1	2	2	1	1	2	1	1	1	1	1	2	1	1	2	2	2	1	1	1	2	2	2	2	1	1	1	2	1	1	1	1	1	1	1	2	1	1	1	1	1	2	1	1	1	2	2	1	2	1	1	2	1	2	1	1	1	1	2	2	1	2	2	1	1	1	2	2	2	1	2	2	1	1	1	1	1	1	1	1	2	1	1	1	1	2	2	2	2	1	2	1	1	1	2	1	2	2	1	2
IND160	1	1	2	1	2	1	1	1	1	1	2	1	2	1	2	1	2	1	2	1	1	2	1	1	1	1	2	2	1	1	1	2	2	1	1	1	1	1	1	1	2	1	2	1	1	1	2	1	1	1	1	1	1	1	1	2	1	1	2	1	1	1	2	1	1	1	1	2	1	1	1	2	1	1	1	1	1	1	1	1	1	1	1	1	1	2	1	2	1	2	1	1	2	2	1	1	2	1	1	1	1	2	2	1	1	2	1	1	1	1	1	2	1	1	2	1	2	1	1	1	2	2	1	2	1	2	1	2	1	1	1	1	1	1	1	2	1	1	1	1	1	1	1	1	1	2	2	1	2	2	1	2	1	2	1	1	1	1	2	2	2	1	2	1	1	1	2	1	1	1	2	2	1	1	1	1	1	1	1	1	1	1	2	1	1	2	1	2	2	2	2	1	1	1	1	1	2	2	1	2
IND161	2	1	1	2	1	2	1	1	2	1	2	1	2	1	1	1	1	1	2	2	1	2	1	2	1	2	2	1	1	2	2	1	2	1	1	1	2	1	1	1	2	1	2	1	2	1	1	1	1	1	1	2	1	1	2	2	1	1	1	1	2	1	1	2	1	1	2	2	1	1	1	2	1	2	1	1	2	1	1	1	2	1	1	1	1	2	1	1	1	1	1	2	1	2	1	1	1	1	2	1	1	2	1	1	1	1	1	2	1	2	1	1	1	1	1	1	1	1	1	2	2	2	1	1	1	1	1	2	2	1	1	1	1	1	1	2	2	2	1	1	1	2	1	2	2	1	1	1	1	1	1	2	1	2	1	1	2	1	2	1	2	1	1	1	1	2	1	1	1	2	1	1	1	1	1	1	1	2	1	1	2	1	1	1	1	1	1	1	1	2	2	2	1	2	1	1	1	2	1	1
IND162	1	2	1	2	1	2	1	1	1	1	2	1	2	1	1	1	2	1	1	2	1	2	1	2	1	1	2	1	1	2	2	1	2	1	1	1	2	1	1	2	2	1	2	2	1	2	1	1	1	1	1	2	2	1	2	2	2	1	1	2	2	1	1	2	1	1	2	2	1	1	1	2	1	2	1	1	1	1	1	1	2	1	1	1	2	2	1	1	1	2	1	2	2	2	1	1	1	1	2	1	1	1	1	1	2	1	1	2	1	2	1	1	1	1	2	1	1	2	1	2	2	2	1	1	1	1	1	2	1	1	1	1	1	1	1	2	2	2	2	2	1	2	1	2	1	2	1	1	1	1	1	2	1	2	1	1	2	1	1	1	1	1	1	1	1	1	1	1	1	2	1	1	1	1	1	1	1	2	1	1	2	1	1	1	1	1	1	1	2	2	2	1	1	1	2	1	1	2	1	1
IND163	1	2	1	1	1	2	1	1	1	1	2	1	2	1	2	1	1	2	2	2	1	1	1	2	1	1	1	1	1	1	1	1	2	1	1	1	1	1	1	1	2	1	2	2	2	1	1	1	1	1	1	1	1	1	2	2	2	1	1	2	2	1	2	2	1	2	1	2	1	1	1	2	1	2	1	1	1	1	1	1	2	1	1	1	2	2	1	1	1	2	1	2	1	1	1	2	1	1	2	1	1	2	2	1	1	1	1	2	1	2	1	1	1	1	2	1	1	1	1	2	2	2	1	1	2	1	1	2	2	1	1	1	1	2	1	2	2	2	2	1	1	1	1	2	2	2	1	1	1	1	1	2	1	2	1	1	2	1	1	1	1	1	1	1	2	2	1	2	1	2	1	1	1	1	1	1	1	2	1	1	2	1	1	1	1	1	1	1	2	2	2	1	1	2	1	1	1	2	1	1
IND164	2	2	1	2	1	2	1	1	2	1	2	1	2	1	1	1	1	2	1	2	1	1	1	2	1	1	2	1	1	1	1	1	1	1	1	1	1	2	1	1	2	1	2	1	2	1	1	2	1	1	1	2	2	1	2	2	2	1	1	1	1	1	1	1	1	1	1	2	1	2	1	2	1	1	1	1	2	1	1	1	1	1	1	2	2	2	1	1	1	1	1	2	2	1	1	2	2	1	1	1	1	2	2	1	2	1	1	1	1	2	1	1	1	1	1	1	1	2	1	2	2	2	1	1	1	1	1	2	2	1	1	1	1	2	1	2	2	1	1	1	1	2	1	1	1	1	1	1	1	1	1	2	1	2	1	1	2	1	2	1	2	1	1	1	2	1	1	1	1	2	1	1	1	1	1	1	1	1	1	1	2	1	1	1	1	1	1	2	1	2	2	1	1	1	1	1	1	2	1	1
IND165	1	2	1	1	1	2	1	2	1	1	2	1	2	1	1	1	1	2	1	2	1	1	1	2	1	2	2	2	1	2	2	1	2	1	1	1	2	2	1	1	2	1	2	1	1	2	1	2	1	1	1	2	1	1	2	1	2	1	1	2	2	1	2	1	1	1	1	2	1	2	1	2	2	1	1	1	1	1	1	2	1	1	1	1	1	2	1	1	1	2	1	2	1	1	1	1	2	1	1	1	1	2	2	1	2	1	1	1	1	2	1	1	1	1	1	1	1	1	1	2	2	2	1	1	1	1	1	2	2	1	1	1	1	2	1	2	2	2	1	1	1	2	1	1	2	1	1	1	1	1	1	2	1	2	1	1	2	1	2	1	2	1	1	1	1	1	1	2	1	1	1	1	1	1	1	1	1	1	1	1	2	1	1	1	1	1	1	2	2	2	2	1	1	1	1	2	2	2	2	1
IND166	2	2	1	2	1	2	1	2	2	1	2	1	2	1	1	1	2	2	1	2	1	1	1	2	1	1	2	1	1	2	2	1	1	1	1	1	2	1	1	2	2	1	2	2	1	2	1	2	1	1	1	1	1	1	2	2	2	1	1	1	1	1	1	2	1	1	1	2	1	1	1	2	2	1	1	1	1	1	1	2	2	1	1	1	2	2	1	1	1	2	1	2	1	2	1	2	2	1	1	1	1	1	2	1	1	1	1	1	1	2	1	1	1	1	2	1	1	2	1	2	2	2	1	1	2	1	1	2	2	1	1	1	1	2	1	2	2	2	2	2	1	1	1	1	2	2	1	1	1	1	1	2	1	2	1	1	2	1	2	1	1	1	1	1	2	2	1	2	1	2	1	1	1	1	1	1	1	2	1	1	2	1	1	1	1	1	1	2	2	2	2	1	1	1	1	1	1	1	2	1
IND167	1	1	1	2	1	2	1	1	2	1	2	1	2	1	2	1	2	1	1	2	1	2	1	2	1	1	1	2	1	1	2	1	1	1	1	1	2	1	1	2	2	1	2	2	1	1	1	2	1	1	1	2	2	1	2	2	2	1	1	1	2	1	2	2	2	1	2	2	1	1	1	2	2	2	1	1	2	1	1	1	2	1	1	1	2	2	1	1	1	1	1	2	1	2	1	1	2	1	1	1	1	1	1	1	1	1	1	2	1	2	1	1	1	1	2	1	1	1	1	2	2	2	1	1	2	1	1	2	1	1	1	1	1	1	1	2	2	2	2	1	1	2	1	1	1	2	1	1	1	1	1	2	1	1	1	1	2	1	2	1	1	1	1	1	1	1	1	2	1	2	1	1	1	1	1	1	1	2	1	1	2	1	1	1	1	1	1	2	1	2	2	1	1	2	1	2	1	2	1	1
IND168	2	2	1	2	1	2	1	2	2	1	2	1	2	1	2	1	1	2	1	2	1	2	1	2	1	2	1	2	1	1	1	1	2	1	2	1	2	2	1	1	2	1	1	1	1	2	1	1	1	1	1	2	2	1	2	1	1	1	1	1	2	1	1	2	2	2	1	2	1	2	1	2	2	2	1	1	1	1	1	2	1	1	1	1	2	2	1	1	1	1	1	2	1	1	1	1	2	1	2	1	1	2	1	1	1	1	1	1	1	2	1	1	1	1	2	1	1	1	1	2	2	2	1	1	2	1	1	2	1	1	1	1	1	2	1	2	2	2	1	1	1	1	1	2	1	1	1	1	1	1	1	2	1	1	1	1	2	1	1	1	2	1	1	1	1	1	1	1	1	2	1	1	1	1	1	1	1	1	1	1	2	1	1	1	1	1	1	2	1	2	2	1	1	1	1	1	2	2	1	1
IND169	1	2	1	1	1	2	1	1	1	1	2	1	2	1	1	1	2	1	1	2	1	2	1	2	1	1	1	1	1	2	1	1	1	1	1	1	1	2	1	1	2	1	1	2	1	1	1	2	1	1	1	1	2	1	2	2	1	1	1	1	2	1	1	2	1	1	1	2	1	2	1	2	2	1	1	1	2	1	1	2	1	1	1	2	2	2	1	1	1	2	1	2	2	2	1	1	1	1	2	1	1	2	2	1	2	1	1	1	1	2	1	1	1	1	1	1	1	2	1	2	2	2	1	1	2	1	1	2	2	1	1	1	1	1	1	2	2	2	1	2	1	1	1	1	1	2	1	1	1	1	1	2	1	1	1	1	2	1	2	1	1	1	1	1	2	2	1	2	1	1	1	1	1	1	1	1	1	2	1	1	2	1	1	1	1	1	1	2	2	2	2	1	1	2	1	1	1	2	1	1
IND170	2	2	1	2	1	2	1	2	2	1	2	1	2	1	2	1	1	1	2	2	1	2	1	2	1	1	1	1	1	2	1	1	2	1	2	1	2	2	1	1	2	1	2	1	2	2	1	1	1	1	1	1	2	1	2	2	2	1	1	1	2	1	2	2	2	2	2	2	1	2	1	2	1	2	1	1	2	1	1	1	1	1	1	1	1	2	1	1	1	2	1	2	2	1	1	2	1	1	2	1	1	2	1	1	2	1	1	2	1	2	1	1	1	1	1	1	1	2	1	2	2	2	1	1	1	1	1	2	1	1	1	1	1	2	1	2	2	2	2	2	1	1	1	1	1	1	1	1	1	1	1	2	1	1	1	1	2	1	2	1	1	1	1	1	1	1	1	2	1	1	1	1	1	1	1	1	1	1	1	1	2	1	1	1	1	1	1	1	1	2	2	1	1	1	1	1	2	2	2	1
IND171	1	1	1	2	1	2	1	1	1	1	2	1	2	1	2	1	2	2	1	2	1	2	1	2	1	1	1	2	1	1	1	1	2	1	1	1	1	2	1	2	2	1	1	1	1	1	1	2	1	1	1	1	1	1	2	2	2	1	1	1	1	1	1	1	2	2	1	2	1	1	1	2	1	1	1	1	2	1	1	1	1	1	1	2	2	2	1	1	1	2	1	2	2	1	1	1	1	1	1	1	1	1	1	1	2	1	1	1	1	2	1	1	1	1	1	1	1	2	1	2	2	2	1	1	2	1	1	2	1	1	1	1	1	2	1	2	2	1	2	2	1	1	1	1	2	1	1	1	1	1	1	2	1	2	1	1	2	1	1	1	2	1	1	1	2	2	1	2	1	2	1	1	1	1	1	1	1	2	1	1	2	1	1	1	1	1	1	2	2	2	2	1	1	2	1	1	1	1	2	1
IND172	1	1	1	1	1	2	1	2	2	1	2	1	2	1	1	1	1	1	1	2	1	2	1	2	1	2	2	2	1	1	2	1	1	1	2	1	1	2	1	2	2	1	1	2	2	2	1	1	1	1	1	1	2	1	2	2	2	1	1	1	1	1	2	2	1	1	2	2	1	2	1	2	1	1	1	1	1	1	1	2	2	1	1	1	1	2	1	1	1	1	1	2	1	2	1	1	2	1	1	1	1	2	2	1	1	1	1	2	1	2	1	1	1	1	1	1	1	2	1	2	2	2	1	1	1	1	1	2	2	1	1	1	1	2	1	2	2	1	2	2	1	1	1	2	2	2	1	1	1	1	1	2	1	1	1	1	2	1	1	1	1	1	1	1	2	1	1	2	1	2	1	1	1	1	1	1	1	1	1	1	2	1	1	1	1	1	1	2	2	2	2	2	1	2	1	2	2	1	2	1
IND173	2	2	1	1	1	2	1	2	2	1	2	1	2	1	1	1	1	2	2	2	1	1	1	2	1	1	1	1	1	1	2	1	2	1	1	1	2	2	1	1	2	1	2	2	1	2	1	1	1	1	1	1	2	1	2	1	2	1	1	1	1	1	2	1	1	2	2	2	1	1	1	2	2	1	1	1	1	1	1	1	2	1	1	2	1	2	1	1	1	2	1	2	1	2	1	2	1	1	2	1	1	2	2	1	1	1	1	2	1	2	1	1	1	1	1	1	1	1	1	2	2	2	1	1	1	1	1	2	1	1	1	1	1	1	1	2	2	2	2	1	1	2	1	2	1	2	1	1	1	1	1	2	1	1	1	1	2	1	2	1	1	1	1	1	1	2	1	2	1	1	1	1	1	1	1	1	1	1	1	1	2	1	1	1	1	1	1	1	2	2	2	2	1	1	2	1	2	1	2	1
IND174	2	1	1	2	1	2	1	1	2	1	2	1	2	1	1	1	2	2	1	2	1	2	1	2	1	2	1	2	1	2	2	1	2	1	1	1	2	2	1	1	2	1	1	2	2	1	1	2	1	1	1	2	2	1	2	1	2	1	1	2	1	1	1	1	1	2	2	2	1	1	1	2	1	2	1	1	1	1	1	1	1	1	1	1	2	2	1	1	1	2	1	2	2	1	1	1	1	1	1	1	1	1	2	1	2	1	1	2	1	2	1	1	1	1	1	1	1	1	1	2	2	2	1	1	1	1	1	2	1	1	1	1	1	2	1	2	2	2	1	1	1	1	1	2	1	1	1	1	1	1	1	2	1	1	1	1	2	1	2	1	1	1	1	1	1	1	1	1	1	1	1	1	1	1	1	1	1	1	1	1	2	1	1	1	1	1	1	2	2	2	2	1	1	2	1	2	1	1	1	1
IND175	1	2	1	2	1	2	1	1	2	1	2	1	2	1	1	1	1	2	1	2	1	2	1	2	1	2	1	2	1	1	1	1	1	1	2	1	2	2	1	1	2	1	1	1	2	1	1	2	1	1	1	2	2	1	2	2	2	1	1	1	2	1	2	2	2	1	2	2	1	2	1	2	2	2	1	1	1	1	1	2	1	1	1	1	1	2	1	1	1	1	1	2	2	2	1	2	1	1	2	1	1	1	1	1	1	1	1	2	1	2	1	1	1	1	2	1	1	1	1	2	2	2	1	1	1	1	1	2	1	1	1	1	1	1	1	2	2	2	2	1	1	2	1	1	1	2	1	1	1	1	1	2	1	1	1	1	2	1	2	1	2	1	1	1	2	2	1	2	1	2	1	1	1	1	1	1	1	1	1	1	2	1	1	1	1	1	1	1	2	2	2	1	1	1	2	1	1	1	1	1
IND176	2	2	1	2	1	2	1	1	1	1	2	1	2	1	1	1	1	1	2	2	1	1	1	2	1	2	2	1	1	1	2	1	1	1	2	1	2	2	1	2	2	1	2	1	2	1	1	2	1	1	1	1	2	1	2	2	2	1	1	2	1	1	2	2	2	1	1	2	1	2	1	2	1	2	1	1	1	1	1	2	1	1	1	2	1	2	1	1	1	1	1	2	1	2	1	1	2	1	1	1	1	2	1	1	2	1	1	2	1	2	1	1	1	1	2	1	1	1	1	2	2	2	1	1	2	1	1	2	2	1	1	1	1	1	1	2	2	1	1	2	1	1	1	1	2	1	1	1	1	1	1	2	1	1	1	1	2	1	1	1	2	1	1	1	2	2	1	2	1	1	1	1	1	1	1	1	1	2	1	1	2	1	1	1	1	1	1	2	1	2	2	2	1	2	2	1	1	1	1	1
IND177	1	2	1	2	1	2	1	1	1	1	2	1	2	1	1	1	2	2	2	2	1	1	1	2	1	1	1	1	1	1	2	1	2	1	1	1	2	2	1	1	2	1	2	2	2	2	1	1	1	1	1	1	2	1	2	1	1	1	1	2	1	1	2	2	2	2	2	2	1	1	1	2	1	2	1	1	2	1	1	1	1	1	1	2	2	2	1	1	1	2	1	2	1	1	1	2	1	1	2	1	1	1	2	1	1	1	1	2	1	2	1	1	1	1	1	1	1	2	1	2	2	2	1	1	2	1	1	2	2	1	1	1	1	1	1	2	2	1	2	2	1	2	1	1	2	1	1	1	1	1	1	2	1	2	1	1	2	1	1	1	2	1	1	1	1	1	1	2	1	1	1	1	1	1	1	1	1	1	1	1	2	1	1	1	1	1	1	1	1	2	2	2	1	1	2	1	2	1	2	1
IND178	2	1	1	2	1	2	1	1	1	1	2	1	2	1	2	1	1	1	1	2	1	1	1	2	1	1	2	1	1	2	2	1	1	1	2	1	2	1	1	2	2	1	1	1	1	1	1	2	1	1	1	2	1	1	2	2	2	1	1	2	1	1	1	1	2	2	1	2	1	2	1	2	2	1	1	1	1	1	1	1	2	1	1	2	2	2	1	1	1	2	1	2	1	2	1	1	2	1	1	1	1	1	1	1	2	1	1	2	1	2	1	1	1	1	2	1	1	1	1	2	2	2	1	1	1	1	1	2	2	1	1	1	1	1	1	2	2	1	2	2	1	2	1	2	2	1	1	1	1	1	1	2	1	2	1	1	2	1	1	1	1	1	1	1	2	1	1	1	1	2	1	1	1	1	1	1	1	2	1	1	2	1	1	1	1	1	1	1	1	2	2	1	1	1	1	1	1	2	2	1
IND179	1	1	1	1	1	2	1	2	1	1	2	1	2	1	1	1	2	1	1	2	1	1	1	2	1	2	2	2	1	2	1	1	2	1	1	1	1	1	1	2	2	1	1	1	2	1	1	1	1	1	1	2	2	1	2	1	1	1	1	2	1	1	1	1	2	2	1	2	1	1	1	2	2	2	1	1	2	1	1	2	2	1	1	1	2	2	1	1	1	1	1	2	2	2	1	2	1	1	1	1	1	1	2	1	1	1	1	1	1	2	1	1	1	1	2	1	1	1	1	2	2	2	1	1	1	1	1	2	1	1	1	1	1	1	1	2	2	1	2	2	1	1	1	1	1	2	1	1	1	1	1	2	1	2	1	1	2	1	1	1	2	1	1	1	1	1	1	1	1	2	1	1	1	1	1	1	1	1	1	1	2	1	1	1	1	1	1	1	1	2	2	2	1	1	2	1	1	1	1	1
IND180	2	1	1	1	1	2	1	1	2	1	2	1	2	1	1	1	1	1	2	2	1	2	1	2	1	1	1	2	1	1	1	1	1	1	2	1	2	1	1	2	2	1	2	1	1	2	1	1	1	1	1	1	1	1	2	1	2	1	1	1	1	1	1	2	1	2	1	2	1	1	1	2	1	2	1	1	1	1	1	2	1	1	1	2	2	2	1	1	1	2	1	2	2	2	1	2	1	1	1	1	1	1	1	1	1	1	1	1	1	2	1	1	1	1	2	1	1	1	1	2	2	2	1	1	1	1	1	2	1	1	1	1	1	2	1	2	2	2	1	1	1	2	1	1	2	2	1	1	1	1	1	2	1	2	1	1	2	1	1	1	2	1	1	1	2	1	1	1	1	2	1	1	1	1	1	1	1	1	1	1	2	1	1	1	1	1	1	1	1	2	2	2	1	1	2	1	2	2	1	1
IND181	2	1	1	2	1	1	1	2	1	1	1	1	1	1	2	1	1	1	1	2	1	2	2	1	1	1	1	1	1	2	1	2	1	1	2	1	1	1	2	1	1	1	1	2	1	1	2	1	1	1	1	2	1	1	1	2	1	2	1	2	2	1	1	1	1	2	1	2	1	2	1	1	1	2	1	2	1	1	1	1	1	1	1	1	2	1	1	2	2	2	1	2	1	2	2	1	2	2	2	1	2	2	1	1	2	1	1	1	1	2	2	2	1	1	1	2	1	2	2	1	1	1	2	2	2	1	1	1	2	1	2	2	1	1	1	2	1	2	2	1	1	2	1	1	1	1	1	1	2	1	1	1	1	2	1	2	1	1	2	1	1	1	1	1	1	2	1	1	1	1	2	2	1	1	1	2	1	1	1	1	1	1	1	1	2	1	1	2	2	2	2	2	1	2	2	1	1	2	2	2
IND182	2	2	1	2	1	2	1	2	1	1	1	1	2	1	2	1	1	1	2	2	1	2	2	1	1	2	1	1	1	2	1	2	1	1	1	1	1	1	2	1	1	1	1	2	1	2	2	2	1	2	1	2	1	1	1	2	1	2	2	1	2	1	1	1	1	2	2	2	1	1	1	2	1	1	1	2	2	1	2	1	1	1	1	1	2	1	1	2	2	2	1	2	1	2	1	1	1	2	2	1	2	2	1	1	2	2	1	2	1	2	2	2	2	1	1	1	1	2	2	1	1	1	2	2	2	1	1	1	2	1	2	2	1	2	1	2	1	2	2	1	1	2	1	1	1	2	2	1	2	1	1	2	1	1	1	1	1	1	2	2	1	1	2	1	1	2	1	2	1	1	2	1	1	1	1	2	1	1	1	1	1	1	1	1	1	1	1	2	2	2	1	1	1	1	1	1	1	2	2	1
IND183	2	1	1	2	1	2	1	2	1	1	1	2	2	1	2	1	1	1	2	2	1	1	1	1	2	1	2	1	1	2	1	1	1	2	1	1	1	1	2	1	1	1	1	1	1	1	1	1	1	2	1	2	1	1	1	2	1	2	1	2	2	1	1	1	1	2	1	2	1	2	1	1	1	2	1	2	1	2	1	1	1	2	1	1	2	1	1	2	2	2	1	1	1	2	1	2	2	2	1	2	1	2	1	1	2	1	2	1	1	1	2	2	2	1	1	1	1	1	1	1	1	1	1	1	2	1	1	1	2	1	2	2	1	1	1	2	2	2	1	1	1	2	2	1	1	2	2	1	2	1	1	1	1	1	1	2	1	2	2	1	2	1	1	1	1	2	1	2	1	1	2	1	1	1	1	2	1	1	1	1	1	1	1	1	2	1	2	2	2	1	1	1	1	1	2	1	1	2	2	1
IND184	1	2	1	2	1	2	1	1	1	1	1	1	2	1	2	1	1	1	1	2	1	1	2	1	1	1	2	1	1	2	1	1	1	2	2	1	1	1	2	1	1	1	1	1	1	2	2	2	1	2	1	2	1	1	1	2	2	2	1	2	2	1	1	1	1	2	1	2	1	1	1	2	1	2	1	2	2	2	1	1	1	2	1	1	2	2	1	2	2	2	1	1	2	2	1	1	1	2	2	2	1	2	1	1	2	2	1	2	1	2	2	1	2	1	2	1	1	1	2	1	1	1	2	1	2	1	1	1	1	1	2	2	1	2	1	2	2	2	1	1	1	2	1	1	1	1	2	2	2	2	1	1	1	1	1	2	1	2	2	1	1	1	2	1	1	2	1	2	1	1	2	1	1	1	1	1	1	1	1	1	1	1	1	1	1	2	2	2	2	1	2	2	1	1	2	1	1	2	2	1
IND185	1	1	1	2	1	1	1	2	1	1	1	1	1	1	1	1	1	1	2	2	1	1	1	1	1	1	1	1	1	2	1	2	1	1	1	1	1	1	2	1	1	1	1	1	1	2	2	2	1	2	1	2	1	1	1	2	1	2	1	2	2	1	1	1	1	2	2	2	1	1	1	2	1	2	1	1	2	2	1	1	1	2	1	1	1	2	1	2	2	2	1	2	1	2	2	2	1	2	2	2	2	2	1	1	2	1	1	2	1	2	2	1	2	1	2	1	1	2	1	2	1	1	1	2	2	1	1	1	1	1	2	2	1	2	1	2	1	2	1	1	1	2	1	1	1	1	1	1	2	2	1	2	1	2	1	1	1	1	1	1	1	1	1	1	1	2	1	2	1	1	2	2	1	1	1	2	1	1	1	1	1	1	1	1	1	1	2	2	2	1	2	2	1	1	1	1	1	2	2	2
IND186	2	2	1	2	1	2	1	2	1	1	1	2	2	1	1	1	1	1	1	2	1	2	2	1	2	1	2	1	1	2	1	1	1	1	1	1	1	1	2	1	1	1	1	1	1	1	1	2	1	1	1	2	1	1	1	2	1	2	1	1	2	1	1	1	1	2	1	2	1	2	1	2	1	1	1	1	2	2	2	1	1	2	1	1	1	1	1	2	2	2	1	1	2	2	1	1	1	2	1	1	1	2	1	1	2	1	1	1	1	1	2	1	1	1	2	2	1	1	1	1	1	1	2	1	2	1	1	1	2	1	2	2	1	1	1	2	1	2	1	1	1	2	1	1	1	1	2	2	2	2	1	1	1	2	1	2	1	1	2	2	1	1	2	1	1	2	1	2	1	1	2	2	1	1	1	2	1	1	1	1	1	1	1	1	2	2	2	2	2	2	2	2	1	2	1	1	1	2	2	2
IND187	1	2	1	2	1	1	1	2	1	1	1	2	1	1	1	1	1	1	2	2	1	2	1	1	1	1	2	1	1	2	1	1	1	1	2	1	1	1	2	1	1	1	1	2	1	2	1	1	1	1	1	2	1	2	1	2	1	2	1	1	2	1	1	2	1	2	1	2	1	1	1	1	1	1	1	2	1	2	1	1	1	1	1	1	2	2	1	2	2	2	1	2	2	2	2	2	1	2	1	1	1	2	1	1	2	1	2	2	1	2	2	1	2	1	2	2	1	2	2	2	1	1	1	1	2	1	1	1	2	1	2	1	1	2	1	2	1	2	1	1	1	2	1	1	1	2	2	2	2	1	1	1	1	1	1	1	1	1	1	1	2	1	2	1	1	2	1	2	1	1	2	1	1	1	1	1	1	1	1	1	1	1	1	1	2	2	2	2	2	2	2	1	1	2	2	1	1	2	2	2
IND188	1	1	1	2	1	2	1	2	1	1	1	2	1	1	1	1	1	1	2	2	1	1	1	1	1	1	1	1	1	2	1	2	1	2	1	1	1	1	2	1	1	1	1	2	1	1	1	2	1	1	1	2	1	1	1	2	2	2	1	2	2	1	1	2	1	2	2	2	1	1	1	2	1	2	1	1	2	2	2	1	1	2	1	1	2	1	1	2	2	2	1	2	2	2	1	1	2	2	1	2	1	2	1	1	2	2	1	1	2	1	2	1	1	1	1	1	1	2	2	1	1	1	1	1	2	1	1	1	2	1	2	1	1	2	1	2	1	2	1	1	1	2	1	1	1	2	2	2	2	1	1	2	1	2	2	1	1	1	2	2	1	1	2	1	1	2	1	1	1	1	2	2	1	1	1	2	1	1	1	1	1	1	1	1	1	2	2	2	2	1	1	1	1	2	1	1	1	2	2	1
IND189	2	2	1	2	1	1	1	2	1	1	1	2	1	1	2	1	1	1	1	2	1	1	1	1	1	2	1	1	1	2	1	1	1	1	2	1	1	1	2	1	1	1	1	1	1	1	1	2	1	2	1	2	1	1	1	2	2	2	2	1	2	1	1	2	1	2	1	2	1	1	1	2	1	1	1	2	2	1	1	1	1	2	1	1	1	2	1	2	2	2	1	2	1	2	1	1	2	2	2	1	2	2	1	1	2	2	1	1	2	2	2	2	2	1	2	1	1	2	1	2	1	1	1	2	2	1	1	1	2	1	2	1	1	1	1	2	2	2	2	1	1	2	1	1	1	2	1	1	2	1	1	1	1	2	1	2	1	2	2	2	1	1	1	1	1	2	1	1	1	1	2	2	1	1	1	2	1	1	1	1	1	1	1	1	2	2	2	2	2	1	2	1	1	1	2	1	1	2	2	1
IND190	1	1	1	2	1	2	1	2	1	1	1	1	1	1	2	1	1	1	2	2	1	2	1	1	2	2	2	1	1	2	1	2	1	2	2	1	1	1	2	1	1	1	1	1	1	1	2	2	1	1	1	2	1	2	1	2	1	2	2	1	2	1	1	2	1	2	2	2	1	1	1	2	1	2	1	1	2	1	1	1	1	1	1	1	1	1	1	2	2	2	1	2	1	2	2	2	2	2	1	2	2	2	1	1	2	2	1	2	1	2	2	2	2	1	2	2	1	1	2	2	1	1	2	1	2	1	1	1	1	1	2	1	1	1	1	2	2	2	2	1	1	2	1	1	1	1	1	2	2	2	1	1	1	2	2	2	1	2	1	2	2	1	1	1	1	2	1	1	1	1	2	2	1	1	1	1	1	1	1	1	1	1	1	1	1	1	1	2	2	2	2	2	1	2	2	1	1	2	2	1
IND191	1	2	1	2	1	1	1	1	1	1	1	2	2	1	2	1	1	1	2	2	1	1	2	1	1	2	1	1	1	2	1	2	1	1	1	1	1	1	2	1	1	1	1	2	1	1	1	2	1	2	1	2	1	2	1	2	1	2	2	1	2	1	1	2	1	2	1	2	1	1	1	2	1	1	1	2	2	1	2	1	1	1	1	1	2	1	1	2	2	2	1	2	1	2	1	2	1	2	1	1	1	2	1	1	2	2	1	1	2	1	2	2	1	1	1	1	1	1	1	2	1	1	1	1	2	1	1	1	1	1	2	1	1	1	1	2	1	2	1	1	1	2	2	1	1	1	2	1	2	2	1	2	1	2	1	2	1	2	1	1	2	1	1	1	1	2	1	1	1	1	2	1	1	1	1	2	1	1	1	1	1	1	1	1	2	1	1	2	2	1	2	1	1	1	2	1	1	2	2	1
IND192	1	1	1	2	1	2	1	1	1	1	1	1	1	1	2	1	1	1	2	2	1	1	2	1	2	1	2	1	1	2	1	1	1	1	1	1	1	1	2	1	1	1	1	2	1	1	1	1	1	2	1	2	1	1	1	2	1	2	2	1	2	1	1	1	1	2	1	2	1	2	1	1	1	1	1	1	2	2	1	1	1	1	1	1	1	1	1	2	2	2	1	1	2	2	1	1	2	2	1	1	2	2	1	1	2	2	2	1	2	1	2	2	1	1	1	1	1	1	1	1	1	1	1	1	2	1	1	1	2	1	2	1	1	1	1	2	2	2	1	1	1	2	2	1	1	1	2	1	2	1	1	1	1	2	2	1	1	1	1	1	2	1	1	1	1	2	1	1	1	1	2	1	1	1	1	2	1	1	1	1	1	1	1	1	2	1	2	2	2	2	1	1	1	1	1	1	1	2	2	2
IND193	1	1	1	2	1	2	1	1	1	1	1	2	2	1	2	1	1	1	1	2	1	2	2	1	1	2	1	1	1	2	1	2	1	2	1	1	1	1	2	1	1	1	1	1	1	1	1	2	1	2	1	2	1	2	1	2	1	2	2	2	2	1	1	1	1	2	2	2	1	1	1	2	1	1	1	2	2	2	2	1	1	1	1	1	2	2	1	2	2	2	1	2	1	2	2	2	1	2	1	2	2	2	1	1	2	1	2	2	2	2	2	1	1	1	2	1	1	1	2	2	1	1	2	2	2	1	1	1	2	1	2	2	1	2	1	2	2	2	2	1	1	2	1	1	1	2	1	1	2	2	1	2	1	1	2	2	1	1	1	1	1	1	1	1	1	2	1	2	1	1	2	1	1	1	1	2	1	1	1	1	1	1	1	1	1	2	1	2	2	1	1	1	1	1	1	1	1	2	2	2
IND194	1	1	1	2	1	1	1	1	1	1	1	1	1	1	2	1	1	1	1	2	1	1	1	1	2	1	1	1	1	2	1	2	1	2	1	1	1	1	2	1	1	1	1	2	1	2	1	2	1	1	1	2	1	2	1	2	1	2	2	1	2	1	1	1	1	2	2	2	1	1	1	1	1	1	1	2	2	2	2	1	1	2	1	1	1	2	1	2	2	2	1	2	1	2	1	1	1	2	2	2	2	2	1	1	2	2	2	1	1	1	2	2	1	1	2	2	1	1	1	2	1	1	2	2	2	1	1	1	2	1	2	2	1	2	1	2	2	2	2	1	1	2	1	1	1	1	1	1	2	2	1	2	1	1	1	1	1	2	2	2	2	1	2	1	1	2	1	2	1	1	2	2	1	1	1	2	1	1	1	1	1	1	1	1	1	1	2	2	2	2	2	2	1	1	2	1	1	2	2	1
IND195	1	1	1	2	1	2	1	2	1	1	1	2	2	1	2	1	1	1	2	2	1	2	1	1	1	1	1	1	1	2	1	2	1	2	1	1	1	1	2	1	1	1	1	1	1	1	2	1	1	2	1	2	1	1	1	2	1	2	1	1	2	1	1	2	1	2	1	2	1	1	1	2	1	1	1	1	1	2	2	1	1	1	1	1	2	1	1	2	2	2	1	1	2	2	1	2	2	2	1	2	1	2	1	1	2	1	1	2	1	1	2	1	2	1	1	2	1	1	2	2	1	1	2	1	2	1	1	1	1	1	2	1	1	1	1	2	2	2	2	1	1	2	2	1	1	1	1	2	2	1	1	1	1	2	1	1	1	2	1	2	2	1	2	1	1	2	1	2	1	1	2	1	1	1	1	2	1	1	1	1	1	1	1	1	2	2	1	2	2	2	1	1	1	2	2	1	1	2	2	1
IND196	2	1	1	2	1	1	1	2	1	1	1	1	2	1	1	1	1	1	1	2	1	2	2	1	1	1	2	1	1	2	1	2	1	2	1	1	1	1	2	1	1	1	1	2	1	1	2	1	1	2	1	2	1	1	1	2	1	2	2	2	2	1	1	2	1	2	1	2	1	2	1	2	1	2	1	2	2	1	2	1	1	1	1	1	2	2	1	2	2	2	1	2	2	2	1	1	2	2	2	2	1	2	1	1	2	2	1	1	2	2	2	2	2	1	2	2	1	2	2	1	1	1	1	2	2	1	1	1	1	1	2	2	1	2	1	2	2	2	2	1	1	2	1	1	1	2	2	2	2	1	1	1	1	2	2	1	1	2	2	1	2	1	2	1	1	2	1	2	1	1	2	1	1	1	1	2	1	1	1	1	1	1	1	1	2	1	2	2	2	1	1	1	1	1	1	1	1	2	2	1
IND197	1	2	1	2	1	2	1	1	1	1	1	1	2	1	1	1	1	1	2	2	1	1	1	1	1	2	2	1	1	2	1	2	1	1	1	1	1	1	2	1	1	1	1	1	1	1	2	1	1	2	1	2	1	2	1	2	1	2	1	2	2	1	1	1	1	2	1	2	1	2	1	1	1	1	1	1	1	2	1	1	1	1	1	1	1	1	1	2	2	2	1	2	2	2	2	2	1	2	1	1	1	2	1	1	2	1	2	1	2	2	2	2	1	1	1	1	1	2	2	2	1	1	1	2	2	1	1	1	1	1	2	1	1	2	1	2	1	2	2	1	1	2	1	1	1	1	2	2	2	1	1	1	1	1	1	1	1	2	1	1	1	1	1	1	1	2	1	1	1	1	2	2	1	1	1	2	1	1	1	1	1	1	1	1	2	2	1	2	2	2	2	2	1	1	1	1	1	2	2	2
IND198	1	2	1	2	1	2	1	1	1	1	1	2	1	1	1	1	1	1	1	2	1	2	2	1	1	2	1	1	1	2	1	2	1	2	2	1	1	1	2	1	1	1	1	1	1	2	1	1	1	1	1	2	1	2	1	2	2	2	2	2	2	1	1	2	1	2	1	2	1	1	1	1	1	2	1	2	1	2	2	1	1	1	1	1	1	1	1	2	2	2	1	1	1	2	1	2	1	2	2	1	2	2	1	1	2	1	2	2	2	1	2	1	1	1	2	1	1	1	1	1	1	1	2	1	2	1	1	1	1	1	2	2	1	2	1	2	2	2	1	1	1	2	2	1	1	1	2	1	2	2	1	2	1	1	2	1	1	1	1	1	1	1	1	1	1	2	1	2	1	1	2	2	1	1	1	2	1	1	1	1	1	1	1	1	1	2	2	2	2	2	2	2	1	2	1	1	1	2	2	2
IND199	1	1	1	2	1	1	1	2	1	1	1	2	1	1	2	1	1	1	2	2	1	2	1	1	1	2	2	1	1	2	1	1	1	2	1	1	1	1	2	1	1	1	1	2	1	2	1	2	1	1	1	2	1	2	1	2	2	2	1	1	2	1	1	1	1	2	2	2	1	1	1	1	1	2	1	1	1	2	1	1	1	1	1	1	2	1	1	2	2	2	1	2	1	2	2	1	2	2	2	1	1	2	1	1	2	2	1	2	1	1	2	1	1	1	1	2	1	2	2	1	1	1	2	1	2	1	1	1	1	1	2	1	1	2	1	2	1	2	2	1	1	2	1	1	1	1	1	1	2	2	1	2	1	2	1	1	1	2	1	1	1	1	1	1	1	2	1	1	1	1	2	1	1	1	1	1	1	1	1	1	1	1	1	1	1	2	1	2	2	1	1	1	1	2	1	1	1	2	2	1
IND200	2	2	1	2	1	1	1	2	1	1	1	1	2	1	1	1	1	1	1	2	1	1	1	1	1	2	2	1	1	2	1	2	1	1	1	1	1	1	2	1	1	1	1	2	1	2	1	2	1	1	1	2	1	1	1	2	2	2	2	1	2	1	1	2	1	2	1	2	1	1	1	1	1	1	1	2	1	2	2	1	1	1	1	1	2	2	1	2	2	2	1	1	1	2	2	2	2	2	1	1	1	2	1	1	2	2	2	1	2	2	2	2	1	1	1	2	1	2	2	1	1	1	2	2	2	1	1	1	2	1	2	2	1	2	1	2	2	2	2	1	1	2	2	1	1	2	1	2	2	1	1	2	1	2	1	2	1	1	2	2	2	1	2	1	1	2	1	2	1	1	2	2	1	1	1	1	1	1	1	1	1	1	1	1	2	2	2	2	2	2	1	1	1	1	2	1	1	2	2	1
