blk47	 0 1 2 3
blk48	 4 5
blk49	 6 7
blk50	 8 9 10
blk51	 11 12 13 14 15
blk52	 16 17
blk53	 18 19 20
blk54	 21 22
blk55	 23 24 25
blk56	 26 27
blk57	 28 29 30
blk58	 31
blk59	 32 33 34
blk60	 35
blk61	 36
blk62	 37 38 39 40
blk63	 41 42 43 44
blk64	 45 46 47
blk65	 48
blk66	 49 50 51
blk67	 52
blk68	 53
blk69	 54 55 56 57
blk70	 58 59 60 61 62 63 64 65
blk71	 66
blk72	 67
blk73	 68 69
blk74	 70 71
blk75	 72
blk76	 73
blk77	 74 75
blk78	 76 77
blk79	 78 79
blk80	 80 81
blk81	 82
blk82	 83
blk83	 84 85 86 87
blk84	 88 89 90
blk85	 91
blk86	 92
blk87	 93 94 95 96 97 98
blk88	 99
