blk178	0	1	2
blk179	3	4
blk180	5	6	7	8
blk181	9	10
blk182	11	12	13
blk183	14	15	16	17
blk184	18
blk185	19
blk186	20	21	22
blk187	23
blk188	24	25	26	27
blk189	28	29	30	31
blk190	32
blk191	33	34
blk192	35	36	37
blk193	38	39	40	41
blk194	42	43
blk195	44	45	46
blk196	47
blk197	48	49
blk198	50	51	52
blk199	53	54
blk200	55	56	57
blk201	58	59	60
blk202	61
blk203	62	63	64
blk204	65	66	67
blk205	68	69
blk206	70
blk207	71	72
blk208	73	74
blk209	75
blk210	76	77	78
blk211	79
blk212	80	81	82
blk213	83
blk214	84	85
blk215	86	87	88
blk216	89
blk217	90	91	92	93	94
blk218	95	96	97	98
blk219	99
