ID	hap_1_1	hap_1_1	hap_1_2	hap_1_2	hap_2_1	hap_2_1	hap_2_2	hap_2_2	hap_3_1	hap_3_1	hap_3_2	hap_3_2	hap_4_1	hap_4_1	hap_4_2	hap_4_2	hap_5_1	hap_5_1	hap_5_2	hap_5_2	hap_6_1	hap_6_1	hap_6_2	hap_6_2	hap_7_1	hap_7_1	hap_7_2	hap_7_2	hap_8_1	hap_8_1	hap_8_2	hap_8_2	hap_9_1	hap_9_1	hap_9_2	hap_9_2	hap_10_1	hap_10_1	hap_10_2	hap_10_2	hap_11_1	hap_11_1	hap_11_2	hap_11_2	hap_12_1	hap_12_1	hap_12_2	hap_12_2	hap_13_1	hap_13_1	hap_13_2	hap_13_2	hap_14_1	hap_14_1	hap_14_2	hap_14_2	hap_15_1	hap_15_1	hap_15_2	hap_15_2	hap_16_1	hap_16_1	hap_16_2	hap_16_2	hap_17_1	hap_17_1	hap_17_2	hap_17_2	hap_18_1	hap_18_1	hap_18_2	hap_18_2	hap_19_1	hap_19_1	hap_19_2	hap_19_2	hap_20_1	hap_20_1	hap_20_2	hap_20_2	hap_21_1	hap_21_1	hap_21_2	hap_21_2	hap_22_1	hap_22_1	hap_22_2	hap_22_2	hap_23_1	hap_23_1	hap_23_2	hap_23_2	hap_24_1	hap_24_1	hap_24_2	hap_24_2	hap_25_1	hap_25_1	hap_25_2	hap_25_2	hap_26_1	hap_26_1	hap_26_2	hap_26_2	hap_27_1	hap_27_1	hap_27_2	hap_27_2	hap_28_1	hap_28_1	hap_28_2	hap_28_2	hap_29_1	hap_29_1	hap_29_2	hap_29_2	hap_30_1	hap_30_1	hap_30_2	hap_30_2	hap_31_1	hap_31_1	hap_31_2	hap_31_2	hap_32_1	hap_32_1	hap_32_2	hap_32_2	hap_33_1	hap_33_1	hap_33_2	hap_33_2	hap_34_1	hap_34_1	hap_34_2	hap_34_2	hap_35_1	hap_35_1	hap_35_2	hap_35_2	hap_36_1	hap_36_1	hap_36_2	hap_36_2	hap_37_1	hap_37_1	hap_37_2	hap_37_2	hap_38_1	hap_38_1	hap_38_2	hap_38_2	hap_39_1	hap_39_1	hap_39_2	hap_39_2	hap_40_1	hap_40_1	hap_40_2	hap_40_2	hap_41_1	hap_41_1	hap_41_2	hap_41_2	hap_42_1	hap_42_1	hap_42_2	hap_42_2
IND00001	3	3	3	3	4	4	2	2	1	1	5	5	3	3	1	1	5	5	6	6	12	12	1	1	2	2	1	1	1	1	1	1	3	3	5	5	2	2	1	1	14	14	6	6	8	8	3	3	1	1	1	1	3	3	1	1	3	3	3	3	11	11	10	10	2	2	3	3	2	2	3	3	1	1	1	1	1	1	4	4	5	5	7	7	3	3	2	2	6	6	1	1	3	3	6	6	2	2	2	2	1	1	7	7	7	7	5	5	4	4	2	2	1	1	2	2	4	4	3	3	1	1	2	2	2	2	1	1	7	7	7	7	1	1	2	2	1	1	4	4	2	2	1	1	3	3	3	3	3	3	8	8	2	2	1	1	15	15	5	5	1	1	13	13	2	2	1	1
IND00002	4	4	7	7	1	1	4	4	10	10	9	9	2	2	4	4	1	1	2	2	16	16	16	16	1	1	1	1	2	2	2	2	4	4	8	8	1	1	1	1	3	3	8	8	11	11	2	2	2	2	2	2	1	1	2	2	8	8	8	8	3	3	8	8	2	2	1	1	1	1	3	3	2	2	1	1	1	1	4	4	8	8	7	7	2	2	2	2	3	3	2	2	2	2	6	6	2	2	1	1	4	4	7	7	6	6	3	3	3	3	3	3	2	2	1	1	3	3	4	4	4	4	1	1	2	2	1	1	1	1	5	5	1	1	2	2	3	3	6	6	2	2	2	2	1	1	2	2	4	4	4	4	2	2	2	2	10	10	24	24	13	13	6	6	1	1	2	2
IND00003	1	1	7	7	2	2	1	1	16	16	15	15	2	2	2	2	3	3	3	3	2	2	9	9	2	2	2	2	1	1	1	1	6	6	7	7	2	2	1	1	5	5	4	4	10	10	1	1	2	2	2	2	4	4	3	3	4	4	5	5	15	15	16	16	4	4	4	4	3	3	1	1	1	1	1	1	3	3	2	2	3	3	8	8	1	1	2	2	4	4	2	2	4	4	8	8	1	1	2	2	3	3	5	5	6	6	5	5	2	2	4	4	2	2	1	1	3	3	3	3	3	3	4	4	1	1	1	1	4	4	1	1	1	1	1	1	7	7	4	4	1	1	2	2	4	4	3	3	2	2	3	3	2	2	1	1	9	9	27	27	11	11	1	1	1	1	2	2
IND00004	1	1	2	2	1	1	2	2	16	16	13	13	2	2	1	1	2	2	5	5	16	16	6	6	2	2	2	2	1	1	1	1	8	8	1	1	2	2	1	1	6	6	14	14	14	14	6	6	2	2	1	1	1	1	3	3	4	4	3	3	6	6	11	11	3	3	1	1	5	5	4	4	1	1	2	2	3	3	4	4	1	1	8	8	1	1	3	3	6	6	1	1	6	6	5	5	1	1	2	2	4	4	5	5	6	6	3	3	4	4	4	4	1	1	1	1	4	4	1	1	2	2	4	4	2	2	1	1	6	6	1	1	1	1	1	1	1	1	1	1	1	1	2	2	1	1	4	4	8	8	6	6	1	1	1	1	11	11	13	13	15	15	9	9	1	1	1	1
IND00005	7	7	7	7	1	1	4	4	15	15	15	15	3	3	4	4	3	3	5	5	13	13	13	13	2	2	2	2	2	2	2	2	6	6	7	7	2	2	1	1	3	3	15	15	3	3	9	9	2	2	1	1	3	3	4	4	7	7	3	3	15	15	14	14	1	1	4	4	6	6	8	8	1	1	1	1	4	4	4	4	6	6	7	7	2	2	4	4	1	1	3	3	5	5	5	5	1	1	1	1	8	8	6	6	8	8	8	8	1	1	1	1	1	1	1	1	1	1	4	4	3	3	4	4	2	2	1	1	4	4	3	3	2	2	2	2	2	2	3	3	2	2	1	1	4	4	4	4	3	3	5	5	1	1	2	2	28	28	32	32	15	15	16	16	2	2	2	2
IND00006	4	4	8	8	3	3	3	3	15	15	8	8	1	1	4	4	8	8	1	1	11	11	10	10	1	1	1	1	2	2	1	1	8	8	7	7	2	2	1	1	14	14	1	1	12	12	6	6	1	1	1	1	2	2	2	2	1	1	6	6	15	15	5	5	4	4	2	2	3	3	8	8	2	2	1	1	3	3	4	4	8	8	1	1	1	1	3	3	7	7	5	5	6	6	7	7	1	1	2	2	1	1	7	7	6	6	2	2	1	1	1	1	2	2	1	1	3	3	1	1	3	3	2	2	1	1	2	2	3	3	1	1	1	1	2	2	3	3	5	5	2	2	1	1	1	1	4	4	7	7	2	2	2	2	2	2	4	4	4	4	5	5	8	8	2	2	2	2
IND00007	5	5	5	5	4	4	1	1	12	12	5	5	1	1	2	2	3	3	3	3	10	10	2	2	1	1	1	1	2	2	2	2	4	4	4	4	2	2	2	2	4	4	3	3	4	4	4	4	2	2	2	2	1	1	4	4	2	2	7	7	1	1	10	10	3	3	1	1	7	7	3	3	1	1	1	1	4	4	2	2	2	2	4	4	4	4	2	2	2	2	8	8	3	3	2	2	2	2	1	1	4	4	4	4	8	8	5	5	1	1	3	3	1	1	2	2	1	1	1	1	3	3	3	3	2	2	2	2	3	3	3	3	1	1	1	1	6	6	8	8	2	2	2	2	4	4	2	2	1	1	3	3	2	2	2	2	5	5	20	20	16	16	7	7	2	2	2	2
IND00008	4	4	7	7	3	3	4	4	1	1	3	3	3	3	4	4	4	4	8	8	7	7	15	15	2	2	2	2	1	1	2	2	5	5	1	1	1	1	2	2	9	9	3	3	7	7	12	12	2	2	1	1	1	1	3	3	6	6	4	4	13	13	14	14	2	2	3	3	3	3	7	7	1	1	2	2	4	4	3	3	4	4	6	6	1	1	4	4	4	4	7	7	7	7	3	3	1	1	2	2	3	3	5	5	1	1	5	5	4	4	2	2	1	1	1	1	4	4	2	2	2	2	1	1	1	1	2	2	5	5	7	7	1	1	2	2	5	5	2	2	2	2	1	1	2	2	2	2	3	3	4	4	1	1	1	1	13	13	1	1	4	4	16	16	1	1	2	2
IND00009	6	6	4	4	4	4	2	2	15	15	5	5	4	4	1	1	5	5	3	3	4	4	4	4	2	2	1	1	1	1	1	1	1	1	1	1	1	1	1	1	7	7	9	9	5	5	10	10	1	1	2	2	2	2	2	2	4	4	2	2	10	10	14	14	1	1	3	3	4	4	8	8	1	1	1	1	2	2	3	3	3	3	6	6	1	1	1	1	7	7	6	6	1	1	4	4	2	2	1	1	4	4	1	1	7	7	7	7	4	4	4	4	1	1	1	1	4	4	1	1	1	1	3	3	2	2	2	2	3	3	7	7	1	1	1	1	3	3	5	5	2	2	1	1	2	2	4	4	6	6	2	2	2	2	1	1	23	23	31	31	16	16	7	7	2	2	1	1
IND00010	2	2	3	3	2	2	2	2	15	15	2	2	1	1	4	4	8	8	1	1	11	11	13	13	2	2	1	1	1	1	2	2	7	7	2	2	2	2	1	1	10	10	1	1	9	9	5	5	2	2	2	2	1	1	3	3	2	2	4	4	10	10	4	4	2	2	1	1	7	7	7	7	1	1	1	1	3	3	4	4	2	2	3	3	3	3	3	3	5	5	4	4	1	1	8	8	2	2	1	1	1	1	5	5	4	4	3	3	1	1	3	3	2	2	2	2	2	2	1	1	1	1	2	2	2	2	2	2	5	5	6	6	2	2	1	1	8	8	7	7	1	1	2	2	3	3	4	4	4	4	6	6	2	2	2	2	1	1	16	16	15	15	12	12	1	1	1	1
IND00011	7	7	6	6	1	1	2	2	9	9	15	15	2	2	4	4	6	6	5	5	3	3	12	12	1	1	2	2	2	2	1	1	5	5	2	2	2	2	1	1	8	8	16	16	1	1	13	13	1	1	1	1	4	4	2	2	2	2	5	5	9	9	13	13	2	2	4	4	7	7	2	2	2	2	2	2	3	3	3	3	8	8	2	2	1	1	2	2	6	6	2	2	5	5	3	3	1	1	1	1	2	2	7	7	8	8	6	6	3	3	4	4	2	2	1	1	1	1	4	4	2	2	3	3	2	2	1	1	6	6	8	8	2	2	2	2	3	3	6	6	1	1	1	1	1	1	3	3	7	7	4	4	2	2	2	2	13	13	13	13	7	7	14	14	2	2	2	2
IND00012	2	2	8	8	2	2	3	3	10	10	10	10	3	3	1	1	6	6	7	7	14	14	16	16	1	1	2	2	2	2	1	1	2	2	7	7	2	2	1	1	8	8	15	15	8	8	2	2	1	1	2	2	3	3	1	1	8	8	2	2	8	8	5	5	1	1	4	4	6	6	2	2	1	1	1	1	3	3	3	3	8	8	1	1	4	4	1	1	5	5	4	4	1	1	4	4	1	1	1	1	8	8	5	5	6	6	1	1	4	4	1	1	2	2	1	1	1	1	2	2	1	1	1	1	2	2	2	2	5	5	1	1	2	2	2	2	2	2	8	8	2	2	2	2	3	3	1	1	6	6	3	3	1	1	1	1	30	30	32	32	12	12	6	6	2	2	1	1
IND00013	5	5	1	1	3	3	1	1	7	7	16	16	3	3	4	4	2	2	4	4	3	3	13	13	2	2	2	2	1	1	2	2	6	6	4	4	1	1	2	2	14	14	10	10	3	3	16	16	1	1	2	2	3	3	4	4	7	7	7	7	3	3	14	14	1	1	3	3	2	2	4	4	1	1	2	2	2	2	1	1	7	7	7	7	1	1	4	4	2	2	3	3	3	3	7	7	1	1	1	1	3	3	3	3	5	5	2	2	1	1	3	3	1	1	1	1	3	3	1	1	1	1	1	1	1	1	1	1	7	7	5	5	1	1	1	1	4	4	7	7	2	2	1	1	4	4	2	2	6	6	8	8	2	2	2	2	29	29	20	20	11	11	7	7	1	1	1	1
IND00014	4	4	5	5	2	2	1	1	7	7	14	14	4	4	4	4	1	1	6	6	6	6	13	13	2	2	1	1	1	1	2	2	2	2	7	7	2	2	2	2	3	3	14	14	10	10	16	16	1	1	2	2	2	2	1	1	5	5	5	5	6	6	3	3	2	2	3	3	6	6	3	3	1	1	1	1	4	4	1	1	4	4	2	2	2	2	4	4	1	1	2	2	5	5	1	1	1	1	1	1	6	6	2	2	1	1	1	1	4	4	1	1	1	1	1	1	2	2	3	3	3	3	1	1	1	1	2	2	5	5	8	8	1	1	1	1	2	2	5	5	2	2	2	2	4	4	2	2	6	6	4	4	2	2	2	2	28	28	18	18	11	11	5	5	2	2	2	2
IND00015	1	1	4	4	2	2	3	3	15	15	7	7	1	1	3	3	1	1	4	4	8	8	8	8	1	1	2	2	1	1	2	2	6	6	6	6	2	2	2	2	5	5	10	10	9	9	7	7	2	2	1	1	4	4	2	2	8	8	3	3	10	10	16	16	2	2	2	2	1	1	2	2	1	1	2	2	4	4	1	1	2	2	4	4	1	1	1	1	3	3	4	4	7	7	5	5	1	1	2	2	6	6	4	4	6	6	3	3	4	4	1	1	1	1	1	1	2	2	2	2	3	3	4	4	1	1	1	1	5	5	2	2	2	2	1	1	8	8	5	5	1	1	2	2	3	3	4	4	1	1	8	8	2	2	2	2	4	4	12	12	12	12	15	15	2	2	1	1
IND00016	1	1	7	7	4	4	2	2	10	10	16	16	3	3	2	2	8	8	2	2	7	7	7	7	1	1	2	2	2	2	2	2	2	2	2	2	2	2	1	1	14	14	3	3	14	14	1	1	1	1	2	2	3	3	4	4	5	5	8	8	6	6	16	16	3	3	1	1	6	6	1	1	2	2	1	1	1	1	4	4	6	6	8	8	1	1	3	3	6	6	4	4	2	2	1	1	1	1	2	2	2	2	8	8	2	2	2	2	4	4	3	3	1	1	2	2	2	2	3	3	4	4	1	1	1	1	2	2	6	6	3	3	1	1	1	1	4	4	3	3	2	2	2	2	1	1	1	1	4	4	3	3	1	1	2	2	16	16	6	6	3	3	15	15	1	1	1	1
IND00017	1	1	1	1	1	1	3	3	14	14	13	13	3	3	3	3	4	4	1	1	13	13	15	15	2	2	2	2	1	1	1	1	3	3	4	4	1	1	1	1	15	15	12	12	13	13	4	4	1	1	1	1	4	4	3	3	6	6	1	1	11	11	14	14	3	3	2	2	1	1	7	7	1	1	1	1	2	2	2	2	5	5	1	1	4	4	1	1	3	3	4	4	8	8	2	2	1	1	1	1	2	2	4	4	3	3	8	8	2	2	3	3	1	1	2	2	1	1	3	3	4	4	1	1	2	2	2	2	8	8	8	8	2	2	2	2	4	4	3	3	1	1	2	2	1	1	2	2	6	6	2	2	2	2	1	1	30	30	27	27	1	1	7	7	2	2	2	2
IND00018	6	6	4	4	3	3	3	3	12	12	10	10	4	4	1	1	2	2	7	7	7	7	9	9	1	1	2	2	2	2	2	2	6	6	8	8	1	1	1	1	12	12	9	9	16	16	6	6	2	2	1	1	1	1	1	1	4	4	8	8	1	1	5	5	3	3	3	3	3	3	7	7	1	1	2	2	1	1	3	3	7	7	1	1	2	2	4	4	8	8	5	5	3	3	8	8	1	1	1	1	6	6	7	7	6	6	8	8	3	3	2	2	1	1	1	1	1	1	4	4	2	2	3	3	1	1	2	2	3	3	4	4	2	2	2	2	5	5	4	4	2	2	2	2	1	1	1	1	2	2	4	4	1	1	1	1	9	9	23	23	8	8	1	1	1	1	2	2
IND00019	5	5	8	8	2	2	2	2	6	6	2	2	1	1	4	4	5	5	1	1	10	10	7	7	1	1	1	1	1	1	1	1	4	4	6	6	1	1	2	2	15	15	7	7	14	14	4	4	2	2	1	1	2	2	1	1	3	3	2	2	11	11	11	11	3	3	4	4	5	5	8	8	1	1	1	1	3	3	1	1	1	1	4	4	3	3	4	4	8	8	3	3	4	4	6	6	2	2	1	1	7	7	7	7	1	1	6	6	1	1	2	2	2	2	2	2	1	1	4	4	2	2	2	2	2	2	1	1	2	2	1	1	2	2	2	2	8	8	7	7	1	1	1	1	3	3	1	1	1	1	6	6	2	2	2	2	26	26	5	5	5	5	13	13	2	2	1	1
IND00020	8	8	1	1	3	3	2	2	7	7	10	10	4	4	2	2	7	7	3	3	7	7	7	7	2	2	2	2	2	2	1	1	4	4	1	1	1	1	1	1	1	1	12	12	11	11	3	3	2	2	1	1	3	3	2	2	2	2	3	3	5	5	10	10	3	3	3	3	5	5	4	4	2	2	2	2	1	1	3	3	4	4	3	3	2	2	3	3	8	8	3	3	7	7	2	2	2	2	2	2	1	1	6	6	2	2	8	8	4	4	3	3	1	1	1	1	1	1	1	1	2	2	2	2	2	2	2	2	4	4	7	7	1	1	1	1	3	3	6	6	1	1	2	2	4	4	1	1	6	6	1	1	1	1	1	1	6	6	24	24	12	12	4	4	2	2	1	1
IND00021	7	7	7	7	4	4	1	1	1	1	3	3	3	3	1	1	5	5	3	3	16	16	16	16	2	2	1	1	2	2	1	1	8	8	3	3	2	2	1	1	3	3	3	3	6	6	13	13	1	1	2	2	1	1	4	4	7	7	8	8	6	6	9	9	3	3	3	3	5	5	4	4	2	2	1	1	4	4	3	3	8	8	1	1	1	1	2	2	5	5	1	1	5	5	7	7	1	1	2	2	5	5	3	3	6	6	5	5	3	3	2	2	2	2	2	2	1	1	3	3	1	1	1	1	1	1	1	1	3	3	5	5	1	1	2	2	4	4	3	3	1	1	1	1	4	4	3	3	7	7	8	8	1	1	1	1	16	16	21	21	9	9	3	3	2	2	1	1
IND00022	2	2	6	6	1	1	2	2	10	10	11	11	3	3	1	1	8	8	3	3	9	9	11	11	2	2	2	2	1	1	1	1	5	5	1	1	1	1	2	2	14	14	3	3	2	2	15	15	1	1	2	2	2	2	1	1	7	7	4	4	9	9	15	15	1	1	1	1	1	1	4	4	1	1	2	2	4	4	2	2	5	5	1	1	1	1	1	1	7	7	3	3	5	5	2	2	1	1	2	2	2	2	6	6	2	2	1	1	2	2	4	4	1	1	2	2	2	2	4	4	4	4	2	2	2	2	1	1	2	2	3	3	1	1	2	2	4	4	8	8	1	1	2	2	1	1	3	3	2	2	3	3	2	2	2	2	22	22	15	15	2	2	4	4	2	2	2	2
IND00023	8	8	1	1	3	3	1	1	7	7	13	13	1	1	2	2	1	1	6	6	5	5	15	15	2	2	2	2	1	1	2	2	8	8	5	5	1	1	2	2	3	3	12	12	6	6	16	16	1	1	2	2	3	3	4	4	8	8	4	4	4	4	3	3	3	3	3	3	1	1	2	2	1	1	2	2	3	3	3	3	2	2	8	8	2	2	3	3	3	3	6	6	1	1	3	3	1	1	1	1	6	6	5	5	4	4	7	7	2	2	1	1	1	1	1	1	4	4	4	4	4	4	3	3	2	2	1	1	7	7	1	1	1	1	2	2	5	5	8	8	2	2	2	2	4	4	3	3	6	6	6	6	2	2	2	2	16	16	17	17	1	1	14	14	1	1	2	2
IND00024	8	8	4	4	2	2	1	1	4	4	1	1	4	4	4	4	1	1	5	5	3	3	1	1	2	2	1	1	2	2	2	2	5	5	2	2	1	1	1	1	16	16	1	1	8	8	14	14	1	1	1	1	4	4	1	1	6	6	8	8	14	14	7	7	4	4	4	4	2	2	6	6	2	2	1	1	3	3	2	2	8	8	2	2	2	2	4	4	5	5	1	1	1	1	4	4	2	2	1	1	3	3	8	8	8	8	1	1	3	3	4	4	2	2	2	2	2	2	2	2	2	2	4	4	2	2	1	1	5	5	6	6	2	2	1	1	7	7	1	1	1	1	1	1	2	2	2	2	5	5	2	2	1	1	2	2	26	26	15	15	16	16	12	12	2	2	1	1
IND00025	2	2	7	7	2	2	2	2	6	6	10	10	3	3	1	1	8	8	7	7	4	4	12	12	1	1	2	2	1	1	1	1	8	8	2	2	2	2	2	2	12	12	11	11	7	7	5	5	2	2	1	1	3	3	1	1	1	1	6	6	15	15	13	13	3	3	4	4	5	5	4	4	1	1	2	2	4	4	3	3	1	1	6	6	2	2	3	3	6	6	7	7	1	1	5	5	2	2	1	1	6	6	2	2	6	6	3	3	4	4	3	3	1	1	2	2	1	1	1	1	2	2	1	1	1	1	2	2	3	3	6	6	2	2	1	1	7	7	8	8	1	1	1	1	1	1	2	2	5	5	1	1	1	1	1	1	20	20	13	13	12	12	11	11	2	2	1	1
IND00026	6	6	6	6	2	2	3	3	12	12	13	13	1	1	1	1	6	6	4	4	16	16	16	16	2	2	1	1	2	2	1	1	8	8	4	4	2	2	2	2	2	2	10	10	10	10	10	10	2	2	2	2	3	3	4	4	3	3	7	7	9	9	9	9	4	4	2	2	8	8	7	7	1	1	2	2	2	2	4	4	7	7	4	4	1	1	1	1	2	2	8	8	7	7	8	8	2	2	2	2	2	2	8	8	6	6	4	4	3	3	4	4	2	2	2	2	2	2	1	1	3	3	4	4	1	1	1	1	8	8	7	7	2	2	2	2	2	2	5	5	1	1	1	1	3	3	4	4	7	7	8	8	2	2	2	2	29	29	28	28	13	13	13	13	1	1	2	2
IND00027	3	3	2	2	3	3	2	2	12	12	11	11	3	3	4	4	1	1	1	1	1	1	7	7	1	1	1	1	1	1	1	1	1	1	7	7	1	1	1	1	6	6	12	12	14	14	9	9	1	1	2	2	1	1	2	2	5	5	6	6	1	1	2	2	3	3	4	4	5	5	3	3	2	2	2	2	3	3	4	4	4	4	1	1	4	4	4	4	5	5	4	4	2	2	4	4	1	1	2	2	2	2	4	4	4	4	5	5	2	2	1	1	1	1	2	2	2	2	1	1	2	2	4	4	1	1	2	2	5	5	2	2	2	2	2	2	8	8	1	1	1	1	2	2	3	3	3	3	4	4	1	1	1	1	1	1	16	16	23	23	6	6	1	1	1	1	1	1
IND00028	5	5	3	3	2	2	2	2	3	3	2	2	3	3	2	2	8	8	7	7	14	14	8	8	1	1	2	2	1	1	2	2	5	5	4	4	1	1	2	2	4	4	2	2	5	5	10	10	1	1	2	2	4	4	4	4	5	5	3	3	7	7	5	5	4	4	3	3	2	2	6	6	2	2	1	1	4	4	2	2	6	6	4	4	4	4	1	1	3	3	1	1	1	1	7	7	2	2	1	1	7	7	1	1	7	7	7	7	3	3	2	2	1	1	2	2	3	3	4	4	2	2	1	1	1	1	2	2	5	5	8	8	1	1	2	2	1	1	5	5	2	2	2	2	1	1	4	4	2	2	8	8	2	2	1	1	32	32	30	30	11	11	13	13	1	1	1	1
IND00029	3	3	4	4	4	4	2	2	8	8	8	8	2	2	4	4	3	3	1	1	6	6	11	11	1	1	1	1	1	1	2	2	8	8	5	5	1	1	2	2	7	7	2	2	16	16	7	7	1	1	2	2	4	4	4	4	1	1	1	1	13	13	7	7	4	4	3	3	5	5	4	4	2	2	1	1	1	1	4	4	8	8	3	3	3	3	4	4	4	4	2	2	5	5	6	6	1	1	2	2	8	8	1	1	4	4	2	2	3	3	4	4	2	2	2	2	1	1	4	4	2	2	2	2	2	2	2	2	8	8	5	5	2	2	2	2	5	5	5	5	1	1	2	2	3	3	1	1	8	8	3	3	2	2	2	2	9	9	23	23	1	1	15	15	1	1	1	1
IND00030	2	2	5	5	1	1	1	1	5	5	4	4	1	1	3	3	5	5	7	7	3	3	10	10	2	2	2	2	2	2	2	2	1	1	5	5	2	2	1	1	14	14	15	15	9	9	16	16	1	1	1	1	4	4	4	4	4	4	7	7	10	10	8	8	2	2	1	1	8	8	6	6	1	1	2	2	3	3	3	3	6	6	6	6	4	4	3	3	5	5	2	2	4	4	6	6	2	2	2	2	5	5	8	8	1	1	3	3	4	4	3	3	2	2	1	1	4	4	4	4	3	3	2	2	2	2	1	1	5	5	8	8	2	2	1	1	6	6	2	2	1	1	2	2	2	2	2	2	8	8	4	4	1	1	1	1	6	6	24	24	9	9	3	3	1	1	2	2
IND00031	4	4	3	3	2	2	3	3	6	6	5	5	1	1	1	1	5	5	8	8	4	4	4	4	2	2	1	1	2	2	1	1	2	2	5	5	2	2	1	1	9	9	6	6	12	12	2	2	1	1	1	1	2	2	1	1	3	3	4	4	4	4	11	11	3	3	3	3	7	7	2	2	1	1	2	2	2	2	1	1	2	2	5	5	1	1	1	1	5	5	8	8	1	1	6	6	1	1	2	2	3	3	5	5	8	8	2	2	4	4	1	1	1	1	2	2	1	1	3	3	4	4	3	3	2	2	2	2	6	6	2	2	1	1	2	2	8	8	6	6	2	2	2	2	1	1	1	1	3	3	8	8	2	2	1	1	22	22	24	24	13	13	1	1	2	2	2	2
IND00032	5	5	4	4	1	1	3	3	14	14	12	12	1	1	3	3	8	8	5	5	15	15	3	3	2	2	1	1	1	1	2	2	8	8	5	5	2	2	2	2	5	5	14	14	13	13	8	8	1	1	2	2	2	2	2	2	6	6	6	6	14	14	4	4	1	1	3	3	6	6	1	1	2	2	1	1	4	4	4	4	4	4	4	4	3	3	3	3	3	3	2	2	2	2	5	5	1	1	2	2	5	5	2	2	3	3	2	2	3	3	4	4	1	1	1	1	1	1	4	4	2	2	2	2	2	2	1	1	8	8	7	7	2	2	1	1	4	4	2	2	1	1	2	2	4	4	3	3	8	8	5	5	1	1	2	2	13	13	19	19	6	6	13	13	1	1	2	2
IND00033	4	4	7	7	3	3	1	1	14	14	3	3	4	4	4	4	8	8	5	5	3	3	13	13	2	2	1	1	1	1	2	2	6	6	7	7	2	2	2	2	1	1	7	7	15	15	3	3	2	2	2	2	2	2	2	2	3	3	7	7	7	7	7	7	3	3	4	4	8	8	1	1	2	2	2	2	4	4	1	1	7	7	7	7	4	4	4	4	5	5	3	3	5	5	1	1	1	1	2	2	3	3	7	7	5	5	8	8	3	3	2	2	2	2	2	2	2	2	2	2	3	3	1	1	2	2	1	1	1	1	5	5	2	2	1	1	8	8	4	4	2	2	2	2	2	2	4	4	2	2	7	7	1	1	2	2	8	8	9	9	9	9	7	7	2	2	2	2
IND00034	6	6	2	2	4	4	4	4	4	4	4	4	4	4	3	3	2	2	6	6	15	15	10	10	1	1	1	1	2	2	2	2	4	4	2	2	1	1	2	2	13	13	6	6	3	3	3	3	2	2	2	2	4	4	3	3	2	2	7	7	6	6	12	12	2	2	3	3	3	3	6	6	2	2	2	2	3	3	3	3	2	2	4	4	3	3	4	4	8	8	6	6	5	5	5	5	1	1	2	2	1	1	2	2	7	7	3	3	2	2	4	4	2	2	2	2	1	1	3	3	1	1	4	4	1	1	1	1	5	5	4	4	2	2	2	2	5	5	4	4	1	1	2	2	4	4	1	1	7	7	7	7	1	1	2	2	13	13	4	4	14	14	1	1	1	1	1	1
IND00035	2	2	3	3	4	4	4	4	5	5	9	9	1	1	3	3	6	6	5	5	13	13	6	6	1	1	1	1	1	1	2	2	1	1	8	8	2	2	2	2	6	6	14	14	14	14	16	16	2	2	1	1	4	4	4	4	4	4	6	6	11	11	5	5	4	4	1	1	3	3	8	8	1	1	1	1	2	2	2	2	3	3	6	6	3	3	1	1	3	3	1	1	7	7	4	4	2	2	1	1	8	8	6	6	5	5	6	6	3	3	2	2	2	2	2	2	4	4	2	2	1	1	1	1	1	1	1	1	7	7	4	4	1	1	2	2	5	5	7	7	1	1	2	2	2	2	1	1	3	3	1	1	1	1	2	2	25	25	31	31	11	11	8	8	1	1	1	1
IND00036	6	6	3	3	1	1	2	2	1	1	13	13	2	2	4	4	6	6	2	2	11	11	8	8	2	2	2	2	1	1	2	2	1	1	6	6	1	1	1	1	5	5	14	14	11	11	5	5	1	1	1	1	3	3	4	4	1	1	7	7	11	11	8	8	1	1	3	3	3	3	6	6	1	1	2	2	3	3	2	2	2	2	8	8	2	2	1	1	7	7	5	5	5	5	5	5	1	1	1	1	8	8	7	7	1	1	6	6	3	3	2	2	2	2	1	1	2	2	3	3	1	1	4	4	2	2	2	2	1	1	5	5	2	2	2	2	2	2	8	8	2	2	1	1	3	3	2	2	1	1	3	3	1	1	1	1	14	14	7	7	10	10	12	12	1	1	2	2
IND00037	3	3	2	2	1	1	1	1	8	8	5	5	1	1	1	1	7	7	8	8	5	5	1	1	1	1	2	2	1	1	1	1	1	1	1	1	1	1	1	1	9	9	11	11	1	1	3	3	2	2	2	2	2	2	1	1	4	4	7	7	9	9	12	12	2	2	3	3	3	3	2	2	2	2	1	1	4	4	4	4	7	7	2	2	2	2	2	2	7	7	7	7	1	1	1	1	2	2	2	2	7	7	2	2	2	2	5	5	2	2	3	3	1	1	2	2	1	1	1	1	2	2	3	3	2	2	2	2	6	6	8	8	2	2	2	2	3	3	7	7	1	1	2	2	3	3	3	3	7	7	5	5	2	2	2	2	9	9	9	9	10	10	14	14	2	2	2	2
IND00038	3	3	2	2	2	2	2	2	3	3	9	9	4	4	2	2	8	8	6	6	8	8	5	5	1	1	1	1	2	2	1	1	4	4	8	8	1	1	2	2	5	5	9	9	7	7	8	8	1	1	1	1	1	1	1	1	1	1	6	6	1	1	14	14	1	1	3	3	4	4	6	6	1	1	2	2	1	1	4	4	2	2	1	1	4	4	2	2	4	4	5	5	6	6	6	6	1	1	2	2	1	1	6	6	6	6	6	6	3	3	1	1	1	1	1	1	2	2	2	2	2	2	4	4	2	2	2	2	6	6	5	5	1	1	2	2	5	5	5	5	1	1	1	1	1	1	4	4	7	7	3	3	2	2	1	1	31	31	22	22	9	9	7	7	2	2	2	2
IND00039	8	8	6	6	3	3	1	1	13	13	2	2	3	3	4	4	8	8	6	6	5	5	11	11	1	1	2	2	2	2	1	1	5	5	3	3	1	1	2	2	6	6	15	15	8	8	15	15	1	1	2	2	1	1	2	2	5	5	1	1	12	12	15	15	3	3	1	1	1	1	3	3	2	2	1	1	2	2	4	4	1	1	3	3	4	4	4	4	3	3	3	3	3	3	5	5	1	1	2	2	5	5	7	7	5	5	1	1	4	4	2	2	1	1	1	1	1	1	3	3	2	2	4	4	1	1	2	2	1	1	2	2	2	2	2	2	8	8	2	2	1	1	2	2	3	3	1	1	5	5	8	8	1	1	1	1	15	15	20	20	12	12	6	6	2	2	1	1
IND00040	7	7	1	1	4	4	1	1	11	11	10	10	4	4	4	4	7	7	1	1	2	2	5	5	2	2	1	1	1	1	1	1	1	1	5	5	1	1	2	2	4	4	6	6	10	10	5	5	1	1	2	2	3	3	1	1	4	4	3	3	8	8	8	8	4	4	1	1	3	3	5	5	2	2	1	1	4	4	3	3	2	2	3	3	3	3	1	1	5	5	7	7	5	5	2	2	1	1	2	2	1	1	3	3	1	1	7	7	4	4	2	2	2	2	2	2	1	1	3	3	1	1	1	1	1	1	2	2	2	2	2	2	1	1	2	2	7	7	5	5	1	1	2	2	1	1	3	3	8	8	6	6	1	1	2	2	26	26	20	20	9	9	3	3	1	1	1	1
IND00041	8	8	1	1	4	4	4	4	11	11	9	9	3	3	3	3	2	2	8	8	13	13	7	7	1	1	1	1	1	1	1	1	6	6	6	6	2	2	1	1	4	4	15	15	7	7	14	14	1	1	1	1	1	1	3	3	7	7	2	2	13	13	12	12	1	1	1	1	7	7	1	1	1	1	1	1	1	1	1	1	8	8	2	2	4	4	3	3	8	8	4	4	8	8	4	4	1	1	1	1	8	8	3	3	4	4	5	5	2	2	3	3	2	2	2	2	4	4	3	3	1	1	3	3	1	1	2	2	1	1	3	3	1	1	2	2	3	3	1	1	2	2	1	1	3	3	3	3	7	7	4	4	2	2	2	2	27	27	13	13	7	7	16	16	1	1	2	2
IND00042	2	2	5	5	3	3	2	2	15	15	11	11	3	3	4	4	8	8	5	5	8	8	3	3	1	1	1	1	1	1	2	2	4	4	4	4	1	1	1	1	7	7	2	2	9	9	9	9	2	2	2	2	4	4	2	2	1	1	8	8	4	4	1	1	2	2	2	2	2	2	1	1	1	1	1	1	4	4	4	4	2	2	5	5	1	1	2	2	3	3	5	5	5	5	7	7	1	1	1	1	2	2	2	2	4	4	5	5	4	4	2	2	2	2	2	2	1	1	1	1	1	1	1	1	1	1	1	1	6	6	1	1	1	1	2	2	8	8	7	7	1	1	1	1	2	2	2	2	1	1	4	4	1	1	1	1	21	21	20	20	9	9	9	9	2	2	2	2
IND00043	4	4	1	1	1	1	4	4	9	9	7	7	2	2	4	4	5	5	3	3	5	5	7	7	1	1	2	2	2	2	2	2	7	7	6	6	1	1	1	1	16	16	15	15	7	7	15	15	2	2	1	1	3	3	1	1	6	6	4	4	2	2	9	9	4	4	2	2	6	6	4	4	2	2	2	2	2	2	2	2	6	6	5	5	2	2	2	2	7	7	1	1	7	7	6	6	2	2	2	2	5	5	7	7	4	4	1	1	3	3	3	3	1	1	2	2	4	4	1	1	2	2	1	1	2	2	2	2	3	3	4	4	1	1	1	1	5	5	4	4	1	1	2	2	4	4	1	1	1	1	7	7	1	1	2	2	10	10	14	14	9	9	15	15	1	1	2	2
IND00044	4	4	8	8	4	4	1	1	7	7	13	13	1	1	3	3	1	1	7	7	7	7	3	3	1	1	1	1	1	1	1	1	5	5	8	8	2	2	1	1	10	10	4	4	7	7	12	12	2	2	1	1	1	1	1	1	7	7	1	1	7	7	4	4	4	4	1	1	8	8	8	8	2	2	2	2	2	2	3	3	8	8	7	7	1	1	4	4	2	2	3	3	4	4	1	1	2	2	1	1	7	7	3	3	3	3	2	2	3	3	2	2	1	1	2	2	3	3	3	3	4	4	3	3	1	1	2	2	7	7	3	3	1	1	2	2	3	3	2	2	2	2	1	1	3	3	3	3	5	5	6	6	2	2	2	2	8	8	18	18	7	7	9	9	2	2	1	1
IND00045	5	5	1	1	3	3	2	2	7	7	9	9	2	2	4	4	5	5	8	8	2	2	1	1	1	1	2	2	2	2	1	1	2	2	8	8	2	2	2	2	7	7	3	3	8	8	10	10	1	1	1	1	2	2	3	3	8	8	7	7	15	15	5	5	2	2	3	3	1	1	3	3	1	1	2	2	1	1	2	2	3	3	2	2	3	3	1	1	4	4	1	1	4	4	6	6	2	2	2	2	7	7	2	2	7	7	1	1	2	2	4	4	2	2	1	1	3	3	4	4	1	1	3	3	2	2	2	2	6	6	3	3	2	2	2	2	7	7	4	4	2	2	2	2	1	1	2	2	3	3	5	5	1	1	1	1	17	17	31	31	2	2	5	5	2	2	2	2
IND00046	4	4	3	3	1	1	2	2	9	9	3	3	2	2	4	4	4	4	3	3	15	15	9	9	2	2	1	1	1	1	1	1	8	8	6	6	2	2	2	2	9	9	9	9	12	12	6	6	2	2	1	1	3	3	2	2	6	6	6	6	2	2	2	2	1	1	2	2	7	7	7	7	1	1	2	2	3	3	1	1	6	6	4	4	4	4	3	3	7	7	7	7	3	3	6	6	1	1	1	1	6	6	5	5	7	7	7	7	3	3	3	3	2	2	1	1	3	3	4	4	3	3	3	3	2	2	2	2	7	7	5	5	1	1	2	2	6	6	2	2	2	2	1	1	4	4	3	3	2	2	2	2	2	2	1	1	20	20	22	22	12	12	15	15	1	1	1	1
IND00047	3	3	2	2	3	3	1	1	14	14	11	11	3	3	3	3	3	3	8	8	12	12	13	13	1	1	2	2	1	1	1	1	5	5	5	5	1	1	1	1	4	4	5	5	14	14	9	9	1	1	1	1	1	1	1	1	7	7	7	7	14	14	6	6	1	1	4	4	5	5	7	7	2	2	1	1	4	4	2	2	7	7	3	3	1	1	1	1	1	1	8	8	8	8	3	3	2	2	2	2	8	8	6	6	3	3	3	3	1	1	4	4	2	2	1	1	3	3	4	4	4	4	4	4	1	1	1	1	7	7	5	5	1	1	1	1	8	8	2	2	1	1	1	1	3	3	4	4	3	3	1	1	2	2	2	2	15	15	27	27	13	13	4	4	2	2	2	2
IND00048	6	6	3	3	1	1	1	1	2	2	6	6	4	4	4	4	7	7	8	8	15	15	12	12	2	2	1	1	1	1	1	1	2	2	3	3	2	2	2	2	8	8	3	3	4	4	10	10	2	2	2	2	3	3	1	1	3	3	8	8	12	12	15	15	1	1	3	3	7	7	2	2	1	1	1	1	4	4	1	1	8	8	6	6	4	4	1	1	2	2	4	4	8	8	6	6	2	2	2	2	4	4	5	5	7	7	6	6	1	1	3	3	2	2	2	2	2	2	2	2	2	2	4	4	1	1	1	1	8	8	6	6	2	2	2	2	4	4	4	4	1	1	2	2	3	3	3	3	5	5	5	5	1	1	2	2	20	20	1	1	2	2	6	6	2	2	1	1
IND00049	5	5	6	6	3	3	1	1	14	14	12	12	2	2	4	4	4	4	1	1	13	13	15	15	2	2	2	2	1	1	1	1	2	2	3	3	2	2	1	1	5	5	15	15	13	13	4	4	2	2	1	1	2	2	2	2	3	3	5	5	14	14	5	5	3	3	2	2	1	1	8	8	1	1	2	2	4	4	3	3	4	4	3	3	4	4	4	4	6	6	6	6	3	3	2	2	1	1	1	1	6	6	2	2	3	3	5	5	1	1	1	1	1	1	2	2	4	4	3	3	1	1	3	3	2	2	2	2	1	1	8	8	1	1	1	1	4	4	7	7	2	2	2	2	1	1	1	1	4	4	5	5	2	2	1	1	14	14	24	24	7	7	11	11	1	1	2	2
IND00050	6	6	6	6	1	1	1	1	5	5	5	5	3	3	4	4	7	7	7	7	7	7	5	5	2	2	1	1	2	2	1	1	7	7	3	3	2	2	2	2	13	13	9	9	14	14	9	9	1	1	2	2	1	1	1	1	4	4	6	6	11	11	5	5	3	3	1	1	4	4	5	5	1	1	2	2	3	3	2	2	1	1	8	8	4	4	2	2	4	4	8	8	1	1	3	3	2	2	1	1	2	2	4	4	7	7	5	5	4	4	4	4	1	1	2	2	1	1	2	2	4	4	3	3	2	2	1	1	3	3	8	8	1	1	1	1	1	1	2	2	1	1	1	1	2	2	1	1	3	3	7	7	2	2	2	2	23	23	19	19	2	2	7	7	2	2	1	1
IND00051	7	7	3	3	2	2	2	2	16	16	4	4	3	3	3	3	7	7	4	4	4	4	5	5	1	1	2	2	1	1	2	2	6	6	4	4	1	1	2	2	15	15	13	13	16	16	11	11	2	2	2	2	3	3	1	1	8	8	1	1	11	11	2	2	3	3	2	2	2	2	5	5	1	1	2	2	1	1	2	2	7	7	7	7	3	3	1	1	2	2	7	7	8	8	8	8	1	1	2	2	1	1	5	5	1	1	2	2	2	2	2	2	1	1	2	2	3	3	1	1	4	4	3	3	2	2	2	2	2	2	2	2	2	2	2	2	7	7	6	6	1	1	2	2	1	1	4	4	7	7	5	5	1	1	2	2	10	10	13	13	12	12	5	5	2	2	1	1
IND00052	7	7	1	1	2	2	3	3	15	15	2	2	3	3	2	2	4	4	3	3	13	13	11	11	2	2	1	1	1	1	1	1	8	8	6	6	1	1	1	1	1	1	15	15	1	1	1	1	1	1	1	1	3	3	3	3	8	8	3	3	2	2	14	14	3	3	4	4	2	2	8	8	2	2	1	1	4	4	4	4	6	6	8	8	1	1	3	3	2	2	5	5	6	6	8	8	2	2	1	1	5	5	6	6	3	3	1	1	4	4	4	4	1	1	1	1	3	3	1	1	2	2	1	1	1	1	2	2	6	6	2	2	2	2	1	1	8	8	4	4	2	2	1	1	1	1	4	4	2	2	8	8	2	2	2	2	27	27	16	16	7	7	15	15	1	1	2	2
IND00053	2	2	8	8	3	3	2	2	11	11	7	7	2	2	3	3	5	5	2	2	8	8	4	4	2	2	1	1	2	2	1	1	2	2	1	1	2	2	1	1	15	15	11	11	10	10	5	5	1	1	2	2	3	3	4	4	6	6	1	1	8	8	13	13	4	4	1	1	4	4	8	8	2	2	1	1	4	4	2	2	6	6	1	1	3	3	4	4	2	2	8	8	1	1	4	4	2	2	1	1	5	5	8	8	3	3	2	2	3	3	2	2	2	2	2	2	1	1	1	1	3	3	4	4	2	2	1	1	7	7	3	3	2	2	2	2	2	2	1	1	2	2	2	2	4	4	4	4	2	2	6	6	2	2	1	1	31	31	24	24	14	14	2	2	1	1	2	2
IND00054	8	8	5	5	1	1	2	2	3	3	16	16	3	3	1	1	5	5	2	2	3	3	9	9	2	2	2	2	1	1	2	2	5	5	3	3	2	2	2	2	2	2	11	11	1	1	10	10	2	2	1	1	3	3	3	3	7	7	7	7	3	3	14	14	1	1	1	1	6	6	5	5	2	2	2	2	4	4	3	3	2	2	4	4	1	1	3	3	8	8	2	2	3	3	8	8	1	1	1	1	1	1	4	4	2	2	8	8	3	3	2	2	2	2	1	1	3	3	1	1	3	3	3	3	2	2	2	2	8	8	5	5	2	2	2	2	3	3	2	2	2	2	1	1	4	4	3	3	7	7	5	5	1	1	2	2	25	25	6	6	5	5	2	2	2	2	1	1
IND00055	8	8	1	1	4	4	3	3	12	12	15	15	3	3	3	3	6	6	7	7	14	14	16	16	1	1	2	2	1	1	2	2	7	7	2	2	2	2	1	1	9	9	15	15	6	6	5	5	1	1	2	2	1	1	2	2	1	1	3	3	11	11	9	9	2	2	1	1	2	2	8	8	1	1	2	2	3	3	3	3	7	7	5	5	2	2	3	3	8	8	2	2	5	5	8	8	2	2	2	2	2	2	6	6	8	8	8	8	1	1	4	4	1	1	2	2	4	4	1	1	3	3	1	1	2	2	2	2	1	1	4	4	1	1	1	1	2	2	4	4	1	1	1	1	2	2	2	2	4	4	8	8	1	1	2	2	27	27	12	12	1	1	4	4	1	1	2	2
IND00056	3	3	8	8	2	2	1	1	15	15	2	2	3	3	3	3	8	8	1	1	15	15	13	13	1	1	2	2	1	1	1	1	5	5	2	2	1	1	1	1	3	3	16	16	10	10	4	4	1	1	1	1	2	2	4	4	5	5	8	8	8	8	12	12	1	1	2	2	1	1	8	8	1	1	2	2	3	3	3	3	4	4	7	7	1	1	3	3	4	4	1	1	2	2	6	6	1	1	2	2	6	6	4	4	5	5	5	5	1	1	2	2	1	1	1	1	3	3	2	2	2	2	4	4	1	1	1	1	1	1	3	3	2	2	1	1	5	5	3	3	2	2	2	2	1	1	3	3	1	1	7	7	2	2	1	1	5	5	19	19	2	2	7	7	2	2	1	1
IND00057	7	7	2	2	2	2	3	3	13	13	7	7	3	3	2	2	7	7	5	5	7	7	6	6	1	1	2	2	2	2	2	2	5	5	6	6	1	1	2	2	16	16	6	6	6	6	4	4	2	2	2	2	4	4	1	1	2	2	2	2	16	16	6	6	4	4	2	2	8	8	7	7	2	2	1	1	2	2	2	2	1	1	7	7	4	4	4	4	5	5	8	8	5	5	5	5	2	2	2	2	6	6	7	7	5	5	4	4	3	3	3	3	2	2	2	2	1	1	2	2	4	4	3	3	1	1	2	2	8	8	2	2	1	1	1	1	8	8	8	8	2	2	2	2	3	3	2	2	2	2	7	7	2	2	1	1	24	24	1	1	10	10	4	4	1	1	2	2
IND00058	8	8	1	1	4	4	4	4	13	13	1	1	3	3	4	4	4	4	2	2	16	16	10	10	2	2	1	1	1	1	1	1	4	4	8	8	1	1	2	2	6	6	14	14	5	5	16	16	1	1	2	2	1	1	2	2	4	4	6	6	15	15	14	14	1	1	1	1	6	6	5	5	2	2	1	1	1	1	4	4	7	7	8	8	4	4	4	4	4	4	1	1	5	5	7	7	1	1	2	2	7	7	3	3	3	3	6	6	3	3	2	2	2	2	1	1	2	2	2	2	3	3	2	2	1	1	2	2	6	6	6	6	2	2	2	2	7	7	3	3	1	1	2	2	3	3	1	1	3	3	1	1	1	1	1	1	7	7	12	12	4	4	10	10	1	1	2	2
IND00059	3	3	8	8	3	3	1	1	4	4	5	5	1	1	3	3	3	3	4	4	10	10	13	13	2	2	1	1	2	2	2	2	6	6	7	7	2	2	1	1	7	7	16	16	13	13	12	12	2	2	1	1	1	1	2	2	8	8	4	4	7	7	1	1	3	3	3	3	4	4	5	5	2	2	1	1	1	1	2	2	8	8	8	8	3	3	1	1	4	4	8	8	6	6	3	3	1	1	2	2	4	4	6	6	3	3	8	8	3	3	2	2	2	2	1	1	1	1	3	3	1	1	4	4	1	1	2	2	1	1	3	3	2	2	1	1	8	8	3	3	2	2	1	1	3	3	1	1	7	7	2	2	2	2	2	2	12	12	18	18	3	3	8	8	2	2	2	2
IND00060	2	2	1	1	3	3	2	2	4	4	1	1	2	2	1	1	3	3	2	2	9	9	8	8	1	1	1	1	2	2	2	2	2	2	3	3	2	2	2	2	4	4	1	1	9	9	6	6	1	1	2	2	1	1	1	1	8	8	7	7	8	8	2	2	4	4	3	3	8	8	5	5	2	2	1	1	4	4	3	3	8	8	8	8	2	2	1	1	1	1	1	1	3	3	5	5	1	1	2	2	6	6	5	5	1	1	1	1	4	4	1	1	1	1	2	2	1	1	1	1	2	2	1	1	1	1	2	2	6	6	7	7	1	1	2	2	1	1	2	2	1	1	1	1	1	1	2	2	6	6	5	5	1	1	1	1	23	23	1	1	13	13	11	11	2	2	1	1
IND00061	4	4	6	6	4	4	4	4	11	11	6	6	3	3	1	1	3	3	6	6	2	2	16	16	2	2	1	1	1	1	2	2	5	5	4	4	2	2	1	1	14	14	16	16	16	16	1	1	2	2	2	2	3	3	4	4	6	6	7	7	4	4	14	14	3	3	1	1	5	5	2	2	2	2	1	1	2	2	2	2	7	7	1	1	4	4	1	1	1	1	6	6	2	2	5	5	1	1	2	2	4	4	4	4	7	7	3	3	4	4	3	3	1	1	1	1	1	1	4	4	3	3	2	2	1	1	1	1	5	5	5	5	2	2	2	2	6	6	7	7	2	2	2	2	3	3	4	4	1	1	2	2	2	2	1	1	4	4	21	21	1	1	9	9	2	2	2	2
IND00062	1	1	1	1	4	4	3	3	14	14	3	3	3	3	3	3	5	5	8	8	13	13	8	8	1	1	1	1	1	1	2	2	3	3	2	2	2	2	2	2	16	16	11	11	10	10	15	15	2	2	1	1	3	3	4	4	6	6	2	2	6	6	9	9	1	1	1	1	5	5	3	3	1	1	2	2	3	3	4	4	1	1	4	4	3	3	2	2	7	7	6	6	1	1	1	1	2	2	1	1	7	7	5	5	7	7	5	5	4	4	4	4	2	2	1	1	2	2	1	1	4	4	4	4	1	1	2	2	3	3	3	3	2	2	2	2	1	1	5	5	2	2	1	1	4	4	4	4	4	4	6	6	1	1	2	2	27	27	32	32	13	13	9	9	2	2	1	1
IND00063	5	5	6	6	4	4	1	1	3	3	15	15	1	1	4	4	6	6	4	4	11	11	10	10	2	2	2	2	1	1	1	1	4	4	2	2	1	1	2	2	16	16	12	12	1	1	13	13	2	2	2	2	1	1	3	3	1	1	3	3	9	9	1	1	4	4	2	2	5	5	2	2	1	1	1	1	1	1	4	4	8	8	2	2	4	4	4	4	3	3	4	4	3	3	4	4	2	2	2	2	3	3	3	3	5	5	1	1	4	4	4	4	1	1	2	2	1	1	2	2	4	4	2	2	2	2	1	1	5	5	3	3	2	2	2	2	2	2	5	5	1	1	1	1	4	4	2	2	7	7	5	5	2	2	1	1	14	14	12	12	16	16	4	4	2	2	2	2
IND00064	8	8	7	7	3	3	1	1	5	5	14	14	2	2	1	1	7	7	6	6	16	16	12	12	2	2	2	2	2	2	1	1	5	5	6	6	2	2	1	1	6	6	16	16	15	15	14	14	2	2	1	1	3	3	3	3	7	7	7	7	16	16	6	6	4	4	3	3	3	3	4	4	2	2	1	1	3	3	3	3	3	3	1	1	4	4	1	1	8	8	8	8	8	8	7	7	2	2	1	1	6	6	4	4	2	2	5	5	1	1	2	2	2	2	2	2	1	1	1	1	2	2	2	2	2	2	2	2	6	6	5	5	2	2	2	2	4	4	2	2	1	1	1	1	3	3	2	2	3	3	7	7	2	2	2	2	19	19	26	26	15	15	6	6	1	1	1	1
IND00065	8	8	8	8	2	2	2	2	16	16	5	5	3	3	2	2	5	5	6	6	12	12	11	11	2	2	1	1	1	1	1	1	7	7	3	3	2	2	2	2	14	14	1	1	5	5	5	5	1	1	1	1	4	4	1	1	2	2	4	4	5	5	3	3	3	3	4	4	6	6	6	6	2	2	1	1	3	3	4	4	4	4	1	1	4	4	4	4	3	3	2	2	2	2	2	2	2	2	1	1	7	7	8	8	1	1	6	6	4	4	1	1	1	1	1	1	1	1	3	3	4	4	2	2	1	1	2	2	5	5	4	4	2	2	1	1	3	3	8	8	1	1	1	1	4	4	3	3	4	4	5	5	1	1	1	1	25	25	30	30	9	9	3	3	2	2	2	2
IND00066	5	5	4	4	1	1	4	4	6	6	15	15	3	3	1	1	5	5	6	6	3	3	15	15	2	2	2	2	1	1	1	1	8	8	8	8	1	1	2	2	12	12	15	15	15	15	12	12	2	2	2	2	2	2	2	2	8	8	7	7	5	5	4	4	3	3	3	3	5	5	7	7	1	1	1	1	2	2	3	3	3	3	7	7	2	2	4	4	3	3	3	3	7	7	6	6	1	1	1	1	1	1	4	4	6	6	2	2	3	3	4	4	1	1	1	1	3	3	3	3	4	4	4	4	2	2	2	2	3	3	6	6	2	2	1	1	7	7	8	8	1	1	1	1	3	3	3	3	3	3	2	2	2	2	1	1	16	16	25	25	6	6	15	15	2	2	1	1
IND00067	1	1	6	6	1	1	1	1	8	8	10	10	4	4	2	2	8	8	7	7	6	6	1	1	2	2	2	2	2	2	2	2	7	7	6	6	1	1	1	1	13	13	14	14	4	4	8	8	1	1	1	1	4	4	3	3	4	4	4	4	10	10	3	3	4	4	2	2	4	4	5	5	2	2	2	2	4	4	1	1	3	3	2	2	2	2	4	4	3	3	3	3	7	7	7	7	2	2	2	2	4	4	5	5	3	3	6	6	3	3	1	1	1	1	1	1	1	1	2	2	3	3	1	1	2	2	1	1	6	6	3	3	1	1	1	1	2	2	7	7	2	2	2	2	1	1	3	3	4	4	5	5	2	2	2	2	9	9	3	3	14	14	5	5	1	1	2	2
IND00068	4	4	3	3	2	2	3	3	8	8	1	1	2	2	1	1	2	2	5	5	10	10	10	10	2	2	2	2	1	1	1	1	1	1	2	2	1	1	2	2	4	4	14	14	1	1	12	12	1	1	2	2	1	1	1	1	3	3	5	5	1	1	16	16	2	2	3	3	3	3	3	3	2	2	2	2	1	1	2	2	5	5	4	4	3	3	2	2	1	1	7	7	1	1	2	2	1	1	1	1	4	4	6	6	5	5	6	6	3	3	3	3	2	2	2	2	3	3	2	2	4	4	2	2	1	1	2	2	8	8	1	1	2	2	2	2	3	3	2	2	1	1	2	2	1	1	3	3	2	2	4	4	1	1	1	1	2	2	22	22	6	6	8	8	2	2	1	1
IND00069	4	4	7	7	3	3	1	1	8	8	16	16	4	4	3	3	7	7	4	4	8	8	6	6	2	2	2	2	1	1	1	1	8	8	8	8	2	2	2	2	11	11	3	3	14	14	15	15	1	1	1	1	1	1	1	1	2	2	2	2	1	1	14	14	4	4	3	3	8	8	8	8	1	1	2	2	2	2	2	2	8	8	5	5	1	1	4	4	4	4	7	7	4	4	2	2	1	1	2	2	1	1	2	2	5	5	1	1	2	2	4	4	2	2	1	1	4	4	1	1	2	2	1	1	1	1	2	2	2	2	8	8	2	2	2	2	2	2	8	8	2	2	1	1	2	2	3	3	8	8	7	7	2	2	2	2	8	8	5	5	5	5	8	8	1	1	2	2
IND00070	1	1	1	1	2	2	4	4	13	13	10	10	3	3	2	2	7	7	4	4	1	1	16	16	2	2	2	2	2	2	2	2	3	3	4	4	2	2	2	2	7	7	2	2	3	3	16	16	1	1	1	1	2	2	4	4	5	5	8	8	9	9	11	11	3	3	3	3	7	7	2	2	1	1	1	1	3	3	1	1	3	3	7	7	4	4	2	2	5	5	5	5	6	6	6	6	2	2	1	1	3	3	3	3	3	3	8	8	1	1	4	4	2	2	1	1	4	4	3	3	2	2	2	2	1	1	2	2	6	6	4	4	2	2	1	1	4	4	8	8	1	1	2	2	4	4	2	2	3	3	3	3	1	1	2	2	6	6	26	26	6	6	9	9	1	1	2	2
IND00071	5	5	6	6	3	3	4	4	2	2	4	4	4	4	3	3	8	8	8	8	6	6	11	11	2	2	1	1	1	1	2	2	5	5	6	6	2	2	2	2	8	8	3	3	1	1	9	9	2	2	2	2	4	4	3	3	2	2	1	1	10	10	16	16	2	2	4	4	7	7	2	2	1	1	1	1	4	4	4	4	8	8	6	6	4	4	1	1	8	8	6	6	7	7	1	1	1	1	2	2	3	3	7	7	4	4	1	1	1	1	2	2	1	1	1	1	2	2	2	2	1	1	4	4	2	2	2	2	8	8	1	1	2	2	2	2	3	3	2	2	1	1	2	2	3	3	3	3	3	3	4	4	2	2	2	2	7	7	32	32	9	9	5	5	2	2	2	2
IND00072	3	3	7	7	2	2	4	4	3	3	11	11	2	2	3	3	7	7	6	6	7	7	14	14	2	2	1	1	1	1	2	2	2	2	8	8	1	1	1	1	3	3	5	5	2	2	13	13	2	2	2	2	3	3	3	3	6	6	3	3	4	4	7	7	3	3	2	2	3	3	1	1	1	1	1	1	3	3	3	3	3	3	5	5	2	2	1	1	4	4	5	5	4	4	1	1	2	2	2	2	8	8	1	1	8	8	5	5	1	1	1	1	2	2	2	2	1	1	4	4	4	4	1	1	1	1	1	1	4	4	2	2	2	2	2	2	2	2	4	4	2	2	2	2	1	1	4	4	6	6	7	7	1	1	2	2	5	5	16	16	2	2	14	14	2	2	2	2
IND00073	7	7	3	3	1	1	3	3	13	13	8	8	1	1	4	4	4	4	5	5	3	3	9	9	1	1	2	2	2	2	1	1	7	7	3	3	2	2	2	2	16	16	8	8	9	9	16	16	2	2	2	2	4	4	2	2	8	8	4	4	2	2	6	6	4	4	2	2	8	8	6	6	2	2	1	1	1	1	1	1	5	5	2	2	3	3	2	2	3	3	4	4	3	3	8	8	2	2	1	1	6	6	8	8	2	2	7	7	4	4	1	1	2	2	1	1	2	2	2	2	3	3	4	4	1	1	2	2	7	7	4	4	1	1	2	2	1	1	3	3	1	1	1	1	3	3	2	2	5	5	4	4	2	2	2	2	31	31	12	12	11	11	6	6	2	2	2	2
IND00074	6	6	6	6	2	2	3	3	3	3	16	16	4	4	1	1	2	2	5	5	7	7	6	6	1	1	2	2	1	1	2	2	5	5	6	6	2	2	2	2	10	10	8	8	12	12	5	5	2	2	1	1	2	2	2	2	4	4	3	3	8	8	8	8	1	1	3	3	4	4	4	4	1	1	1	1	3	3	3	3	7	7	3	3	4	4	4	4	8	8	5	5	4	4	4	4	1	1	1	1	1	1	6	6	5	5	1	1	3	3	4	4	2	2	2	2	1	1	3	3	3	3	3	3	2	2	1	1	7	7	8	8	2	2	2	2	2	2	3	3	1	1	1	1	1	1	1	1	5	5	5	5	2	2	2	2	14	14	13	13	12	12	11	11	2	2	1	1
IND00075	4	4	5	5	4	4	1	1	4	4	14	14	1	1	2	2	1	1	6	6	12	12	13	13	2	2	1	1	2	2	1	1	6	6	5	5	2	2	2	2	14	14	12	12	13	13	8	8	2	2	2	2	4	4	3	3	6	6	7	7	10	10	9	9	2	2	4	4	7	7	7	7	1	1	2	2	4	4	2	2	7	7	3	3	1	1	4	4	4	4	2	2	7	7	6	6	1	1	2	2	3	3	4	4	7	7	1	1	4	4	3	3	2	2	1	1	4	4	1	1	3	3	4	4	2	2	1	1	2	2	7	7	2	2	2	2	5	5	7	7	1	1	2	2	3	3	1	1	2	2	4	4	2	2	2	2	21	21	24	24	16	16	12	12	2	2	2	2
IND00076	6	6	5	5	4	4	2	2	2	2	15	15	1	1	2	2	6	6	4	4	1	1	6	6	1	1	1	1	2	2	1	1	6	6	7	7	1	1	2	2	16	16	8	8	6	6	2	2	1	1	1	1	2	2	2	2	6	6	3	3	15	15	9	9	3	3	1	1	2	2	5	5	1	1	1	1	3	3	4	4	7	7	8	8	1	1	2	2	5	5	2	2	8	8	5	5	1	1	1	1	3	3	2	2	1	1	1	1	4	4	1	1	1	1	1	1	4	4	2	2	3	3	1	1	2	2	1	1	1	1	8	8	1	1	1	1	7	7	4	4	1	1	2	2	4	4	4	4	7	7	4	4	1	1	2	2	2	2	21	21	10	10	4	4	2	2	2	2
IND00077	2	2	1	1	3	3	3	3	1	1	13	13	1	1	2	2	7	7	1	1	10	10	10	10	2	2	1	1	1	1	2	2	4	4	2	2	2	2	2	2	1	1	7	7	1	1	7	7	2	2	1	1	1	1	2	2	7	7	7	7	9	9	13	13	4	4	4	4	8	8	3	3	2	2	1	1	2	2	1	1	2	2	4	4	4	4	1	1	5	5	6	6	8	8	5	5	2	2	1	1	2	2	4	4	1	1	1	1	3	3	1	1	2	2	1	1	2	2	4	4	1	1	2	2	1	1	1	1	5	5	1	1	2	2	1	1	3	3	8	8	2	2	2	2	4	4	4	4	1	1	1	1	2	2	2	2	28	28	30	30	12	12	10	10	2	2	2	2
IND00078	8	8	2	2	4	4	1	1	12	12	3	3	2	2	2	2	8	8	5	5	9	9	8	8	1	1	1	1	1	1	2	2	4	4	1	1	2	2	2	2	5	5	11	11	12	12	2	2	2	2	2	2	2	2	2	2	8	8	8	8	13	13	6	6	1	1	3	3	7	7	6	6	2	2	2	2	1	1	4	4	1	1	5	5	1	1	1	1	6	6	2	2	6	6	2	2	1	1	2	2	3	3	5	5	8	8	4	4	3	3	2	2	1	1	2	2	3	3	4	4	2	2	1	1	1	1	2	2	2	2	1	1	2	2	2	2	7	7	4	4	1	1	2	2	4	4	1	1	3	3	6	6	1	1	2	2	15	15	23	23	8	8	13	13	1	1	1	1
IND00079	7	7	6	6	1	1	2	2	2	2	5	5	4	4	1	1	4	4	5	5	12	12	9	9	1	1	2	2	2	2	1	1	4	4	4	4	1	1	1	1	6	6	6	6	9	9	5	5	1	1	1	1	2	2	4	4	6	6	6	6	11	11	1	1	1	1	1	1	1	1	7	7	2	2	2	2	1	1	2	2	7	7	4	4	1	1	3	3	8	8	4	4	5	5	5	5	2	2	1	1	2	2	8	8	7	7	4	4	2	2	1	1	2	2	2	2	2	2	1	1	4	4	2	2	2	2	1	1	7	7	5	5	2	2	2	2	5	5	6	6	1	1	1	1	2	2	3	3	5	5	1	1	2	2	2	2	10	10	23	23	13	13	7	7	1	1	1	1
IND00080	4	4	8	8	1	1	4	4	11	11	4	4	1	1	4	4	8	8	4	4	2	2	16	16	1	1	1	1	2	2	1	1	3	3	5	5	1	1	2	2	16	16	14	14	10	10	5	5	2	2	2	2	2	2	4	4	7	7	7	7	4	4	10	10	1	1	2	2	4	4	7	7	1	1	1	1	4	4	4	4	8	8	7	7	3	3	4	4	5	5	3	3	1	1	3	3	2	2	2	2	3	3	2	2	2	2	7	7	3	3	4	4	2	2	2	2	2	2	3	3	4	4	3	3	2	2	1	1	2	2	2	2	2	2	2	2	7	7	7	7	1	1	1	1	3	3	2	2	7	7	1	1	2	2	1	1	2	2	19	19	14	14	11	11	1	1	2	2
IND00081	7	7	3	3	2	2	3	3	6	6	16	16	3	3	2	2	6	6	7	7	8	8	5	5	1	1	2	2	1	1	1	1	2	2	6	6	1	1	1	1	1	1	11	11	5	5	2	2	1	1	2	2	2	2	1	1	8	8	2	2	5	5	11	11	1	1	2	2	6	6	7	7	2	2	2	2	1	1	4	4	7	7	2	2	4	4	3	3	1	1	6	6	3	3	2	2	1	1	1	1	2	2	5	5	6	6	8	8	3	3	4	4	1	1	1	1	2	2	3	3	3	3	1	1	2	2	1	1	7	7	4	4	2	2	2	2	1	1	6	6	1	1	1	1	4	4	2	2	4	4	7	7	2	2	2	2	25	25	12	12	3	3	13	13	2	2	1	1
IND00082	2	2	6	6	1	1	1	1	15	15	4	4	3	3	2	2	7	7	1	1	4	4	13	13	1	1	2	2	1	1	1	1	6	6	5	5	1	1	1	1	7	7	8	8	4	4	13	13	1	1	1	1	1	1	2	2	5	5	1	1	8	8	14	14	2	2	1	1	3	3	3	3	2	2	2	2	3	3	1	1	1	1	7	7	4	4	4	4	5	5	4	4	2	2	4	4	2	2	2	2	1	1	2	2	3	3	6	6	3	3	2	2	2	2	2	2	1	1	3	3	4	4	1	1	1	1	1	1	6	6	7	7	1	1	1	1	6	6	6	6	1	1	1	1	4	4	4	4	8	8	4	4	2	2	2	2	7	7	29	29	7	7	14	14	1	1	2	2
IND00083	4	4	1	1	1	1	1	1	11	11	8	8	4	4	1	1	6	6	8	8	2	2	10	10	2	2	1	1	2	2	1	1	7	7	1	1	1	1	1	1	12	12	7	7	13	13	13	13	1	1	2	2	1	1	2	2	4	4	3	3	1	1	1	1	1	1	4	4	8	8	2	2	1	1	2	2	2	2	4	4	8	8	8	8	2	2	2	2	1	1	1	1	6	6	7	7	2	2	1	1	8	8	8	8	2	2	3	3	4	4	1	1	1	1	2	2	1	1	2	2	2	2	4	4	2	2	1	1	6	6	8	8	1	1	1	1	3	3	6	6	1	1	1	1	2	2	1	1	4	4	2	2	1	1	1	1	29	29	3	3	2	2	11	11	2	2	1	1
IND00084	3	3	7	7	4	4	1	1	7	7	11	11	4	4	3	3	1	1	5	5	16	16	4	4	1	1	2	2	1	1	2	2	7	7	7	7	2	2	2	2	9	9	6	6	8	8	11	11	2	2	1	1	3	3	2	2	1	1	3	3	16	16	5	5	3	3	4	4	1	1	5	5	1	1	1	1	3	3	4	4	2	2	2	2	3	3	4	4	6	6	7	7	1	1	1	1	1	1	1	1	4	4	3	3	3	3	3	3	1	1	4	4	1	1	2	2	4	4	2	2	4	4	4	4	2	2	1	1	1	1	6	6	2	2	1	1	2	2	6	6	1	1	2	2	1	1	4	4	6	6	6	6	1	1	1	1	21	21	21	21	12	12	14	14	2	2	1	1
IND00085	7	7	2	2	4	4	2	2	6	6	6	6	3	3	1	1	4	4	7	7	1	1	6	6	2	2	1	1	2	2	1	1	4	4	1	1	1	1	2	2	6	6	12	12	3	3	2	2	1	1	2	2	1	1	1	1	3	3	2	2	13	13	4	4	2	2	4	4	5	5	2	2	2	2	1	1	1	1	2	2	4	4	1	1	3	3	1	1	3	3	1	1	1	1	2	2	1	1	2	2	3	3	5	5	7	7	8	8	2	2	2	2	1	1	1	1	3	3	2	2	3	3	2	2	1	1	2	2	6	6	1	1	2	2	2	2	5	5	3	3	1	1	1	1	1	1	2	2	2	2	2	2	2	2	1	1	31	31	23	23	16	16	13	13	1	1	2	2
IND00086	3	3	5	5	1	1	1	1	11	11	12	12	1	1	4	4	3	3	4	4	9	9	10	10	2	2	2	2	2	2	2	2	5	5	7	7	1	1	1	1	16	16	10	10	10	10	7	7	2	2	1	1	2	2	2	2	3	3	5	5	9	9	16	16	2	2	4	4	1	1	7	7	1	1	2	2	3	3	1	1	4	4	5	5	1	1	3	3	7	7	1	1	5	5	3	3	2	2	2	2	6	6	4	4	6	6	7	7	1	1	2	2	1	1	2	2	1	1	1	1	3	3	2	2	2	2	2	2	1	1	7	7	1	1	1	1	5	5	5	5	1	1	1	1	4	4	2	2	8	8	2	2	2	2	1	1	20	20	1	1	6	6	9	9	1	1	2	2
IND00087	8	8	2	2	2	2	3	3	14	14	5	5	2	2	1	1	8	8	3	3	12	12	16	16	1	1	1	1	1	1	2	2	4	4	8	8	2	2	2	2	4	4	14	14	10	10	15	15	1	1	1	1	1	1	4	4	6	6	4	4	1	1	10	10	2	2	4	4	7	7	4	4	2	2	2	2	2	2	1	1	2	2	8	8	2	2	3	3	5	5	5	5	4	4	1	1	1	1	1	1	1	1	5	5	7	7	1	1	3	3	3	3	2	2	1	1	1	1	3	3	2	2	3	3	2	2	2	2	1	1	5	5	2	2	1	1	4	4	3	3	2	2	2	2	4	4	3	3	2	2	7	7	1	1	1	1	22	22	28	28	10	10	5	5	2	2	1	1
IND00088	3	3	6	6	1	1	4	4	6	6	7	7	4	4	3	3	8	8	7	7	1	1	7	7	1	1	1	1	1	1	2	2	7	7	3	3	2	2	2	2	8	8	8	8	5	5	4	4	1	1	1	1	2	2	2	2	1	1	6	6	15	15	12	12	1	1	3	3	3	3	3	3	2	2	1	1	1	1	4	4	8	8	8	8	3	3	4	4	3	3	1	1	2	2	4	4	2	2	2	2	8	8	5	5	7	7	1	1	3	3	4	4	2	2	1	1	1	1	4	4	3	3	2	2	1	1	2	2	3	3	2	2	2	2	2	2	3	3	5	5	1	1	1	1	4	4	4	4	2	2	3	3	2	2	2	2	9	9	23	23	16	16	15	15	2	2	1	1
IND00089	4	4	5	5	4	4	3	3	3	3	7	7	3	3	2	2	7	7	7	7	9	9	5	5	1	1	1	1	1	1	1	1	2	2	6	6	2	2	1	1	13	13	11	11	2	2	16	16	1	1	2	2	2	2	1	1	1	1	5	5	14	14	10	10	4	4	3	3	8	8	5	5	2	2	2	2	2	2	3	3	5	5	8	8	1	1	4	4	6	6	3	3	6	6	6	6	2	2	1	1	3	3	5	5	5	5	1	1	1	1	3	3	2	2	1	1	4	4	3	3	4	4	3	3	2	2	2	2	8	8	4	4	1	1	1	1	6	6	7	7	1	1	2	2	4	4	1	1	2	2	2	2	1	1	2	2	26	26	5	5	12	12	15	15	2	2	2	2
IND00090	7	7	1	1	3	3	2	2	10	10	11	11	1	1	3	3	5	5	3	3	2	2	1	1	2	2	1	1	2	2	1	1	5	5	7	7	2	2	2	2	3	3	8	8	14	14	15	15	2	2	1	1	2	2	1	1	8	8	8	8	3	3	11	11	1	1	4	4	6	6	8	8	1	1	1	1	1	1	1	1	4	4	4	4	2	2	2	2	1	1	6	6	4	4	6	6	2	2	2	2	3	3	6	6	5	5	5	5	4	4	2	2	2	2	2	2	1	1	4	4	1	1	1	1	1	1	2	2	2	2	4	4	2	2	1	1	8	8	1	1	2	2	2	2	3	3	4	4	4	4	2	2	2	2	1	1	21	21	1	1	5	5	8	8	2	2	2	2
IND00091	6	6	5	5	1	1	1	1	10	10	12	12	3	3	3	3	7	7	4	4	9	9	8	8	2	2	2	2	2	2	1	1	4	4	5	5	1	1	2	2	11	11	15	15	6	6	15	15	1	1	2	2	1	1	2	2	7	7	2	2	13	13	10	10	2	2	1	1	4	4	3	3	2	2	1	1	3	3	2	2	5	5	8	8	2	2	4	4	2	2	6	6	4	4	6	6	2	2	1	1	1	1	5	5	2	2	8	8	4	4	4	4	2	2	2	2	3	3	3	3	2	2	4	4	2	2	2	2	5	5	5	5	1	1	1	1	4	4	2	2	2	2	2	2	2	2	1	1	2	2	7	7	2	2	2	2	21	21	22	22	12	12	16	16	1	1	1	1
IND00092	8	8	7	7	4	4	4	4	16	16	4	4	1	1	4	4	2	2	7	7	10	10	1	1	2	2	2	2	2	2	2	2	6	6	7	7	1	1	2	2	12	12	15	15	14	14	8	8	2	2	1	1	1	1	2	2	8	8	2	2	1	1	15	15	2	2	2	2	1	1	5	5	2	2	1	1	1	1	2	2	3	3	7	7	4	4	4	4	8	8	6	6	7	7	1	1	2	2	2	2	8	8	7	7	5	5	5	5	3	3	3	3	2	2	1	1	4	4	1	1	3	3	3	3	2	2	1	1	4	4	3	3	1	1	2	2	3	3	2	2	1	1	1	1	4	4	2	2	3	3	6	6	1	1	2	2	19	19	20	20	15	15	3	3	2	2	2	2
IND00093	2	2	3	3	4	4	4	4	13	13	2	2	4	4	1	1	8	8	1	1	11	11	11	11	2	2	2	2	2	2	2	2	4	4	1	1	1	1	2	2	2	2	8	8	6	6	1	1	1	1	2	2	2	2	4	4	4	4	1	1	9	9	7	7	2	2	2	2	6	6	4	4	1	1	1	1	4	4	4	4	5	5	3	3	3	3	4	4	4	4	6	6	6	6	6	6	1	1	1	1	2	2	2	2	1	1	7	7	1	1	4	4	1	1	2	2	3	3	2	2	3	3	2	2	2	2	2	2	7	7	3	3	1	1	2	2	2	2	3	3	1	1	1	1	3	3	2	2	3	3	5	5	2	2	2	2	23	23	18	18	6	6	16	16	2	2	1	1
IND00094	4	4	4	4	4	4	3	3	1	1	11	11	2	2	2	2	2	2	5	5	6	6	10	10	1	1	2	2	1	1	1	1	5	5	3	3	2	2	2	2	6	6	1	1	5	5	8	8	1	1	2	2	3	3	1	1	8	8	4	4	6	6	10	10	2	2	3	3	5	5	7	7	2	2	1	1	4	4	1	1	5	5	8	8	1	1	3	3	1	1	6	6	1	1	5	5	1	1	2	2	8	8	5	5	7	7	8	8	2	2	3	3	1	1	2	2	4	4	3	3	2	2	2	2	2	2	2	2	4	4	3	3	2	2	1	1	8	8	3	3	1	1	1	1	1	1	4	4	2	2	2	2	1	1	1	1	29	29	17	17	15	15	10	10	2	2	1	1
IND00095	4	4	4	4	1	1	1	1	11	11	16	16	3	3	4	4	4	4	8	8	2	2	7	7	1	1	1	1	2	2	1	1	6	6	4	4	2	2	1	1	1	1	13	13	7	7	4	4	2	2	1	1	3	3	1	1	6	6	5	5	9	9	14	14	4	4	3	3	2	2	6	6	2	2	1	1	2	2	4	4	2	2	6	6	2	2	3	3	3	3	5	5	7	7	1	1	1	1	1	1	2	2	4	4	6	6	8	8	4	4	1	1	1	1	1	1	2	2	1	1	4	4	2	2	2	2	1	1	5	5	5	5	2	2	1	1	1	1	1	1	2	2	2	2	2	2	1	1	7	7	3	3	1	1	1	1	30	30	27	27	5	5	13	13	1	1	1	1
IND00096	3	3	7	7	2	2	3	3	12	12	1	1	3	3	3	3	2	2	6	6	3	3	15	15	1	1	2	2	2	2	1	1	2	2	7	7	1	1	2	2	4	4	11	11	5	5	3	3	1	1	2	2	2	2	2	2	7	7	2	2	10	10	6	6	3	3	2	2	1	1	7	7	1	1	2	2	1	1	2	2	5	5	1	1	2	2	1	1	3	3	1	1	1	1	3	3	2	2	1	1	3	3	2	2	7	7	6	6	3	3	1	1	1	1	1	1	4	4	1	1	4	4	1	1	1	1	1	1	2	2	8	8	2	2	1	1	8	8	1	1	2	2	2	2	2	2	3	3	6	6	6	6	2	2	2	2	8	8	30	30	6	6	16	16	2	2	2	2
IND00097	7	7	1	1	2	2	1	1	11	11	8	8	3	3	2	2	1	1	6	6	2	2	7	7	1	1	1	1	1	1	2	2	6	6	6	6	2	2	1	1	16	16	10	10	9	9	8	8	2	2	2	2	4	4	3	3	8	8	7	7	13	13	9	9	4	4	3	3	8	8	6	6	2	2	1	1	4	4	3	3	3	3	1	1	1	1	3	3	1	1	8	8	6	6	5	5	1	1	1	1	8	8	8	8	4	4	3	3	4	4	1	1	2	2	2	2	3	3	3	3	4	4	4	4	2	2	2	2	6	6	7	7	2	2	2	2	2	2	2	2	1	1	1	1	2	2	3	3	4	4	2	2	1	1	1	1	17	17	8	8	8	8	13	13	2	2	2	2
IND00098	6	6	5	5	3	3	2	2	8	8	11	11	2	2	4	4	6	6	7	7	4	4	13	13	1	1	2	2	2	2	1	1	5	5	1	1	1	1	2	2	4	4	7	7	6	6	5	5	1	1	1	1	1	1	1	1	8	8	5	5	16	16	7	7	1	1	1	1	7	7	2	2	2	2	2	2	2	2	1	1	2	2	1	1	3	3	2	2	5	5	1	1	6	6	1	1	2	2	1	1	2	2	1	1	4	4	8	8	3	3	4	4	1	1	2	2	3	3	1	1	2	2	1	1	2	2	2	2	4	4	5	5	1	1	2	2	5	5	4	4	1	1	1	1	1	1	1	1	4	4	5	5	2	2	1	1	30	30	14	14	6	6	1	1	1	1	2	2
IND00099	6	6	5	5	3	3	4	4	16	16	6	6	4	4	2	2	4	4	1	1	6	6	8	8	1	1	1	1	1	1	2	2	2	2	2	2	2	2	1	1	14	14	9	9	6	6	13	13	1	1	2	2	1	1	4	4	3	3	3	3	2	2	4	4	3	3	3	3	4	4	1	1	1	1	1	1	4	4	2	2	2	2	5	5	3	3	2	2	3	3	6	6	7	7	2	2	1	1	2	2	7	7	5	5	1	1	4	4	4	4	4	4	2	2	2	2	1	1	1	1	4	4	2	2	1	1	2	2	5	5	8	8	1	1	1	1	7	7	5	5	1	1	2	2	1	1	4	4	7	7	4	4	1	1	1	1	18	18	7	7	12	12	2	2	2	2	1	1
IND00100	3	3	8	8	2	2	2	2	13	13	5	5	2	2	3	3	3	3	3	3	12	12	4	4	2	2	1	1	2	2	1	1	6	6	7	7	2	2	1	1	5	5	1	1	11	11	8	8	1	1	1	1	3	3	3	3	3	3	6	6	9	9	14	14	2	2	4	4	4	4	5	5	1	1	1	1	2	2	4	4	3	3	6	6	2	2	3	3	7	7	6	6	8	8	3	3	1	1	1	1	3	3	6	6	4	4	1	1	4	4	4	4	2	2	1	1	3	3	1	1	1	1	4	4	2	2	1	1	3	3	4	4	2	2	2	2	6	6	8	8	1	1	2	2	1	1	4	4	5	5	1	1	2	2	2	2	27	27	3	3	9	9	12	12	2	2	2	2
IND00101	1	1	1	1	4	4	1	1	4	4	4	4	2	2	2	2	2	2	8	8	3	3	16	16	2	2	1	1	1	1	2	2	7	7	1	1	1	1	1	1	11	11	2	2	3	3	10	10	1	1	2	2	4	4	3	3	3	3	2	2	14	14	16	16	2	2	3	3	4	4	2	2	1	1	2	2	1	1	4	4	3	3	2	2	1	1	3	3	2	2	5	5	4	4	6	6	1	1	2	2	8	8	5	5	4	4	4	4	4	4	3	3	2	2	2	2	1	1	4	4	2	2	2	2	2	2	2	2	1	1	5	5	2	2	1	1	6	6	5	5	2	2	2	2	3	3	4	4	8	8	8	8	2	2	2	2	3	3	32	32	8	8	16	16	1	1	1	1
IND00102	4	4	4	4	2	2	1	1	14	14	15	15	4	4	4	4	3	3	4	4	10	10	4	4	2	2	1	1	2	2	2	2	7	7	1	1	1	1	2	2	3	3	13	13	12	12	12	12	2	2	1	1	3	3	2	2	3	3	7	7	8	8	4	4	2	2	3	3	1	1	7	7	1	1	2	2	4	4	1	1	8	8	3	3	1	1	1	1	1	1	7	7	7	7	8	8	1	1	1	1	4	4	6	6	8	8	2	2	1	1	2	2	1	1	2	2	1	1	1	1	2	2	1	1	1	1	1	1	1	1	3	3	1	1	1	1	5	5	4	4	2	2	1	1	3	3	4	4	8	8	1	1	2	2	1	1	30	30	13	13	15	15	9	9	1	1	2	2
IND00103	8	8	6	6	4	4	3	3	10	10	4	4	4	4	1	1	6	6	1	1	3	3	14	14	1	1	2	2	2	2	2	2	5	5	2	2	2	2	2	2	4	4	14	14	3	3	14	14	1	1	2	2	1	1	4	4	4	4	5	5	5	5	3	3	2	2	1	1	6	6	8	8	2	2	2	2	1	1	2	2	6	6	6	6	2	2	3	3	3	3	1	1	5	5	7	7	1	1	2	2	3	3	4	4	1	1	8	8	1	1	3	3	1	1	2	2	3	3	1	1	2	2	3	3	1	1	1	1	2	2	2	2	2	2	2	2	6	6	1	1	2	2	2	2	4	4	4	4	5	5	1	1	2	2	1	1	29	29	31	31	15	15	4	4	2	2	2	2
IND00104	4	4	5	5	2	2	3	3	13	13	7	7	3	3	2	2	3	3	8	8	4	4	6	6	1	1	2	2	1	1	1	1	2	2	3	3	1	1	2	2	12	12	11	11	4	4	6	6	2	2	1	1	1	1	1	1	7	7	2	2	4	4	6	6	2	2	4	4	3	3	4	4	1	1	1	1	4	4	2	2	6	6	1	1	2	2	1	1	6	6	1	1	5	5	4	4	2	2	2	2	8	8	8	8	1	1	1	1	2	2	3	3	1	1	1	1	3	3	3	3	4	4	1	1	1	1	1	1	3	3	4	4	1	1	1	1	7	7	4	4	1	1	2	2	3	3	2	2	4	4	1	1	2	2	1	1	22	22	23	23	12	12	10	10	2	2	2	2
IND00105	2	2	1	1	1	1	1	1	15	15	14	14	3	3	4	4	2	2	3	3	1	1	16	16	2	2	1	1	2	2	2	2	3	3	3	3	2	2	2	2	13	13	15	15	8	8	7	7	2	2	1	1	3	3	4	4	2	2	4	4	15	15	15	15	4	4	4	4	6	6	4	4	2	2	2	2	1	1	1	1	4	4	3	3	1	1	3	3	2	2	7	7	4	4	4	4	1	1	2	2	2	2	1	1	4	4	8	8	3	3	2	2	2	2	2	2	1	1	2	2	2	2	2	2	2	2	1	1	8	8	6	6	2	2	2	2	1	1	4	4	1	1	1	1	1	1	4	4	4	4	8	8	2	2	1	1	3	3	20	20	14	14	4	4	1	1	2	2
IND00106	7	7	4	4	1	1	2	2	1	1	4	4	3	3	2	2	6	6	3	3	4	4	12	12	1	1	2	2	2	2	1	1	8	8	8	8	2	2	1	1	11	11	7	7	6	6	13	13	2	2	1	1	2	2	3	3	5	5	5	5	15	15	3	3	3	3	1	1	4	4	3	3	1	1	2	2	4	4	1	1	7	7	5	5	4	4	1	1	4	4	2	2	8	8	4	4	2	2	2	2	1	1	5	5	4	4	4	4	1	1	2	2	2	2	2	2	4	4	3	3	4	4	2	2	2	2	2	2	7	7	2	2	2	2	2	2	8	8	5	5	1	1	1	1	2	2	4	4	3	3	5	5	2	2	2	2	9	9	9	9	15	15	1	1	2	2	2	2
IND00107	5	5	2	2	1	1	2	2	4	4	2	2	1	1	1	1	1	1	4	4	8	8	2	2	1	1	1	1	1	1	2	2	8	8	7	7	1	1	1	1	6	6	1	1	3	3	5	5	1	1	2	2	4	4	2	2	5	5	6	6	12	12	3	3	3	3	2	2	5	5	6	6	2	2	1	1	2	2	1	1	7	7	1	1	2	2	3	3	3	3	6	6	3	3	8	8	1	1	2	2	8	8	1	1	2	2	6	6	4	4	2	2	1	1	1	1	4	4	1	1	2	2	1	1	2	2	1	1	7	7	6	6	1	1	2	2	3	3	6	6	1	1	1	1	2	2	3	3	7	7	8	8	1	1	1	1	22	22	1	1	4	4	4	4	2	2	2	2
IND00108	6	6	8	8	4	4	2	2	16	16	10	10	3	3	4	4	3	3	6	6	16	16	7	7	1	1	1	1	1	1	1	1	3	3	4	4	2	2	2	2	9	9	16	16	8	8	4	4	1	1	2	2	3	3	3	3	6	6	8	8	6	6	13	13	1	1	2	2	5	5	1	1	1	1	2	2	4	4	2	2	4	4	2	2	3	3	2	2	8	8	1	1	1	1	5	5	1	1	2	2	4	4	3	3	2	2	2	2	3	3	1	1	2	2	1	1	1	1	1	1	3	3	4	4	1	1	1	1	5	5	4	4	2	2	1	1	3	3	8	8	2	2	2	2	1	1	2	2	1	1	3	3	1	1	2	2	22	22	15	15	3	3	8	8	1	1	2	2
IND00109	6	6	8	8	1	1	4	4	11	11	8	8	3	3	1	1	5	5	3	3	16	16	5	5	1	1	1	1	2	2	2	2	4	4	6	6	2	2	2	2	7	7	15	15	4	4	9	9	1	1	1	1	1	1	2	2	3	3	5	5	7	7	10	10	4	4	2	2	3	3	4	4	2	2	1	1	3	3	4	4	2	2	2	2	1	1	3	3	4	4	5	5	7	7	4	4	1	1	1	1	7	7	3	3	6	6	2	2	1	1	1	1	2	2	1	1	2	2	1	1	1	1	3	3	2	2	2	2	7	7	1	1	2	2	1	1	6	6	3	3	1	1	1	1	2	2	2	2	1	1	5	5	1	1	1	1	13	13	28	28	5	5	6	6	2	2	1	1
IND00110	2	2	1	1	3	3	2	2	2	2	3	3	4	4	1	1	2	2	8	8	13	13	8	8	1	1	1	1	2	2	1	1	7	7	5	5	2	2	1	1	9	9	6	6	9	9	12	12	2	2	1	1	1	1	2	2	1	1	4	4	9	9	2	2	3	3	1	1	2	2	1	1	2	2	1	1	1	1	3	3	8	8	5	5	1	1	4	4	1	1	5	5	3	3	5	5	2	2	2	2	8	8	7	7	5	5	4	4	4	4	1	1	2	2	1	1	2	2	2	2	1	1	3	3	2	2	2	2	7	7	7	7	1	1	2	2	2	2	2	2	2	2	1	1	1	1	1	1	7	7	7	7	1	1	2	2	15	15	21	21	11	11	5	5	1	1	2	2
IND00111	1	1	4	4	2	2	3	3	5	5	15	15	3	3	2	2	2	2	2	2	5	5	13	13	2	2	1	1	2	2	1	1	1	1	4	4	1	1	1	1	15	15	3	3	3	3	2	2	2	2	2	2	1	1	2	2	6	6	7	7	6	6	14	14	4	4	2	2	1	1	4	4	1	1	2	2	4	4	3	3	8	8	7	7	3	3	2	2	6	6	4	4	6	6	2	2	1	1	2	2	8	8	7	7	3	3	3	3	3	3	1	1	2	2	2	2	4	4	2	2	1	1	3	3	1	1	2	2	4	4	8	8	1	1	1	1	4	4	4	4	1	1	1	1	2	2	4	4	5	5	3	3	1	1	2	2	10	10	24	24	9	9	6	6	2	2	1	1
IND00112	3	3	3	3	4	4	4	4	11	11	13	13	2	2	1	1	3	3	8	8	13	13	2	2	1	1	2	2	2	2	2	2	4	4	8	8	2	2	1	1	10	10	1	1	6	6	14	14	2	2	1	1	3	3	4	4	7	7	4	4	10	10	2	2	4	4	1	1	8	8	7	7	2	2	2	2	2	2	1	1	2	2	4	4	3	3	3	3	8	8	6	6	5	5	2	2	2	2	2	2	7	7	8	8	3	3	7	7	4	4	3	3	1	1	1	1	3	3	1	1	1	1	4	4	1	1	2	2	5	5	1	1	1	1	2	2	3	3	5	5	2	2	1	1	2	2	3	3	4	4	8	8	2	2	2	2	30	30	17	17	7	7	13	13	2	2	2	2
IND00113	2	2	1	1	4	4	1	1	3	3	5	5	3	3	4	4	7	7	7	7	7	7	1	1	2	2	1	1	2	2	1	1	7	7	6	6	2	2	2	2	2	2	11	11	15	15	2	2	2	2	2	2	4	4	2	2	1	1	4	4	5	5	7	7	4	4	1	1	8	8	8	8	2	2	1	1	4	4	4	4	2	2	7	7	3	3	3	3	4	4	5	5	6	6	5	5	1	1	1	1	2	2	6	6	8	8	4	4	4	4	4	4	1	1	2	2	3	3	3	3	2	2	3	3	2	2	2	2	6	6	7	7	2	2	1	1	3	3	5	5	1	1	1	1	4	4	1	1	7	7	8	8	2	2	2	2	10	10	17	17	5	5	14	14	2	2	1	1
IND00114	7	7	8	8	1	1	2	2	9	9	8	8	4	4	1	1	3	3	3	3	4	4	5	5	1	1	2	2	1	1	1	1	7	7	1	1	2	2	1	1	16	16	16	16	7	7	11	11	2	2	2	2	4	4	1	1	6	6	3	3	5	5	16	16	3	3	3	3	6	6	4	4	1	1	1	1	2	2	1	1	4	4	3	3	3	3	1	1	5	5	4	4	8	8	7	7	2	2	1	1	2	2	2	2	4	4	5	5	1	1	2	2	1	1	1	1	1	1	1	1	3	3	2	2	1	1	1	1	7	7	5	5	2	2	1	1	1	1	4	4	2	2	2	2	3	3	2	2	8	8	6	6	2	2	2	2	3	3	3	3	9	9	4	4	1	1	2	2
IND00115	2	2	8	8	3	3	4	4	13	13	5	5	1	1	2	2	3	3	4	4	16	16	14	14	1	1	2	2	1	1	1	1	4	4	4	4	1	1	2	2	14	14	3	3	14	14	1	1	1	1	2	2	3	3	1	1	7	7	6	6	10	10	10	10	1	1	1	1	7	7	8	8	1	1	1	1	1	1	2	2	3	3	4	4	1	1	1	1	4	4	8	8	8	8	2	2	2	2	1	1	6	6	3	3	4	4	7	7	1	1	1	1	2	2	2	2	3	3	2	2	3	3	1	1	2	2	2	2	8	8	8	8	1	1	2	2	7	7	6	6	1	1	2	2	3	3	1	1	1	1	1	1	2	2	1	1	24	24	3	3	15	15	3	3	1	1	2	2
IND00116	1	1	6	6	1	1	2	2	12	12	12	12	4	4	1	1	5	5	6	6	13	13	9	9	2	2	2	2	1	1	2	2	7	7	8	8	2	2	1	1	10	10	1	1	7	7	7	7	1	1	2	2	2	2	1	1	6	6	2	2	10	10	10	10	2	2	1	1	3	3	6	6	1	1	1	1	2	2	1	1	3	3	2	2	3	3	1	1	5	5	5	5	1	1	8	8	2	2	2	2	1	1	4	4	4	4	5	5	2	2	2	2	2	2	1	1	1	1	4	4	3	3	4	4	1	1	1	1	1	1	4	4	1	1	1	1	4	4	6	6	2	2	2	2	2	2	4	4	4	4	2	2	2	2	1	1	28	28	11	11	13	13	4	4	1	1	2	2
IND00117	4	4	6	6	3	3	3	3	2	2	8	8	1	1	3	3	4	4	3	3	13	13	8	8	1	1	1	1	2	2	1	1	4	4	1	1	1	1	1	1	5	5	8	8	12	12	1	1	2	2	2	2	2	2	1	1	1	1	5	5	2	2	4	4	2	2	3	3	8	8	4	4	1	1	1	1	4	4	4	4	8	8	5	5	2	2	2	2	3	3	5	5	5	5	2	2	2	2	1	1	7	7	2	2	5	5	4	4	1	1	3	3	1	1	2	2	3	3	3	3	1	1	4	4	1	1	1	1	8	8	1	1	1	1	2	2	1	1	2	2	2	2	1	1	1	1	2	2	1	1	3	3	1	1	2	2	6	6	14	14	5	5	5	5	1	1	1	1
IND00118	8	8	1	1	3	3	2	2	3	3	4	4	3	3	4	4	5	5	5	5	1	1	8	8	2	2	1	1	2	2	2	2	5	5	2	2	1	1	2	2	10	10	9	9	14	14	10	10	2	2	2	2	1	1	3	3	5	5	1	1	2	2	6	6	1	1	1	1	4	4	8	8	2	2	2	2	4	4	4	4	6	6	3	3	2	2	2	2	5	5	3	3	4	4	1	1	2	2	2	2	5	5	7	7	7	7	3	3	3	3	4	4	1	1	2	2	1	1	2	2	1	1	3	3	1	1	1	1	4	4	4	4	1	1	1	1	4	4	2	2	1	1	1	1	1	1	2	2	2	2	3	3	2	2	1	1	12	12	1	1	6	6	8	8	2	2	1	1
IND00119	5	5	1	1	3	3	2	2	11	11	2	2	4	4	3	3	7	7	7	7	10	10	9	9	2	2	1	1	2	2	2	2	6	6	6	6	2	2	1	1	6	6	3	3	4	4	3	3	1	1	2	2	1	1	3	3	1	1	3	3	8	8	15	15	1	1	4	4	7	7	3	3	2	2	2	2	1	1	4	4	5	5	4	4	4	4	4	4	2	2	6	6	6	6	2	2	2	2	2	2	7	7	8	8	5	5	3	3	3	3	3	3	2	2	1	1	1	1	3	3	1	1	4	4	1	1	2	2	3	3	7	7	1	1	2	2	8	8	3	3	2	2	2	2	2	2	2	2	7	7	7	7	1	1	1	1	14	14	25	25	16	16	12	12	1	1	2	2
IND00120	6	6	2	2	4	4	4	4	11	11	14	14	2	2	1	1	1	1	3	3	2	2	11	11	2	2	1	1	1	1	1	1	6	6	6	6	1	1	2	2	8	8	11	11	13	13	7	7	2	2	2	2	4	4	3	3	5	5	3	3	4	4	16	16	2	2	3	3	7	7	6	6	2	2	2	2	2	2	3	3	5	5	3	3	3	3	4	4	4	4	2	2	5	5	8	8	1	1	1	1	4	4	5	5	3	3	5	5	3	3	2	2	2	2	2	2	2	2	1	1	4	4	1	1	1	1	1	1	5	5	3	3	2	2	2	2	2	2	8	8	2	2	1	1	2	2	1	1	6	6	1	1	1	1	1	1	10	10	15	15	8	8	13	13	1	1	2	2
IND00121	3	3	7	7	1	1	1	1	16	16	16	16	1	1	4	4	1	1	1	1	15	15	9	9	2	2	1	1	1	1	2	2	4	4	6	6	2	2	1	1	9	9	1	1	5	5	12	12	2	2	1	1	2	2	4	4	5	5	1	1	3	3	16	16	4	4	3	3	8	8	6	6	1	1	2	2	1	1	2	2	4	4	5	5	1	1	1	1	6	6	8	8	2	2	4	4	1	1	1	1	4	4	5	5	6	6	2	2	3	3	4	4	2	2	2	2	4	4	3	3	2	2	1	1	1	1	1	1	1	1	4	4	1	1	1	1	2	2	7	7	1	1	2	2	4	4	2	2	5	5	7	7	2	2	2	2	7	7	20	20	13	13	9	9	2	2	1	1
IND00122	4	4	7	7	3	3	3	3	16	16	15	15	3	3	2	2	8	8	3	3	3	3	3	3	2	2	2	2	1	1	2	2	3	3	6	6	1	1	1	1	4	4	7	7	10	10	7	7	2	2	2	2	3	3	4	4	7	7	4	4	8	8	16	16	3	3	3	3	3	3	8	8	1	1	1	1	4	4	3	3	3	3	2	2	4	4	1	1	8	8	5	5	1	1	1	1	2	2	2	2	8	8	8	8	1	1	7	7	4	4	4	4	2	2	2	2	3	3	4	4	2	2	2	2	1	1	2	2	3	3	3	3	2	2	1	1	7	7	8	8	1	1	1	1	1	1	2	2	7	7	3	3	1	1	2	2	12	12	22	22	10	10	10	10	1	1	1	1
IND00123	5	5	3	3	2	2	4	4	10	10	15	15	4	4	1	1	4	4	1	1	15	15	7	7	2	2	2	2	2	2	2	2	1	1	8	8	2	2	2	2	1	1	3	3	11	11	1	1	1	1	2	2	4	4	1	1	1	1	4	4	10	10	4	4	1	1	1	1	7	7	4	4	1	1	2	2	1	1	1	1	5	5	5	5	2	2	1	1	5	5	5	5	4	4	3	3	2	2	1	1	5	5	6	6	1	1	7	7	4	4	3	3	1	1	1	1	1	1	4	4	4	4	3	3	1	1	1	1	8	8	8	8	1	1	1	1	2	2	2	2	1	1	1	1	2	2	3	3	4	4	3	3	1	1	1	1	12	12	30	30	1	1	8	8	1	1	2	2
IND00124	4	4	7	7	4	4	1	1	13	13	1	1	3	3	4	4	3	3	5	5	11	11	5	5	1	1	1	1	2	2	1	1	7	7	4	4	2	2	2	2	16	16	12	12	8	8	15	15	1	1	1	1	3	3	3	3	8	8	7	7	14	14	5	5	2	2	4	4	8	8	3	3	1	1	1	1	1	1	3	3	1	1	6	6	4	4	3	3	1	1	3	3	1	1	7	7	2	2	1	1	6	6	8	8	6	6	4	4	2	2	2	2	1	1	1	1	4	4	2	2	2	2	1	1	2	2	1	1	4	4	7	7	2	2	2	2	5	5	3	3	2	2	1	1	2	2	4	4	1	1	1	1	1	1	2	2	14	14	1	1	11	11	7	7	2	2	2	2
IND00125	7	7	7	7	4	4	3	3	12	12	11	11	2	2	1	1	2	2	6	6	15	15	10	10	1	1	2	2	1	1	1	1	8	8	3	3	2	2	2	2	1	1	15	15	16	16	8	8	1	1	2	2	3	3	3	3	1	1	7	7	4	4	1	1	3	3	3	3	4	4	1	1	2	2	1	1	2	2	1	1	8	8	8	8	1	1	1	1	8	8	1	1	7	7	2	2	2	2	1	1	2	2	1	1	1	1	4	4	3	3	4	4	1	1	1	1	4	4	4	4	2	2	3	3	1	1	1	1	3	3	4	4	2	2	2	2	3	3	5	5	1	1	1	1	2	2	2	2	4	4	5	5	2	2	2	2	3	3	18	18	14	14	3	3	1	1	2	2
IND00126	7	7	8	8	1	1	3	3	4	4	3	3	2	2	1	1	6	6	3	3	13	13	3	3	1	1	2	2	2	2	2	2	1	1	6	6	1	1	1	1	8	8	12	12	7	7	9	9	2	2	1	1	3	3	1	1	8	8	2	2	14	14	6	6	2	2	2	2	6	6	1	1	1	1	2	2	1	1	4	4	3	3	3	3	1	1	4	4	3	3	8	8	8	8	1	1	1	1	1	1	6	6	1	1	7	7	4	4	4	4	1	1	1	1	2	2	1	1	4	4	4	4	1	1	2	2	2	2	5	5	1	1	1	1	2	2	6	6	2	2	2	2	2	2	1	1	2	2	8	8	7	7	1	1	1	1	23	23	6	6	6	6	16	16	1	1	2	2
IND00127	3	3	3	3	2	2	1	1	4	4	3	3	2	2	4	4	3	3	7	7	14	14	3	3	2	2	1	1	2	2	2	2	6	6	4	4	1	1	1	1	1	1	6	6	9	9	4	4	2	2	2	2	3	3	4	4	7	7	7	7	7	7	11	11	3	3	2	2	8	8	4	4	2	2	1	1	1	1	4	4	3	3	6	6	1	1	4	4	5	5	3	3	7	7	4	4	2	2	2	2	8	8	1	1	1	1	8	8	2	2	2	2	2	2	1	1	3	3	2	2	1	1	2	2	1	1	1	1	2	2	8	8	1	1	1	1	2	2	3	3	2	2	2	2	4	4	3	3	3	3	2	2	2	2	2	2	6	6	18	18	14	14	11	11	2	2	2	2
IND00128	4	4	2	2	4	4	1	1	16	16	6	6	3	3	3	3	4	4	7	7	3	3	2	2	2	2	1	1	2	2	2	2	6	6	3	3	2	2	1	1	5	5	7	7	4	4	7	7	2	2	1	1	1	1	4	4	8	8	8	8	16	16	14	14	2	2	4	4	7	7	4	4	1	1	2	2	1	1	4	4	5	5	8	8	2	2	1	1	3	3	5	5	5	5	8	8	1	1	2	2	1	1	1	1	5	5	3	3	4	4	1	1	1	1	2	2	3	3	4	4	1	1	3	3	2	2	2	2	1	1	4	4	2	2	1	1	3	3	2	2	1	1	1	1	4	4	4	4	8	8	5	5	2	2	1	1	26	26	2	2	14	14	11	11	1	1	2	2
IND00129	2	2	8	8	1	1	4	4	14	14	13	13	3	3	4	4	4	4	1	1	4	4	3	3	2	2	2	2	2	2	1	1	8	8	1	1	1	1	1	1	13	13	11	11	10	10	3	3	1	1	1	1	3	3	3	3	6	6	2	2	2	2	13	13	4	4	1	1	3	3	8	8	2	2	2	2	1	1	4	4	8	8	8	8	3	3	1	1	8	8	7	7	6	6	1	1	1	1	2	2	2	2	6	6	2	2	8	8	2	2	3	3	2	2	2	2	1	1	4	4	2	2	1	1	2	2	2	2	4	4	8	8	1	1	1	1	1	1	2	2	2	2	2	2	2	2	4	4	1	1	7	7	1	1	1	1	31	31	20	20	2	2	1	1	2	2	2	2
IND00130	6	6	8	8	4	4	1	1	6	6	5	5	3	3	3	3	7	7	5	5	9	9	16	16	2	2	1	1	1	1	2	2	5	5	1	1	1	1	2	2	1	1	4	4	5	5	6	6	1	1	1	1	4	4	3	3	1	1	2	2	13	13	9	9	4	4	2	2	3	3	6	6	1	1	1	1	3	3	3	3	6	6	5	5	1	1	1	1	5	5	5	5	8	8	6	6	1	1	1	1	4	4	4	4	5	5	6	6	3	3	2	2	1	1	2	2	2	2	4	4	3	3	2	2	2	2	2	2	8	8	8	8	1	1	2	2	5	5	1	1	1	1	1	1	1	1	2	2	7	7	3	3	1	1	2	2	32	32	22	22	12	12	2	2	2	2	1	1
IND00131	2	2	2	2	2	2	4	4	15	15	16	16	4	4	1	1	2	2	5	5	10	10	3	3	1	1	2	2	2	2	2	2	3	3	5	5	2	2	1	1	12	12	14	14	1	1	6	6	2	2	1	1	3	3	3	3	7	7	4	4	9	9	3	3	2	2	2	2	1	1	6	6	2	2	2	2	2	2	4	4	6	6	4	4	4	4	4	4	6	6	1	1	5	5	1	1	1	1	1	1	5	5	6	6	8	8	5	5	4	4	4	4	1	1	1	1	3	3	4	4	3	3	2	2	1	1	1	1	7	7	3	3	1	1	1	1	3	3	4	4	1	1	1	1	2	2	3	3	4	4	5	5	1	1	2	2	14	14	22	22	11	11	1	1	2	2	1	1
IND00132	8	8	1	1	2	2	3	3	12	12	15	15	3	3	3	3	5	5	3	3	7	7	2	2	1	1	1	1	1	1	1	1	2	2	1	1	1	1	2	2	16	16	7	7	11	11	7	7	1	1	2	2	4	4	4	4	5	5	3	3	1	1	7	7	1	1	4	4	6	6	6	6	1	1	2	2	1	1	4	4	8	8	3	3	2	2	2	2	2	2	5	5	7	7	6	6	2	2	2	2	7	7	3	3	2	2	7	7	2	2	4	4	2	2	2	2	2	2	1	1	2	2	3	3	1	1	1	1	4	4	4	4	1	1	2	2	8	8	7	7	2	2	2	2	4	4	2	2	7	7	4	4	1	1	2	2	31	31	2	2	13	13	7	7	2	2	1	1
IND00133	5	5	4	4	3	3	3	3	9	9	13	13	2	2	1	1	6	6	2	2	6	6	3	3	2	2	2	2	1	1	2	2	2	2	7	7	1	1	2	2	16	16	12	12	2	2	15	15	2	2	2	2	3	3	3	3	8	8	7	7	11	11	2	2	4	4	2	2	1	1	1	1	1	1	1	1	1	1	4	4	7	7	2	2	4	4	2	2	4	4	6	6	8	8	2	2	1	1	1	1	5	5	6	6	7	7	5	5	1	1	1	1	2	2	2	2	4	4	3	3	4	4	2	2	1	1	2	2	2	2	7	7	2	2	1	1	2	2	7	7	1	1	2	2	2	2	2	2	1	1	1	1	1	1	2	2	22	22	26	26	5	5	5	5	1	1	1	1
IND00134	1	1	8	8	3	3	1	1	2	2	6	6	4	4	2	2	6	6	5	5	14	14	13	13	2	2	1	1	2	2	2	2	4	4	6	6	1	1	1	1	10	10	4	4	1	1	4	4	1	1	2	2	2	2	2	2	5	5	1	1	8	8	14	14	1	1	2	2	4	4	2	2	1	1	1	1	3	3	4	4	2	2	4	4	4	4	3	3	7	7	2	2	4	4	4	4	2	2	2	2	8	8	8	8	7	7	6	6	4	4	4	4	1	1	2	2	2	2	1	1	3	3	1	1	2	2	2	2	2	2	8	8	1	1	2	2	7	7	3	3	2	2	1	1	4	4	4	4	7	7	1	1	1	1	1	1	3	3	28	28	3	3	2	2	1	1	1	1
IND00135	8	8	3	3	1	1	3	3	16	16	1	1	4	4	4	4	6	6	6	6	6	6	1	1	2	2	1	1	1	1	2	2	6	6	2	2	2	2	1	1	13	13	15	15	14	14	13	13	1	1	2	2	4	4	3	3	2	2	1	1	3	3	14	14	3	3	1	1	3	3	1	1	1	1	1	1	2	2	3	3	7	7	1	1	1	1	3	3	6	6	8	8	2	2	4	4	2	2	1	1	7	7	1	1	7	7	2	2	1	1	1	1	2	2	2	2	2	2	4	4	3	3	2	2	1	1	2	2	7	7	1	1	1	1	1	1	6	6	4	4	2	2	1	1	1	1	4	4	5	5	3	3	2	2	2	2	18	18	5	5	11	11	6	6	1	1	1	1
IND00136	8	8	5	5	1	1	2	2	10	10	8	8	4	4	2	2	8	8	5	5	8	8	10	10	1	1	1	1	1	1	2	2	7	7	1	1	1	1	1	1	6	6	6	6	16	16	3	3	2	2	1	1	3	3	2	2	7	7	8	8	5	5	16	16	3	3	2	2	7	7	1	1	2	2	2	2	2	2	4	4	2	2	6	6	4	4	1	1	4	4	8	8	5	5	7	7	1	1	2	2	7	7	1	1	6	6	3	3	3	3	1	1	1	1	2	2	3	3	4	4	4	4	4	4	1	1	2	2	4	4	3	3	1	1	1	1	1	1	2	2	1	1	2	2	1	1	2	2	4	4	8	8	2	2	1	1	29	29	11	11	13	13	6	6	1	1	1	1
IND00137	1	1	1	1	2	2	1	1	4	4	12	12	4	4	4	4	4	4	1	1	6	6	6	6	2	2	1	1	1	1	1	1	6	6	3	3	2	2	1	1	11	11	13	13	1	1	6	6	2	2	1	1	4	4	2	2	6	6	5	5	2	2	9	9	1	1	4	4	5	5	6	6	1	1	1	1	1	1	2	2	8	8	4	4	1	1	1	1	1	1	4	4	7	7	2	2	2	2	1	1	5	5	7	7	4	4	1	1	3	3	4	4	2	2	2	2	4	4	4	4	1	1	4	4	1	1	2	2	6	6	5	5	1	1	1	1	7	7	3	3	2	2	2	2	4	4	4	4	1	1	6	6	2	2	1	1	13	13	25	25	16	16	6	6	1	1	2	2
IND00138	4	4	6	6	1	1	2	2	5	5	12	12	1	1	3	3	7	7	1	1	13	13	2	2	1	1	2	2	2	2	1	1	3	3	5	5	2	2	1	1	5	5	11	11	16	16	2	2	1	1	1	1	3	3	3	3	1	1	6	6	13	13	2	2	3	3	4	4	8	8	1	1	1	1	2	2	3	3	1	1	6	6	3	3	3	3	2	2	1	1	7	7	4	4	2	2	1	1	2	2	6	6	7	7	3	3	5	5	3	3	3	3	1	1	2	2	2	2	1	1	2	2	2	2	2	2	1	1	2	2	3	3	1	1	2	2	1	1	8	8	1	1	2	2	4	4	2	2	5	5	8	8	1	1	2	2	21	21	19	19	1	1	13	13	1	1	1	1
IND00139	1	1	3	3	2	2	2	2	13	13	8	8	3	3	3	3	7	7	4	4	9	9	1	1	1	1	2	2	2	2	2	2	7	7	3	3	1	1	2	2	10	10	8	8	2	2	7	7	2	2	1	1	4	4	2	2	8	8	5	5	4	4	3	3	4	4	3	3	1	1	2	2	1	1	1	1	1	1	2	2	6	6	2	2	2	2	1	1	2	2	8	8	7	7	6	6	2	2	2	2	2	2	1	1	8	8	6	6	1	1	1	1	2	2	2	2	3	3	2	2	4	4	1	1	1	1	1	1	7	7	8	8	2	2	1	1	8	8	8	8	1	1	2	2	4	4	2	2	6	6	5	5	2	2	2	2	24	24	10	10	16	16	16	16	2	2	1	1
IND00140	5	5	4	4	4	4	4	4	4	4	14	14	4	4	2	2	6	6	8	8	8	8	12	12	2	2	1	1	2	2	1	1	4	4	6	6	2	2	1	1	15	15	15	15	13	13	11	11	2	2	2	2	1	1	3	3	3	3	5	5	2	2	5	5	2	2	3	3	4	4	1	1	2	2	1	1	3	3	2	2	2	2	2	2	1	1	2	2	4	4	5	5	6	6	8	8	1	1	2	2	5	5	8	8	7	7	7	7	4	4	2	2	1	1	2	2	2	2	1	1	1	1	1	1	1	1	2	2	1	1	1	1	1	1	2	2	8	8	2	2	1	1	2	2	4	4	4	4	3	3	8	8	2	2	1	1	24	24	26	26	14	14	7	7	2	2	1	1
IND00141	7	7	5	5	3	3	4	4	10	10	11	11	2	2	3	3	8	8	3	3	1	1	7	7	1	1	2	2	1	1	2	2	4	4	8	8	2	2	1	1	14	14	15	15	7	7	15	15	2	2	1	1	1	1	1	1	1	1	6	6	15	15	14	14	1	1	1	1	4	4	2	2	1	1	1	1	2	2	4	4	5	5	5	5	4	4	3	3	2	2	6	6	2	2	7	7	1	1	2	2	1	1	6	6	5	5	1	1	4	4	4	4	1	1	1	1	3	3	4	4	3	3	3	3	2	2	1	1	3	3	2	2	2	2	1	1	5	5	3	3	1	1	2	2	3	3	2	2	2	2	4	4	1	1	1	1	28	28	26	26	15	15	8	8	1	1	2	2
IND00142	7	7	6	6	1	1	2	2	12	12	16	16	4	4	4	4	1	1	6	6	12	12	11	11	1	1	2	2	2	2	2	2	3	3	6	6	2	2	1	1	11	11	7	7	13	13	13	13	1	1	1	1	3	3	3	3	2	2	2	2	12	12	6	6	3	3	2	2	4	4	5	5	2	2	1	1	3	3	2	2	6	6	4	4	1	1	4	4	2	2	4	4	4	4	3	3	1	1	1	1	2	2	1	1	5	5	5	5	2	2	3	3	1	1	2	2	3	3	1	1	2	2	4	4	1	1	2	2	1	1	3	3	1	1	1	1	8	8	6	6	2	2	2	2	4	4	2	2	8	8	6	6	1	1	2	2	28	28	25	25	10	10	9	9	1	1	2	2
IND00143	4	4	8	8	4	4	2	2	9	9	4	4	3	3	2	2	2	2	5	5	2	2	9	9	2	2	1	1	1	1	2	2	3	3	4	4	2	2	2	2	7	7	8	8	12	12	4	4	1	1	1	1	2	2	4	4	3	3	4	4	16	16	2	2	2	2	3	3	5	5	3	3	1	1	1	1	2	2	4	4	1	1	8	8	3	3	4	4	2	2	6	6	7	7	6	6	2	2	2	2	6	6	4	4	2	2	5	5	4	4	4	4	1	1	2	2	2	2	2	2	1	1	1	1	1	1	1	1	8	8	1	1	2	2	2	2	6	6	6	6	1	1	1	1	2	2	4	4	4	4	7	7	1	1	1	1	30	30	24	24	5	5	3	3	2	2	1	1
IND00144	7	7	5	5	1	1	2	2	9	9	14	14	1	1	3	3	8	8	8	8	6	6	12	12	1	1	1	1	2	2	1	1	6	6	6	6	2	2	2	2	16	16	4	4	12	12	9	9	2	2	2	2	1	1	4	4	1	1	1	1	8	8	15	15	3	3	3	3	5	5	7	7	1	1	1	1	4	4	2	2	5	5	8	8	3	3	1	1	8	8	4	4	1	1	7	7	1	1	1	1	4	4	5	5	3	3	7	7	4	4	2	2	1	1	1	1	1	1	2	2	2	2	1	1	2	2	1	1	6	6	7	7	1	1	2	2	5	5	8	8	2	2	2	2	4	4	4	4	3	3	1	1	1	1	2	2	23	23	8	8	12	12	14	14	1	1	1	1
IND00145	5	5	1	1	4	4	4	4	16	16	12	12	2	2	3	3	8	8	3	3	6	6	12	12	2	2	1	1	1	1	2	2	5	5	3	3	1	1	2	2	15	15	5	5	16	16	15	15	2	2	1	1	2	2	2	2	4	4	7	7	3	3	15	15	1	1	1	1	6	6	4	4	1	1	2	2	3	3	2	2	1	1	2	2	3	3	1	1	2	2	4	4	3	3	7	7	2	2	1	1	6	6	6	6	6	6	4	4	3	3	3	3	1	1	1	1	4	4	2	2	3	3	4	4	1	1	1	1	5	5	1	1	1	1	2	2	3	3	8	8	2	2	2	2	4	4	1	1	3	3	1	1	1	1	1	1	29	29	12	12	2	2	5	5	1	1	2	2
IND00146	2	2	1	1	3	3	1	1	2	2	3	3	1	1	2	2	1	1	1	1	6	6	7	7	1	1	2	2	2	2	1	1	2	2	8	8	2	2	1	1	12	12	13	13	3	3	8	8	2	2	2	2	2	2	1	1	5	5	2	2	2	2	15	15	1	1	1	1	2	2	4	4	1	1	1	1	3	3	4	4	5	5	6	6	1	1	4	4	8	8	3	3	5	5	6	6	2	2	1	1	2	2	5	5	7	7	4	4	4	4	4	4	1	1	2	2	1	1	3	3	4	4	1	1	1	1	1	1	5	5	1	1	1	1	2	2	6	6	5	5	1	1	1	1	4	4	3	3	8	8	1	1	1	1	1	1	13	13	25	25	4	4	4	4	2	2	2	2
IND00147	4	4	3	3	2	2	1	1	6	6	9	9	1	1	1	1	6	6	2	2	4	4	15	15	1	1	1	1	2	2	1	1	1	1	5	5	2	2	2	2	15	15	11	11	16	16	3	3	2	2	1	1	4	4	2	2	6	6	7	7	1	1	15	15	4	4	2	2	4	4	7	7	1	1	2	2	1	1	4	4	3	3	3	3	3	3	3	3	8	8	4	4	3	3	5	5	2	2	2	2	6	6	5	5	2	2	8	8	4	4	1	1	1	1	2	2	4	4	2	2	2	2	2	2	2	2	1	1	3	3	8	8	1	1	2	2	7	7	1	1	1	1	2	2	2	2	2	2	4	4	6	6	2	2	1	1	30	30	28	28	6	6	10	10	2	2	1	1
IND00148	7	7	6	6	3	3	1	1	10	10	14	14	3	3	4	4	3	3	3	3	15	15	12	12	1	1	2	2	2	2	1	1	2	2	1	1	1	1	2	2	1	1	11	11	14	14	5	5	2	2	1	1	2	2	1	1	4	4	6	6	2	2	9	9	1	1	2	2	7	7	7	7	1	1	2	2	2	2	1	1	4	4	8	8	2	2	3	3	6	6	4	4	2	2	1	1	2	2	1	1	4	4	5	5	6	6	1	1	1	1	4	4	1	1	1	1	4	4	2	2	4	4	3	3	1	1	1	1	4	4	8	8	1	1	1	1	4	4	4	4	1	1	1	1	2	2	3	3	1	1	2	2	2	2	2	2	26	26	18	18	4	4	16	16	2	2	2	2
IND00149	4	4	2	2	1	1	3	3	8	8	2	2	4	4	3	3	8	8	3	3	11	11	14	14	1	1	1	1	1	1	2	2	2	2	2	2	1	1	1	1	7	7	7	7	7	7	16	16	2	2	1	1	4	4	4	4	2	2	3	3	7	7	7	7	2	2	1	1	4	4	7	7	2	2	2	2	1	1	3	3	6	6	8	8	2	2	3	3	8	8	3	3	6	6	3	3	1	1	2	2	6	6	4	4	4	4	8	8	2	2	1	1	2	2	1	1	1	1	3	3	4	4	2	2	1	1	2	2	6	6	5	5	2	2	2	2	6	6	4	4	2	2	1	1	4	4	3	3	7	7	6	6	1	1	2	2	3	3	16	16	11	11	9	9	1	1	1	1
IND00150	5	5	7	7	1	1	3	3	14	14	4	4	4	4	2	2	6	6	8	8	9	9	16	16	1	1	2	2	1	1	1	1	6	6	1	1	1	1	2	2	1	1	5	5	8	8	15	15	2	2	1	1	1	1	3	3	6	6	7	7	7	7	15	15	4	4	4	4	3	3	4	4	2	2	2	2	1	1	2	2	5	5	7	7	2	2	2	2	5	5	4	4	1	1	3	3	2	2	1	1	4	4	2	2	4	4	6	6	1	1	2	2	1	1	2	2	3	3	3	3	2	2	2	2	1	1	1	1	5	5	1	1	2	2	2	2	6	6	8	8	2	2	1	1	4	4	3	3	7	7	2	2	2	2	1	1	17	17	18	18	2	2	9	9	1	1	2	2
IND00151	6	6	1	1	3	3	1	1	2	2	3	3	1	1	3	3	1	1	6	6	11	11	3	3	2	2	2	2	1	1	1	1	5	5	8	8	2	2	1	1	12	12	15	15	7	7	2	2	1	1	2	2	1	1	4	4	3	3	4	4	13	13	3	3	2	2	1	1	1	1	2	2	2	2	1	1	2	2	1	1	2	2	1	1	3	3	4	4	8	8	5	5	8	8	1	1	2	2	2	2	7	7	7	7	8	8	5	5	4	4	2	2	2	2	2	2	2	2	3	3	3	3	4	4	1	1	1	1	4	4	4	4	2	2	1	1	3	3	5	5	1	1	2	2	2	2	2	2	4	4	8	8	1	1	2	2	23	23	26	26	13	13	12	12	1	1	2	2
IND00152	6	6	8	8	3	3	1	1	3	3	2	2	3	3	3	3	3	3	4	4	15	15	6	6	1	1	2	2	1	1	2	2	6	6	4	4	1	1	1	1	16	16	14	14	9	9	5	5	1	1	1	1	1	1	4	4	8	8	8	8	7	7	11	11	2	2	2	2	8	8	3	3	1	1	2	2	3	3	1	1	3	3	2	2	3	3	1	1	8	8	1	1	5	5	3	3	2	2	1	1	2	2	6	6	8	8	3	3	4	4	3	3	2	2	1	1	2	2	1	1	4	4	3	3	1	1	1	1	3	3	5	5	2	2	1	1	8	8	2	2	2	2	1	1	1	1	1	1	7	7	1	1	1	1	1	1	30	30	22	22	11	11	4	4	2	2	2	2
IND00153	4	4	8	8	3	3	1	1	6	6	12	12	4	4	2	2	4	4	3	3	7	7	12	12	2	2	1	1	2	2	2	2	2	2	8	8	2	2	1	1	13	13	9	9	1	1	4	4	2	2	1	1	1	1	3	3	1	1	8	8	12	12	8	8	1	1	1	1	2	2	8	8	2	2	1	1	4	4	3	3	8	8	8	8	3	3	3	3	3	3	3	3	7	7	7	7	2	2	2	2	2	2	4	4	8	8	2	2	4	4	4	4	1	1	2	2	2	2	2	2	2	2	1	1	2	2	1	1	4	4	3	3	1	1	1	1	6	6	7	7	2	2	1	1	4	4	2	2	8	8	4	4	2	2	1	1	22	22	30	30	16	16	16	16	2	2	2	2
IND00154	2	2	2	2	2	2	1	1	4	4	15	15	2	2	2	2	1	1	3	3	13	13	8	8	1	1	2	2	1	1	1	1	8	8	3	3	2	2	1	1	5	5	2	2	8	8	12	12	2	2	1	1	1	1	4	4	8	8	4	4	15	15	8	8	4	4	4	4	5	5	4	4	2	2	2	2	3	3	1	1	2	2	7	7	2	2	4	4	7	7	6	6	7	7	2	2	2	2	2	2	8	8	1	1	1	1	5	5	4	4	4	4	2	2	2	2	1	1	2	2	3	3	3	3	2	2	2	2	8	8	5	5	2	2	2	2	7	7	5	5	2	2	2	2	4	4	4	4	2	2	3	3	1	1	2	2	17	17	28	28	3	3	6	6	1	1	1	1
IND00155	5	5	2	2	2	2	1	1	14	14	10	10	4	4	1	1	3	3	4	4	2	2	6	6	1	1	2	2	2	2	2	2	8	8	8	8	2	2	1	1	10	10	15	15	14	14	8	8	1	1	1	1	1	1	3	3	5	5	4	4	5	5	16	16	1	1	3	3	5	5	1	1	2	2	1	1	1	1	3	3	7	7	4	4	1	1	3	3	4	4	3	3	7	7	3	3	2	2	1	1	7	7	8	8	1	1	7	7	4	4	1	1	2	2	1	1	3	3	1	1	1	1	2	2	2	2	1	1	6	6	6	6	2	2	2	2	3	3	8	8	1	1	2	2	4	4	4	4	4	4	7	7	1	1	1	1	16	16	9	9	16	16	7	7	2	2	2	2
IND00156	4	4	8	8	2	2	2	2	12	12	4	4	4	4	1	1	7	7	5	5	9	9	4	4	1	1	2	2	1	1	2	2	5	5	1	1	2	2	1	1	10	10	8	8	7	7	13	13	1	1	2	2	3	3	4	4	2	2	2	2	3	3	14	14	1	1	1	1	1	1	1	1	2	2	1	1	3	3	4	4	7	7	2	2	4	4	3	3	8	8	2	2	2	2	2	2	1	1	2	2	2	2	4	4	2	2	3	3	4	4	2	2	1	1	1	1	3	3	4	4	2	2	1	1	1	1	2	2	2	2	2	2	1	1	2	2	2	2	2	2	1	1	2	2	3	3	3	3	7	7	1	1	2	2	2	2	4	4	23	23	6	6	12	12	1	1	2	2
IND00157	8	8	1	1	1	1	4	4	16	16	7	7	4	4	2	2	2	2	3	3	5	5	10	10	1	1	1	1	1	1	2	2	1	1	6	6	2	2	2	2	3	3	3	3	7	7	12	12	2	2	2	2	4	4	1	1	7	7	3	3	16	16	14	14	1	1	1	1	5	5	8	8	1	1	1	1	3	3	3	3	7	7	5	5	2	2	4	4	7	7	4	4	8	8	6	6	2	2	2	2	6	6	7	7	8	8	1	1	2	2	1	1	1	1	1	1	4	4	2	2	2	2	4	4	2	2	2	2	2	2	4	4	2	2	1	1	4	4	4	4	1	1	1	1	2	2	1	1	8	8	6	6	2	2	1	1	25	25	26	26	9	9	12	12	2	2	1	1
IND00158	8	8	1	1	3	3	4	4	7	7	2	2	3	3	2	2	3	3	8	8	3	3	10	10	1	1	1	1	1	1	1	1	8	8	6	6	1	1	1	1	15	15	4	4	8	8	14	14	1	1	1	1	1	1	1	1	4	4	6	6	9	9	7	7	3	3	1	1	2	2	5	5	2	2	2	2	2	2	2	2	5	5	2	2	1	1	1	1	1	1	2	2	1	1	1	1	2	2	1	1	8	8	6	6	6	6	4	4	2	2	3	3	1	1	2	2	2	2	2	2	3	3	4	4	2	2	1	1	2	2	2	2	1	1	1	1	8	8	5	5	1	1	1	1	1	1	4	4	3	3	3	3	1	1	1	1	3	3	16	16	8	8	14	14	1	1	2	2
IND00159	7	7	5	5	4	4	1	1	15	15	14	14	4	4	1	1	4	4	3	3	16	16	10	10	2	2	1	1	2	2	1	1	6	6	3	3	1	1	1	1	14	14	6	6	2	2	2	2	1	1	2	2	1	1	4	4	2	2	1	1	12	12	2	2	2	2	3	3	3	3	5	5	1	1	2	2	3	3	2	2	8	8	1	1	3	3	2	2	6	6	6	6	1	1	4	4	1	1	2	2	7	7	4	4	2	2	3	3	2	2	2	2	2	2	1	1	2	2	2	2	4	4	4	4	2	2	2	2	6	6	6	6	2	2	2	2	8	8	5	5	1	1	2	2	3	3	2	2	1	1	7	7	2	2	1	1	9	9	26	26	6	6	6	6	1	1	1	1
IND00160	8	8	4	4	3	3	3	3	9	9	16	16	3	3	3	3	3	3	1	1	2	2	16	16	2	2	2	2	2	2	2	2	2	2	3	3	1	1	2	2	10	10	2	2	6	6	5	5	2	2	1	1	3	3	1	1	4	4	2	2	8	8	9	9	2	2	2	2	4	4	3	3	2	2	2	2	4	4	2	2	3	3	8	8	4	4	4	4	8	8	2	2	5	5	6	6	1	1	1	1	1	1	2	2	8	8	5	5	2	2	3	3	1	1	1	1	2	2	1	1	2	2	4	4	2	2	2	2	4	4	6	6	1	1	2	2	1	1	7	7	1	1	2	2	4	4	1	1	4	4	7	7	1	1	2	2	11	11	4	4	1	1	11	11	1	1	1	1
IND00161	5	5	3	3	4	4	1	1	10	10	16	16	3	3	3	3	4	4	5	5	8	8	11	11	2	2	2	2	2	2	2	2	2	2	3	3	1	1	2	2	8	8	11	11	1	1	8	8	2	2	2	2	3	3	2	2	2	2	4	4	6	6	9	9	3	3	2	2	6	6	7	7	1	1	2	2	1	1	2	2	1	1	7	7	1	1	1	1	8	8	8	8	2	2	3	3	2	2	1	1	2	2	2	2	5	5	7	7	1	1	3	3	1	1	1	1	1	1	4	4	1	1	4	4	2	2	1	1	8	8	1	1	2	2	1	1	5	5	3	3	1	1	1	1	4	4	1	1	3	3	8	8	2	2	1	1	23	23	5	5	1	1	10	10	2	2	1	1
IND00162	2	2	4	4	3	3	1	1	5	5	2	2	1	1	4	4	7	7	5	5	11	11	2	2	2	2	2	2	2	2	2	2	7	7	3	3	2	2	1	1	9	9	7	7	6	6	11	11	1	1	1	1	3	3	4	4	2	2	7	7	14	14	3	3	2	2	2	2	4	4	1	1	1	1	2	2	3	3	2	2	7	7	1	1	2	2	2	2	8	8	6	6	1	1	5	5	2	2	2	2	7	7	7	7	8	8	2	2	4	4	2	2	2	2	2	2	4	4	1	1	4	4	2	2	2	2	1	1	1	1	7	7	1	1	1	1	7	7	4	4	2	2	1	1	2	2	3	3	4	4	6	6	1	1	2	2	32	32	25	25	14	14	13	13	2	2	1	1
IND00163	5	5	8	8	2	2	4	4	5	5	11	11	3	3	2	2	1	1	5	5	14	14	8	8	2	2	2	2	2	2	1	1	1	1	4	4	2	2	1	1	9	9	16	16	14	14	8	8	1	1	1	1	1	1	2	2	6	6	8	8	9	9	2	2	2	2	2	2	8	8	2	2	2	2	2	2	1	1	4	4	5	5	1	1	1	1	4	4	2	2	7	7	3	3	3	3	1	1	2	2	1	1	5	5	8	8	1	1	2	2	4	4	1	1	1	1	1	1	2	2	1	1	2	2	2	2	2	2	4	4	4	4	1	1	1	1	6	6	4	4	1	1	2	2	3	3	4	4	2	2	5	5	2	2	2	2	11	11	27	27	6	6	11	11	2	2	1	1
IND00164	6	6	6	6	2	2	2	2	7	7	8	8	3	3	2	2	2	2	5	5	9	9	4	4	1	1	1	1	2	2	1	1	4	4	2	2	1	1	1	1	8	8	5	5	7	7	2	2	1	1	1	1	1	1	2	2	3	3	8	8	16	16	14	14	1	1	3	3	7	7	2	2	1	1	2	2	1	1	4	4	3	3	6	6	3	3	2	2	1	1	3	3	4	4	4	4	2	2	1	1	1	1	5	5	5	5	4	4	2	2	4	4	1	1	1	1	3	3	2	2	1	1	1	1	1	1	2	2	8	8	6	6	1	1	1	1	2	2	5	5	2	2	2	2	4	4	1	1	2	2	6	6	1	1	1	1	23	23	10	10	2	2	12	12	2	2	2	2
IND00165	5	5	7	7	3	3	2	2	13	13	11	11	3	3	1	1	4	4	6	6	14	14	13	13	2	2	2	2	2	2	1	1	3	3	1	1	1	1	2	2	12	12	6	6	2	2	12	12	2	2	1	1	2	2	4	4	1	1	3	3	10	10	7	7	4	4	4	4	6	6	5	5	2	2	1	1	4	4	4	4	7	7	7	7	3	3	3	3	8	8	4	4	4	4	5	5	2	2	2	2	5	5	7	7	4	4	7	7	1	1	2	2	1	1	2	2	4	4	3	3	3	3	2	2	1	1	1	1	8	8	7	7	1	1	1	1	1	1	8	8	1	1	2	2	1	1	3	3	3	3	6	6	2	2	2	2	20	20	3	3	16	16	9	9	1	1	2	2
IND00166	3	3	2	2	4	4	2	2	4	4	8	8	2	2	3	3	4	4	1	1	8	8	15	15	2	2	1	1	2	2	1	1	2	2	8	8	2	2	2	2	11	11	11	11	10	10	1	1	1	1	1	1	4	4	3	3	5	5	8	8	3	3	1	1	3	3	4	4	8	8	4	4	1	1	1	1	2	2	1	1	6	6	1	1	1	1	3	3	7	7	5	5	4	4	7	7	2	2	1	1	5	5	3	3	5	5	2	2	1	1	3	3	1	1	1	1	3	3	2	2	3	3	2	2	2	2	2	2	6	6	1	1	2	2	1	1	4	4	5	5	2	2	2	2	4	4	4	4	4	4	8	8	2	2	2	2	2	2	27	27	13	13	2	2	2	2	1	1
IND00167	3	3	4	4	3	3	2	2	10	10	10	10	1	1	3	3	8	8	2	2	6	6	8	8	2	2	1	1	2	2	2	2	3	3	2	2	2	2	1	1	7	7	2	2	7	7	12	12	1	1	1	1	4	4	4	4	6	6	3	3	11	11	14	14	2	2	3	3	6	6	3	3	2	2	1	1	1	1	4	4	2	2	5	5	1	1	2	2	8	8	4	4	3	3	3	3	1	1	2	2	6	6	8	8	8	8	5	5	1	1	2	2	2	2	1	1	3	3	1	1	3	3	2	2	2	2	2	2	4	4	6	6	2	2	2	2	7	7	4	4	2	2	1	1	2	2	1	1	4	4	3	3	2	2	1	1	11	11	26	26	5	5	11	11	1	1	2	2
IND00168	8	8	3	3	2	2	2	2	5	5	3	3	3	3	3	3	2	2	5	5	7	7	1	1	2	2	1	1	2	2	1	1	4	4	8	8	2	2	2	2	14	14	11	11	5	5	3	3	1	1	2	2	2	2	2	2	1	1	1	1	4	4	12	12	1	1	1	1	3	3	3	3	2	2	1	1	4	4	3	3	8	8	5	5	4	4	2	2	1	1	5	5	8	8	2	2	2	2	1	1	7	7	4	4	2	2	2	2	3	3	4	4	1	1	2	2	2	2	2	2	1	1	3	3	2	2	1	1	4	4	7	7	1	1	2	2	1	1	1	1	1	1	2	2	4	4	3	3	7	7	4	4	2	2	1	1	9	9	24	24	6	6	3	3	2	2	1	1
IND00169	4	4	8	8	4	4	1	1	13	13	13	13	4	4	2	2	6	6	2	2	3	3	12	12	1	1	2	2	1	1	1	1	1	1	3	3	1	1	2	2	7	7	15	15	8	8	6	6	2	2	2	2	3	3	3	3	1	1	6	6	9	9	15	15	4	4	2	2	1	1	3	3	1	1	1	1	1	1	3	3	3	3	5	5	4	4	2	2	6	6	5	5	8	8	7	7	2	2	2	2	5	5	1	1	8	8	4	4	4	4	3	3	2	2	2	2	1	1	4	4	4	4	4	4	2	2	1	1	3	3	6	6	2	2	2	2	5	5	1	1	1	1	1	1	3	3	3	3	7	7	6	6	2	2	2	2	13	13	10	10	5	5	4	4	2	2	1	1
IND00170	3	3	7	7	4	4	3	3	1	1	3	3	3	3	3	3	2	2	7	7	9	9	15	15	2	2	2	2	1	1	1	1	1	1	5	5	1	1	2	2	1	1	16	16	15	15	3	3	1	1	1	1	4	4	3	3	4	4	6	6	7	7	4	4	1	1	2	2	5	5	3	3	1	1	1	1	2	2	3	3	8	8	7	7	3	3	2	2	4	4	4	4	8	8	4	4	2	2	1	1	1	1	8	8	3	3	3	3	4	4	3	3	1	1	1	1	4	4	3	3	3	3	4	4	1	1	1	1	6	6	3	3	2	2	1	1	1	1	6	6	2	2	1	1	3	3	3	3	8	8	5	5	2	2	1	1	23	23	17	17	14	14	8	8	1	1	1	1
IND00171	5	5	7	7	3	3	1	1	8	8	12	12	4	4	1	1	7	7	6	6	13	13	7	7	1	1	1	1	2	2	2	2	8	8	7	7	2	2	1	1	6	6	7	7	16	16	4	4	2	2	1	1	1	1	4	4	5	5	8	8	2	2	6	6	2	2	1	1	6	6	8	8	2	2	1	1	3	3	4	4	3	3	8	8	2	2	2	2	7	7	4	4	4	4	1	1	1	1	1	1	1	1	2	2	8	8	6	6	2	2	1	1	2	2	2	2	1	1	1	1	4	4	3	3	1	1	1	1	2	2	1	1	1	1	1	1	5	5	3	3	2	2	1	1	4	4	3	3	2	2	8	8	1	1	2	2	31	31	13	13	14	14	3	3	2	2	2	2
IND00172	6	6	7	7	1	1	4	4	14	14	13	13	1	1	4	4	3	3	6	6	16	16	9	9	1	1	1	1	2	2	2	2	3	3	4	4	1	1	2	2	8	8	4	4	14	14	13	13	2	2	1	1	3	3	1	1	4	4	8	8	12	12	15	15	2	2	2	2	6	6	6	6	1	1	2	2	1	1	1	1	5	5	3	3	4	4	2	2	2	2	7	7	7	7	7	7	2	2	2	2	3	3	7	7	8	8	3	3	3	3	4	4	1	1	2	2	2	2	4	4	2	2	3	3	1	1	1	1	6	6	5	5	2	2	1	1	5	5	4	4	1	1	2	2	1	1	1	1	5	5	4	4	2	2	1	1	7	7	18	18	3	3	1	1	1	1	1	1
IND00173	6	6	1	1	2	2	3	3	9	9	15	15	4	4	4	4	2	2	8	8	11	11	13	13	1	1	2	2	2	2	2	2	5	5	7	7	1	1	2	2	3	3	1	1	16	16	1	1	1	1	2	2	2	2	1	1	6	6	4	4	7	7	2	2	1	1	4	4	3	3	8	8	1	1	2	2	2	2	1	1	1	1	1	1	1	1	1	1	5	5	5	5	1	1	5	5	2	2	1	1	3	3	8	8	3	3	7	7	1	1	2	2	1	1	1	1	1	1	4	4	3	3	2	2	2	2	1	1	1	1	7	7	2	2	2	2	8	8	4	4	2	2	2	2	2	2	4	4	1	1	7	7	2	2	2	2	31	31	20	20	3	3	15	15	2	2	1	1
IND00174	5	5	4	4	4	4	4	4	1	1	4	4	2	2	1	1	8	8	4	4	9	9	4	4	1	1	2	2	1	1	1	1	5	5	7	7	2	2	2	2	4	4	7	7	12	12	12	12	2	2	2	2	2	2	2	2	6	6	3	3	1	1	2	2	2	2	3	3	3	3	1	1	1	1	2	2	1	1	2	2	2	2	8	8	2	2	2	2	3	3	4	4	1	1	4	4	2	2	1	1	6	6	7	7	6	6	7	7	3	3	1	1	2	2	2	2	2	2	3	3	3	3	3	3	2	2	1	1	3	3	5	5	2	2	1	1	8	8	2	2	2	2	1	1	3	3	4	4	3	3	8	8	1	1	2	2	21	21	16	16	9	9	7	7	2	2	1	1
IND00175	5	5	6	6	4	4	1	1	8	8	9	9	1	1	3	3	2	2	1	1	10	10	3	3	1	1	2	2	2	2	2	2	8	8	8	8	1	1	2	2	15	15	14	14	11	11	7	7	2	2	1	1	2	2	2	2	8	8	3	3	3	3	12	12	2	2	1	1	3	3	8	8	1	1	2	2	3	3	3	3	8	8	8	8	4	4	2	2	5	5	4	4	5	5	2	2	1	1	2	2	3	3	4	4	2	2	6	6	4	4	3	3	2	2	1	1	2	2	2	2	2	2	2	2	1	1	2	2	1	1	2	2	1	1	1	1	8	8	7	7	2	2	1	1	2	2	2	2	6	6	1	1	2	2	2	2	28	28	22	22	14	14	14	14	2	2	1	1
IND00176	4	4	5	5	1	1	4	4	12	12	8	8	2	2	4	4	1	1	2	2	8	8	15	15	1	1	2	2	2	2	2	2	7	7	7	7	1	1	1	1	4	4	11	11	3	3	15	15	1	1	2	2	2	2	3	3	5	5	2	2	2	2	16	16	4	4	4	4	1	1	5	5	1	1	1	1	1	1	2	2	5	5	2	2	3	3	4	4	7	7	7	7	7	7	5	5	2	2	2	2	1	1	1	1	3	3	4	4	2	2	2	2	2	2	1	1	4	4	1	1	4	4	3	3	2	2	2	2	1	1	8	8	1	1	1	1	6	6	3	3	2	2	1	1	2	2	3	3	1	1	8	8	2	2	1	1	26	26	12	12	13	13	5	5	2	2	2	2
IND00177	6	6	1	1	1	1	3	3	13	13	8	8	2	2	1	1	3	3	8	8	1	1	9	9	1	1	1	1	1	1	2	2	4	4	6	6	1	1	1	1	8	8	1	1	2	2	7	7	2	2	2	2	1	1	4	4	2	2	4	4	10	10	1	1	4	4	4	4	7	7	7	7	1	1	1	1	1	1	4	4	2	2	1	1	3	3	2	2	8	8	7	7	2	2	7	7	1	1	1	1	2	2	7	7	6	6	8	8	4	4	1	1	2	2	2	2	3	3	2	2	1	1	4	4	1	1	1	1	5	5	3	3	1	1	1	1	7	7	7	7	1	1	1	1	2	2	2	2	5	5	5	5	1	1	1	1	20	20	11	11	13	13	6	6	2	2	1	1
IND00178	3	3	3	3	4	4	1	1	11	11	7	7	3	3	2	2	8	8	7	7	7	7	5	5	2	2	1	1	2	2	2	2	2	2	1	1	1	1	1	1	7	7	12	12	12	12	4	4	2	2	1	1	4	4	4	4	2	2	6	6	9	9	11	11	4	4	3	3	6	6	7	7	1	1	1	1	3	3	2	2	1	1	3	3	2	2	3	3	6	6	4	4	6	6	7	7	1	1	1	1	3	3	8	8	5	5	7	7	1	1	3	3	2	2	2	2	1	1	3	3	4	4	3	3	1	1	1	1	6	6	2	2	1	1	2	2	6	6	4	4	1	1	1	1	2	2	4	4	6	6	3	3	1	1	1	1	19	19	23	23	2	2	16	16	2	2	1	1
IND00179	1	1	7	7	1	1	2	2	10	10	1	1	4	4	4	4	8	8	1	1	12	12	1	1	1	1	2	2	2	2	2	2	7	7	2	2	1	1	2	2	11	11	15	15	4	4	15	15	1	1	2	2	3	3	4	4	1	1	5	5	13	13	1	1	1	1	2	2	2	2	1	1	1	1	1	1	3	3	3	3	4	4	1	1	4	4	2	2	7	7	4	4	5	5	5	5	2	2	2	2	8	8	7	7	5	5	8	8	2	2	3	3	2	2	2	2	2	2	3	3	1	1	1	1	1	1	1	1	3	3	4	4	1	1	1	1	5	5	2	2	2	2	1	1	4	4	1	1	5	5	8	8	1	1	2	2	13	13	22	22	15	15	9	9	2	2	2	2
IND00180	4	4	8	8	4	4	2	2	9	9	1	1	2	2	1	1	4	4	7	7	14	14	9	9	1	1	2	2	1	1	1	1	4	4	5	5	2	2	1	1	9	9	16	16	11	11	12	12	1	1	1	1	1	1	4	4	6	6	5	5	6	6	16	16	4	4	1	1	4	4	1	1	1	1	2	2	4	4	1	1	5	5	1	1	4	4	4	4	5	5	4	4	5	5	7	7	2	2	2	2	7	7	2	2	5	5	7	7	1	1	4	4	1	1	1	1	2	2	4	4	3	3	2	2	2	2	2	2	2	2	8	8	2	2	2	2	5	5	7	7	2	2	1	1	4	4	2	2	8	8	7	7	2	2	1	1	16	16	20	20	13	13	8	8	2	2	2	2
IND00181	3	3	1	1	4	4	4	4	4	4	9	9	3	3	1	1	4	4	3	3	7	7	5	5	2	2	1	1	2	2	2	2	5	5	5	5	1	1	2	2	10	10	15	15	16	16	16	16	2	2	2	2	3	3	2	2	4	4	8	8	3	3	3	3	1	1	1	1	8	8	4	4	2	2	1	1	2	2	1	1	1	1	7	7	1	1	3	3	3	3	7	7	1	1	6	6	1	1	2	2	8	8	8	8	5	5	2	2	4	4	3	3	2	2	1	1	4	4	2	2	1	1	4	4	2	2	1	1	4	4	2	2	1	1	1	1	5	5	3	3	2	2	2	2	1	1	1	1	2	2	2	2	1	1	2	2	16	16	1	1	8	8	7	7	2	2	1	1
IND00182	1	1	4	4	3	3	4	4	4	4	14	14	4	4	3	3	8	8	7	7	5	5	8	8	2	2	1	1	2	2	2	2	6	6	7	7	1	1	1	1	4	4	6	6	9	9	12	12	1	1	1	1	3	3	1	1	1	1	2	2	9	9	15	15	2	2	1	1	2	2	6	6	1	1	2	2	4	4	1	1	2	2	6	6	4	4	2	2	5	5	8	8	6	6	1	1	2	2	1	1	6	6	1	1	5	5	6	6	1	1	2	2	1	1	1	1	4	4	4	4	2	2	3	3	1	1	1	1	6	6	4	4	1	1	1	1	4	4	5	5	1	1	1	1	2	2	3	3	6	6	1	1	2	2	1	1	17	17	11	11	6	6	3	3	2	2	1	1
IND00183	2	2	8	8	3	3	3	3	1	1	6	6	4	4	1	1	4	4	5	5	14	14	8	8	2	2	2	2	2	2	1	1	8	8	1	1	2	2	2	2	11	11	12	12	8	8	1	1	1	1	1	1	4	4	1	1	7	7	5	5	14	14	7	7	2	2	3	3	6	6	1	1	2	2	2	2	4	4	4	4	2	2	3	3	2	2	3	3	2	2	6	6	1	1	8	8	2	2	1	1	7	7	8	8	5	5	1	1	2	2	1	1	2	2	1	1	2	2	3	3	3	3	3	3	2	2	2	2	7	7	8	8	1	1	1	1	6	6	4	4	1	1	1	1	2	2	1	1	2	2	7	7	1	1	1	1	3	3	13	13	10	10	4	4	2	2	2	2
IND00184	4	4	8	8	1	1	1	1	10	10	5	5	1	1	3	3	1	1	8	8	1	1	1	1	1	1	2	2	2	2	2	2	5	5	8	8	1	1	1	1	13	13	11	11	13	13	15	15	1	1	1	1	3	3	4	4	8	8	5	5	7	7	11	11	3	3	3	3	4	4	4	4	1	1	1	1	4	4	2	2	4	4	4	4	3	3	4	4	3	3	6	6	4	4	5	5	2	2	2	2	2	2	3	3	4	4	7	7	2	2	1	1	2	2	2	2	1	1	2	2	2	2	3	3	2	2	2	2	8	8	4	4	1	1	2	2	1	1	3	3	2	2	1	1	3	3	2	2	3	3	7	7	2	2	1	1	20	20	8	8	16	16	16	16	1	1	1	1
IND00185	7	7	2	2	4	4	4	4	10	10	8	8	2	2	3	3	7	7	5	5	14	14	4	4	2	2	2	2	1	1	1	1	7	7	3	3	2	2	1	1	15	15	16	16	8	8	7	7	1	1	1	1	3	3	4	4	3	3	2	2	4	4	15	15	2	2	2	2	7	7	4	4	1	1	2	2	2	2	2	2	4	4	5	5	2	2	1	1	6	6	5	5	5	5	5	5	2	2	2	2	1	1	1	1	2	2	8	8	3	3	1	1	1	1	1	1	1	1	2	2	3	3	2	2	2	2	1	1	8	8	4	4	2	2	2	2	6	6	8	8	2	2	2	2	3	3	1	1	6	6	5	5	2	2	2	2	26	26	20	20	2	2	6	6	1	1	1	1
IND00186	6	6	8	8	2	2	4	4	4	4	3	3	3	3	4	4	2	2	4	4	2	2	3	3	2	2	1	1	1	1	2	2	4	4	6	6	2	2	2	2	3	3	8	8	4	4	11	11	1	1	2	2	3	3	3	3	6	6	4	4	2	2	1	1	1	1	1	1	1	1	1	1	1	1	2	2	2	2	1	1	8	8	4	4	3	3	1	1	2	2	6	6	8	8	8	8	2	2	2	2	7	7	3	3	7	7	3	3	4	4	4	4	2	2	1	1	4	4	4	4	3	3	1	1	2	2	1	1	7	7	8	8	1	1	2	2	4	4	7	7	1	1	2	2	4	4	2	2	6	6	2	2	1	1	2	2	14	14	16	16	15	15	5	5	1	1	1	1
IND00187	1	1	4	4	4	4	1	1	9	9	5	5	2	2	4	4	8	8	2	2	16	16	15	15	1	1	2	2	2	2	2	2	7	7	5	5	1	1	2	2	9	9	16	16	13	13	1	1	2	2	1	1	4	4	4	4	7	7	3	3	11	11	5	5	3	3	2	2	6	6	1	1	1	1	1	1	3	3	3	3	4	4	8	8	4	4	4	4	6	6	5	5	3	3	7	7	2	2	2	2	1	1	8	8	1	1	4	4	4	4	2	2	2	2	2	2	2	2	3	3	3	3	3	3	1	1	2	2	4	4	5	5	2	2	1	1	6	6	4	4	1	1	2	2	4	4	4	4	1	1	3	3	1	1	2	2	1	1	9	9	9	9	3	3	1	1	1	1
IND00188	7	7	4	4	1	1	4	4	14	14	16	16	1	1	4	4	5	5	7	7	5	5	5	5	1	1	2	2	1	1	1	1	1	1	7	7	2	2	2	2	10	10	13	13	12	12	5	5	2	2	2	2	3	3	4	4	1	1	5	5	1	1	13	13	3	3	1	1	4	4	4	4	1	1	2	2	4	4	3	3	1	1	8	8	2	2	1	1	7	7	5	5	7	7	6	6	1	1	2	2	6	6	5	5	1	1	8	8	1	1	3	3	2	2	1	1	3	3	2	2	1	1	3	3	2	2	1	1	1	1	5	5	1	1	1	1	7	7	3	3	2	2	2	2	2	2	2	2	3	3	2	2	2	2	2	2	17	17	27	27	4	4	4	4	1	1	2	2
IND00189	6	6	1	1	2	2	4	4	10	10	12	12	1	1	3	3	2	2	7	7	4	4	15	15	2	2	1	1	2	2	1	1	2	2	2	2	2	2	2	2	11	11	4	4	6	6	9	9	1	1	2	2	4	4	4	4	4	4	4	4	10	10	16	16	4	4	2	2	1	1	3	3	2	2	2	2	4	4	3	3	4	4	5	5	3	3	1	1	7	7	5	5	3	3	5	5	1	1	2	2	8	8	1	1	5	5	5	5	3	3	1	1	1	1	2	2	1	1	3	3	4	4	4	4	2	2	1	1	8	8	4	4	2	2	2	2	2	2	8	8	2	2	1	1	2	2	3	3	3	3	7	7	1	1	2	2	26	26	7	7	3	3	6	6	1	1	2	2
IND00190	6	6	3	3	4	4	3	3	12	12	6	6	3	3	4	4	6	6	3	3	16	16	10	10	2	2	1	1	1	1	1	1	8	8	5	5	1	1	2	2	12	12	11	11	5	5	10	10	2	2	2	2	3	3	3	3	6	6	1	1	9	9	14	14	3	3	3	3	4	4	5	5	2	2	2	2	2	2	1	1	3	3	7	7	2	2	3	3	8	8	1	1	6	6	8	8	1	1	2	2	3	3	8	8	2	2	5	5	2	2	2	2	2	2	1	1	4	4	2	2	2	2	2	2	2	2	2	2	4	4	5	5	2	2	2	2	6	6	6	6	2	2	1	1	1	1	1	1	5	5	3	3	2	2	2	2	20	20	28	28	12	12	7	7	1	1	1	1
IND00191	1	1	3	3	4	4	1	1	8	8	15	15	1	1	2	2	1	1	5	5	6	6	9	9	1	1	1	1	1	1	2	2	5	5	2	2	2	2	1	1	10	10	9	9	9	9	7	7	1	1	1	1	2	2	2	2	5	5	2	2	15	15	13	13	4	4	3	3	1	1	2	2	2	2	2	2	4	4	3	3	1	1	3	3	4	4	4	4	8	8	8	8	8	8	6	6	2	2	2	2	6	6	7	7	5	5	5	5	1	1	4	4	2	2	1	1	4	4	3	3	4	4	3	3	2	2	1	1	5	5	5	5	1	1	2	2	2	2	4	4	1	1	1	1	3	3	3	3	6	6	5	5	2	2	1	1	10	10	16	16	15	15	7	7	1	1	2	2
IND00192	2	2	5	5	3	3	1	1	13	13	10	10	1	1	3	3	2	2	2	2	16	16	5	5	2	2	2	2	1	1	1	1	5	5	6	6	2	2	2	2	7	7	7	7	11	11	8	8	1	1	2	2	1	1	2	2	6	6	2	2	1	1	8	8	3	3	4	4	7	7	1	1	1	1	2	2	2	2	4	4	8	8	1	1	1	1	4	4	8	8	6	6	7	7	4	4	2	2	2	2	3	3	6	6	6	6	2	2	3	3	4	4	2	2	1	1	3	3	4	4	3	3	3	3	2	2	2	2	5	5	4	4	2	2	2	2	1	1	5	5	2	2	1	1	4	4	2	2	6	6	3	3	1	1	1	1	24	24	30	30	15	15	12	12	1	1	1	1
IND00193	5	5	3	3	1	1	4	4	3	3	10	10	4	4	3	3	7	7	8	8	2	2	8	8	2	2	2	2	1	1	2	2	6	6	8	8	1	1	1	1	9	9	6	6	7	7	12	12	1	1	1	1	2	2	1	1	3	3	3	3	8	8	12	12	4	4	4	4	6	6	6	6	1	1	1	1	2	2	1	1	5	5	2	2	1	1	1	1	5	5	8	8	4	4	4	4	2	2	1	1	1	1	1	1	3	3	7	7	3	3	3	3	1	1	1	1	4	4	4	4	1	1	1	1	1	1	1	1	3	3	5	5	2	2	2	2	3	3	2	2	1	1	2	2	4	4	3	3	1	1	8	8	2	2	2	2	7	7	3	3	10	10	7	7	2	2	1	1
IND00194	3	3	6	6	4	4	2	2	11	11	6	6	1	1	1	1	7	7	1	1	15	15	9	9	1	1	2	2	2	2	1	1	8	8	8	8	1	1	1	1	6	6	10	10	12	12	5	5	1	1	1	1	2	2	2	2	4	4	2	2	11	11	1	1	1	1	3	3	3	3	1	1	1	1	1	1	2	2	4	4	2	2	7	7	1	1	1	1	2	2	2	2	3	3	8	8	1	1	2	2	3	3	6	6	2	2	7	7	1	1	1	1	1	1	1	1	1	1	3	3	1	1	2	2	1	1	2	2	5	5	8	8	2	2	1	1	8	8	2	2	1	1	2	2	1	1	1	1	6	6	4	4	2	2	1	1	15	15	14	14	9	9	5	5	2	2	1	1
IND00195	8	8	3	3	1	1	3	3	9	9	10	10	2	2	4	4	8	8	4	4	13	13	2	2	1	1	2	2	1	1	1	1	4	4	4	4	1	1	2	2	5	5	1	1	9	9	9	9	1	1	1	1	4	4	4	4	2	2	8	8	10	10	9	9	3	3	1	1	2	2	3	3	1	1	1	1	2	2	4	4	1	1	2	2	1	1	1	1	5	5	3	3	6	6	1	1	2	2	1	1	4	4	4	4	3	3	1	1	4	4	3	3	2	2	2	2	3	3	2	2	1	1	1	1	1	1	2	2	2	2	7	7	1	1	2	2	8	8	5	5	2	2	1	1	3	3	3	3	7	7	5	5	1	1	1	1	17	17	28	28	5	5	12	12	1	1	2	2
IND00196	7	7	4	4	2	2	3	3	15	15	12	12	2	2	2	2	8	8	7	7	8	8	12	12	1	1	2	2	2	2	1	1	6	6	5	5	2	2	1	1	7	7	1	1	10	10	12	12	1	1	1	1	1	1	1	1	5	5	3	3	7	7	15	15	3	3	3	3	1	1	1	1	2	2	2	2	4	4	3	3	4	4	6	6	4	4	3	3	3	3	8	8	7	7	2	2	2	2	1	1	5	5	4	4	1	1	1	1	3	3	3	3	1	1	2	2	1	1	3	3	1	1	1	1	1	1	2	2	2	2	3	3	2	2	2	2	8	8	8	8	1	1	1	1	4	4	4	4	7	7	2	2	2	2	2	2	23	23	17	17	10	10	1	1	1	1	2	2
IND00197	3	3	3	3	4	4	3	3	11	11	6	6	3	3	1	1	3	3	5	5	12	12	14	14	2	2	1	1	2	2	1	1	1	1	1	1	1	1	1	1	7	7	6	6	1	1	10	10	2	2	2	2	2	2	2	2	4	4	3	3	8	8	1	1	1	1	2	2	4	4	3	3	2	2	2	2	2	2	1	1	7	7	3	3	1	1	2	2	7	7	3	3	3	3	5	5	1	1	1	1	7	7	7	7	4	4	5	5	4	4	1	1	2	2	2	2	3	3	3	3	4	4	4	4	2	2	2	2	5	5	8	8	2	2	2	2	4	4	2	2	2	2	1	1	4	4	1	1	6	6	1	1	1	1	1	1	8	8	15	15	14	14	7	7	1	1	2	2
IND00198	7	7	4	4	2	2	1	1	16	16	10	10	3	3	4	4	3	3	7	7	13	13	16	16	1	1	2	2	2	2	2	2	5	5	1	1	1	1	2	2	1	1	12	12	13	13	11	11	1	1	1	1	4	4	2	2	1	1	1	1	11	11	11	11	3	3	3	3	5	5	1	1	1	1	1	1	1	1	4	4	1	1	8	8	1	1	1	1	3	3	7	7	7	7	7	7	2	2	2	2	2	2	8	8	5	5	2	2	4	4	3	3	2	2	2	2	1	1	3	3	1	1	4	4	2	2	2	2	6	6	8	8	2	2	2	2	5	5	2	2	2	2	1	1	1	1	3	3	4	4	1	1	1	1	1	1	16	16	31	31	12	12	15	15	1	1	2	2
IND00199	8	8	3	3	3	3	2	2	13	13	16	16	4	4	3	3	5	5	6	6	9	9	7	7	2	2	1	1	2	2	2	2	8	8	3	3	1	1	1	1	1	1	8	8	16	16	15	15	1	1	1	1	3	3	4	4	4	4	4	4	16	16	4	4	4	4	1	1	3	3	6	6	1	1	2	2	1	1	2	2	3	3	4	4	4	4	4	4	8	8	1	1	8	8	4	4	1	1	2	2	3	3	1	1	6	6	3	3	3	3	3	3	1	1	1	1	3	3	4	4	1	1	4	4	2	2	2	2	4	4	1	1	1	1	1	1	8	8	1	1	1	1	1	1	1	1	3	3	2	2	3	3	1	1	2	2	25	25	4	4	3	3	4	4	1	1	2	2
IND00200	6	6	3	3	4	4	1	1	3	3	9	9	2	2	4	4	8	8	2	2	11	11	15	15	1	1	1	1	1	1	2	2	4	4	5	5	1	1	1	1	1	1	6	6	14	14	9	9	2	2	2	2	1	1	1	1	1	1	4	4	6	6	10	10	2	2	4	4	3	3	1	1	2	2	2	2	2	2	4	4	2	2	8	8	1	1	2	2	3	3	8	8	4	4	1	1	1	1	1	1	5	5	8	8	3	3	4	4	2	2	1	1	1	1	1	1	3	3	4	4	1	1	1	1	1	1	1	1	8	8	2	2	2	2	2	2	7	7	3	3	2	2	1	1	3	3	4	4	1	1	5	5	1	1	2	2	21	21	26	26	13	13	10	10	2	2	2	2
