ID	hap_1_1	hap_1_1	hap_1_2	hap_1_2	hap_2_1	hap_2_1	hap_2_2	hap_2_2	hap_3_1	hap_3_1	hap_3_2	hap_3_2	hap_4_1	hap_4_1	hap_4_2	hap_4_2	hap_5_1	hap_5_1	hap_5_2	hap_5_2	hap_6_1	hap_6_1	hap_6_2	hap_6_2	hap_7_1	hap_7_1	hap_7_2	hap_7_2	hap_8_1	hap_8_1	hap_8_2	hap_8_2	hap_9_1	hap_9_1	hap_9_2	hap_9_2	hap_10_1	hap_10_1	hap_10_2	hap_10_2	hap_11_1	hap_11_1	hap_11_2	hap_11_2	hap_12_1	hap_12_1	hap_12_2	hap_12_2	hap_13_1	hap_13_1	hap_13_2	hap_13_2	hap_14_1	hap_14_1	hap_14_2	hap_14_2	hap_15_1	hap_15_1	hap_15_2	hap_15_2	hap_16_1	hap_16_1	hap_16_2	hap_16_2	hap_17_1	hap_17_1	hap_17_2	hap_17_2	hap_18_1	hap_18_1	hap_18_2	hap_18_2	hap_19_1	hap_19_1	hap_19_2	hap_19_2	hap_20_1	hap_20_1	hap_20_2	hap_20_2	hap_21_1	hap_21_1	hap_21_2	hap_21_2	hap_22_1	hap_22_1	hap_22_2	hap_22_2	hap_23_1	hap_23_1	hap_23_2	hap_23_2	hap_24_1	hap_24_1	hap_24_2	hap_24_2	hap_25_1	hap_25_1	hap_25_2	hap_25_2	hap_26_1	hap_26_1	hap_26_2	hap_26_2	hap_27_1	hap_27_1	hap_27_2	hap_27_2	hap_28_1	hap_28_1	hap_28_2	hap_28_2	hap_29_1	hap_29_1	hap_29_2	hap_29_2	hap_30_1	hap_30_1	hap_30_2	hap_30_2	hap_31_1	hap_31_1	hap_31_2	hap_31_2	hap_32_1	hap_32_1	hap_32_2	hap_32_2	hap_33_1	hap_33_1	hap_33_2	hap_33_2	hap_34_1	hap_34_1	hap_34_2	hap_34_2	hap_35_1	hap_35_1	hap_35_2	hap_35_2	hap_36_1	hap_36_1	hap_36_2	hap_36_2	hap_37_1	hap_37_1	hap_37_2	hap_37_2	hap_38_1	hap_38_1	hap_38_2	hap_38_2	hap_39_1	hap_39_1	hap_39_2	hap_39_2	hap_40_1	hap_40_1	hap_40_2	hap_40_2	hap_41_1	hap_41_1	hap_41_2	hap_41_2	hap_42_1	hap_42_1	hap_42_2	hap_42_2	hap_43_1	hap_43_1	hap_43_2	hap_43_2	hap_44_1	hap_44_1	hap_44_2	hap_44_2	hap_45_1	hap_45_1	hap_45_2	hap_45_2	hap_46_1	hap_46_1	hap_46_2	hap_46_2
IND00001	4	4	15	15	1	1	4	4	3	3	3	3	8	8	28	28	1	1	1	1	1	1	3	3	1	1	1	1	1	1	1	1	1	1	4	4	3	3	3	3	1	1	6	6	2	2	1	1	2	2	2	2	15	15	3	3	6	6	7	7	15	15	22	22	2	2	1	1	1	1	4	4	2	2	1	1	5	5	2	2	1	1	2	2	2	2	4	4	1	1	1	1	4	4	5	5	29	29	51	51	3	3	1	1	1	1	2	2	4	4	2	2	4	4	2	2	1	1	1	1	2	2	1	1	5	5	6	6	4	4	2	2	4	4	2	2	3	3	3	3	3	3	4	4	3	3	3	3	4	4	3	3	2	2	2	2	5	5	7	7	2	2	2	2	3	3	1	1	2	2	1	1	2	2	2	2	2	2	4	4	2	2	1	1
IND00002	8	8	1	1	3	3	2	2	1	1	1	1	24	24	7	7	2	2	2	2	1	1	1	1	7	7	3	3	1	1	1	1	4	4	1	1	3	3	3	3	8	8	3	3	1	1	2	2	2	2	1	1	3	3	15	15	6	6	5	5	17	17	2	2	2	2	1	1	4	4	4	4	3	3	4	4	7	7	7	7	1	1	1	1	1	1	3	3	2	2	2	2	8	8	6	6	45	45	52	52	1	1	2	2	2	2	1	1	3	3	3	3	1	1	4	4	1	1	2	2	1	1	2	2	7	7	3	3	3	3	1	1	3	3	2	2	1	1	3	3	3	3	4	4	2	2	4	4	1	1	1	1	2	2	1	1	1	1	3	3	1	1	1	1	2	2	2	2	4	4	3	3	2	2	1	1	4	4	3	3	1	1	2	2
IND00003	14	14	6	6	2	2	1	1	4	4	1	1	21	21	24	24	1	1	2	2	4	4	3	3	2	2	1	1	1	1	2	2	1	1	2	2	1	1	3	3	6	6	5	5	2	2	2	2	2	2	1	1	14	14	3	3	4	4	6	6	17	17	12	12	1	1	2	2	1	1	2	2	4	4	1	1	2	2	7	7	2	2	1	1	4	4	3	3	2	2	1	1	6	6	2	2	29	29	30	30	3	3	3	3	2	2	2	2	4	4	4	4	4	4	1	1	2	2	1	1	1	1	2	2	7	7	8	8	2	2	1	1	2	2	3	3	1	1	3	3	3	3	2	2	2	2	3	3	6	6	1	1	2	2	1	1	1	1	2	2	1	1	1	1	4	4	4	4	4	4	3	3	1	1	2	2	4	4	3	3	1	1	1	1
IND00004	13	13	10	10	3	3	1	1	4	4	2	2	1	1	11	11	2	2	1	1	3	3	3	3	7	7	8	8	2	2	1	1	4	4	4	4	1	1	4	4	6	6	8	8	1	1	2	2	2	2	2	2	10	10	10	10	8	8	1	1	14	14	11	11	2	2	2	2	1	1	3	3	3	3	4	4	1	1	8	8	1	1	1	1	2	2	1	1	1	1	2	2	1	1	8	8	40	40	25	25	2	2	1	1	1	1	2	2	3	3	4	4	3	3	3	3	1	1	1	1	1	1	1	1	7	7	2	2	3	3	4	4	1	1	4	4	3	3	1	1	1	1	1	1	1	1	4	4	8	8	1	1	2	2	1	1	8	8	5	5	2	2	2	2	1	1	1	1	4	4	2	2	1	1	1	1	4	4	4	4	2	2	2	2
IND00005	5	5	9	9	2	2	4	4	2	2	1	1	28	28	17	17	1	1	2	2	4	4	3	3	8	8	8	8	1	1	2	2	3	3	1	1	3	3	1	1	8	8	2	2	2	2	1	1	1	1	2	2	8	8	7	7	3	3	1	1	28	28	26	26	2	2	2	2	4	4	4	4	3	3	3	3	2	2	3	3	2	2	1	1	1	1	4	4	2	2	1	1	6	6	7	7	57	57	51	51	2	2	1	1	2	2	2	2	2	2	2	2	4	4	4	4	1	1	2	2	1	1	2	2	5	5	1	1	1	1	1	1	2	2	2	2	2	2	4	4	2	2	3	3	3	3	4	4	5	5	1	1	2	2	1	1	4	4	4	4	2	2	1	1	3	3	2	2	2	2	2	2	1	1	2	2	3	3	1	1	1	1	2	2
IND00006	5	5	8	8	2	2	2	2	2	2	3	3	15	15	29	29	2	2	2	2	1	1	1	1	7	7	8	8	2	2	1	1	4	4	3	3	1	1	4	4	6	6	5	5	1	1	1	1	2	2	2	2	1	1	9	9	4	4	8	8	29	29	23	23	1	1	2	2	2	2	3	3	1	1	4	4	1	1	4	4	2	2	2	2	2	2	1	1	2	2	2	2	6	6	2	2	1	1	9	9	4	4	3	3	2	2	1	1	2	2	1	1	2	2	4	4	1	1	2	2	1	1	1	1	8	8	2	2	3	3	2	2	1	1	2	2	1	1	4	4	1	1	3	3	4	4	3	3	1	1	5	5	2	2	1	1	8	8	1	1	1	1	1	1	2	2	3	3	2	2	2	2	2	2	2	2	2	2	3	3	2	2	2	2
IND00007	6	6	1	1	4	4	3	3	3	3	3	3	3	3	21	21	2	2	1	1	3	3	4	4	3	3	7	7	2	2	1	1	3	3	4	4	4	4	4	4	7	7	6	6	1	1	2	2	2	2	1	1	13	13	9	9	1	1	3	3	6	6	25	25	1	1	2	2	1	1	3	3	4	4	1	1	5	5	5	5	2	2	1	1	1	1	3	3	1	1	1	1	6	6	6	6	33	33	53	53	2	2	2	2	1	1	1	1	2	2	1	1	1	1	4	4	1	1	1	1	1	1	2	2	5	5	4	4	3	3	3	3	3	3	2	2	1	1	4	4	3	3	3	3	4	4	3	3	8	8	3	3	1	1	2	2	8	8	8	8	2	2	1	1	3	3	2	2	2	2	2	2	1	1	1	1	1	1	2	2	1	1	2	2
IND00008	1	1	5	5	4	4	3	3	1	1	1	1	13	13	22	22	1	1	2	2	3	3	4	4	1	1	5	5	2	2	2	2	4	4	4	4	3	3	3	3	2	2	2	2	1	1	2	2	1	1	1	1	8	8	16	16	4	4	5	5	25	25	31	31	1	1	1	1	1	1	3	3	4	4	4	4	5	5	7	7	1	1	2	2	4	4	1	1	2	2	1	1	3	3	2	2	16	16	14	14	4	4	4	4	1	1	2	2	1	1	1	1	3	3	3	3	2	2	1	1	1	1	1	1	6	6	3	3	2	2	3	3	2	2	1	1	3	3	3	3	2	2	4	4	2	2	4	4	1	1	7	7	1	1	1	1	5	5	1	1	1	1	2	2	4	4	1	1	1	1	1	1	1	1	2	2	3	3	1	1	2	2	2	2
IND00009	10	10	5	5	4	4	2	2	3	3	3	3	10	10	29	29	2	2	2	2	4	4	3	3	5	5	1	1	2	2	2	2	4	4	2	2	1	1	1	1	7	7	7	7	1	1	2	2	2	2	1	1	9	9	12	12	2	2	3	3	19	19	32	32	1	1	1	1	4	4	2	2	3	3	3	3	4	4	7	7	2	2	2	2	4	4	3	3	2	2	2	2	6	6	6	6	7	7	23	23	1	1	3	3	2	2	2	2	3	3	4	4	3	3	2	2	1	1	1	1	1	1	1	1	1	1	2	2	1	1	1	1	2	2	3	3	3	3	4	4	4	4	3	3	4	4	3	3	8	8	6	6	1	1	2	2	2	2	7	7	1	1	2	2	4	4	1	1	4	4	3	3	1	1	2	2	3	3	1	1	1	1	1	1
IND00010	4	4	4	4	1	1	4	4	4	4	4	4	3	3	12	12	1	1	2	2	1	1	3	3	7	7	6	6	2	2	1	1	2	2	3	3	3	3	3	3	1	1	8	8	1	1	2	2	1	1	2	2	16	16	15	15	6	6	5	5	29	29	31	31	2	2	1	1	4	4	2	2	3	3	2	2	5	5	7	7	2	2	2	2	3	3	1	1	2	2	1	1	6	6	1	1	21	21	5	5	3	3	3	3	1	1	2	2	3	3	2	2	4	4	4	4	1	1	1	1	2	2	2	2	1	1	3	3	4	4	2	2	4	4	1	1	1	1	4	4	1	1	4	4	4	4	4	4	4	4	2	2	2	2	2	2	8	8	4	4	1	1	2	2	4	4	2	2	4	4	2	2	1	1	1	1	2	2	2	2	2	2	1	1
IND00011	9	9	6	6	1	1	4	4	3	3	1	1	24	24	24	24	1	1	1	1	2	2	1	1	4	4	1	1	2	2	1	1	3	3	3	3	2	2	3	3	3	3	3	3	1	1	1	1	1	1	1	1	6	6	16	16	1	1	1	1	3	3	14	14	2	2	1	1	3	3	1	1	1	1	3	3	1	1	2	2	2	2	1	1	1	1	4	4	1	1	1	1	5	5	1	1	58	58	11	11	1	1	4	4	2	2	2	2	3	3	4	4	3	3	3	3	1	1	1	1	2	2	1	1	3	3	4	4	3	3	4	4	2	2	4	4	1	1	3	3	4	4	2	2	1	1	2	2	4	4	7	7	1	1	2	2	6	6	7	7	2	2	1	1	4	4	2	2	4	4	4	4	1	1	2	2	2	2	4	4	2	2	2	2
IND00012	2	2	2	2	3	3	1	1	1	1	1	1	14	14	13	13	2	2	1	1	3	3	3	3	2	2	8	8	1	1	2	2	3	3	4	4	3	3	3	3	3	3	1	1	1	1	2	2	2	2	2	2	12	12	16	16	5	5	3	3	16	16	26	26	1	1	1	1	2	2	2	2	1	1	2	2	8	8	7	7	2	2	1	1	2	2	2	2	2	2	2	2	8	8	7	7	60	60	34	34	4	4	3	3	1	1	2	2	1	1	4	4	1	1	4	4	1	1	2	2	2	2	1	1	2	2	7	7	1	1	2	2	3	3	1	1	3	3	1	1	2	2	1	1	4	4	1	1	4	4	3	3	1	1	2	2	4	4	7	7	1	1	2	2	2	2	4	4	4	4	1	1	2	2	2	2	2	2	3	3	2	2	1	1
IND00013	11	11	16	16	1	1	1	1	2	2	4	4	12	12	27	27	1	1	1	1	4	4	3	3	2	2	4	4	1	1	1	1	4	4	1	1	2	2	4	4	8	8	7	7	1	1	1	1	1	1	1	1	16	16	6	6	5	5	5	5	14	14	27	27	1	1	2	2	4	4	1	1	4	4	4	4	1	1	1	1	2	2	1	1	2	2	1	1	2	2	1	1	1	1	8	8	38	38	28	28	1	1	2	2	2	2	1	1	1	1	1	1	3	3	1	1	2	2	1	1	2	2	2	2	5	5	4	4	2	2	1	1	2	2	2	2	4	4	3	3	3	3	3	3	3	3	1	1	1	1	4	4	1	1	1	1	2	2	6	6	1	1	1	1	4	4	4	4	2	2	2	2	2	2	2	2	1	1	2	2	2	2	2	2
IND00014	5	5	8	8	4	4	4	4	2	2	1	1	2	2	30	30	1	1	2	2	1	1	3	3	3	3	6	6	1	1	2	2	3	3	1	1	2	2	2	2	8	8	8	8	1	1	1	1	1	1	2	2	15	15	15	15	6	6	3	3	25	25	28	28	1	1	2	2	2	2	1	1	2	2	1	1	3	3	1	1	2	2	2	2	2	2	4	4	2	2	2	2	2	2	2	2	4	4	36	36	1	1	3	3	1	1	2	2	4	4	3	3	1	1	2	2	1	1	2	2	1	1	1	1	5	5	2	2	1	1	2	2	1	1	2	2	3	3	4	4	1	1	1	1	4	4	2	2	5	5	5	5	2	2	1	1	3	3	5	5	1	1	2	2	4	4	1	1	2	2	3	3	2	2	2	2	4	4	2	2	1	1	2	2
IND00015	3	3	10	10	1	1	1	1	4	4	3	3	26	26	23	23	1	1	2	2	4	4	4	4	3	3	5	5	2	2	1	1	1	1	3	3	2	2	1	1	6	6	3	3	1	1	1	1	2	2	2	2	16	16	4	4	1	1	1	1	22	22	19	19	1	1	2	2	2	2	2	2	3	3	1	1	8	8	2	2	2	2	2	2	2	2	4	4	1	1	2	2	7	7	6	6	15	15	49	49	2	2	2	2	1	1	1	1	1	1	1	1	4	4	2	2	1	1	1	1	2	2	1	1	1	1	3	3	3	3	3	3	2	2	3	3	2	2	3	3	3	3	1	1	2	2	2	2	6	6	3	3	2	2	1	1	5	5	5	5	1	1	1	1	2	2	4	4	2	2	1	1	2	2	1	1	2	2	1	1	1	1	1	1
IND00016	13	13	2	2	2	2	4	4	2	2	2	2	15	15	6	6	1	1	2	2	2	2	4	4	3	3	6	6	2	2	2	2	1	1	3	3	4	4	4	4	5	5	6	6	1	1	1	1	1	1	2	2	7	7	8	8	8	8	4	4	1	1	9	9	1	1	2	2	3	3	1	1	4	4	3	3	1	1	8	8	2	2	2	2	2	2	2	2	2	2	2	2	8	8	7	7	34	34	43	43	1	1	4	4	1	1	2	2	4	4	3	3	4	4	2	2	1	1	1	1	2	2	2	2	5	5	3	3	2	2	3	3	3	3	2	2	3	3	2	2	2	2	2	2	2	2	1	1	4	4	1	1	2	2	1	1	6	6	4	4	1	1	2	2	2	2	1	1	4	4	2	2	2	2	1	1	1	1	4	4	2	2	2	2
IND00017	2	2	9	9	3	3	3	3	1	1	4	4	20	20	27	27	1	1	2	2	1	1	1	1	4	4	3	3	2	2	2	2	1	1	3	3	4	4	1	1	3	3	4	4	1	1	1	1	1	1	1	1	7	7	7	7	3	3	5	5	17	17	16	16	2	2	1	1	1	1	3	3	2	2	3	3	4	4	4	4	2	2	2	2	1	1	1	1	2	2	1	1	6	6	6	6	23	23	32	32	1	1	4	4	2	2	2	2	3	3	2	2	2	2	2	2	1	1	1	1	1	1	1	1	4	4	8	8	3	3	4	4	3	3	4	4	2	2	3	3	4	4	4	4	2	2	1	1	1	1	3	3	1	1	2	2	3	3	2	2	1	1	2	2	1	1	3	3	2	2	1	1	1	1	2	2	3	3	4	4	1	1	2	2
IND00018	3	3	5	5	2	2	1	1	2	2	3	3	11	11	10	10	1	1	1	1	4	4	1	1	1	1	2	2	2	2	2	2	2	2	4	4	1	1	1	1	4	4	2	2	2	2	1	1	1	1	1	1	1	1	5	5	8	8	6	6	9	9	2	2	1	1	1	1	3	3	4	4	1	1	3	3	4	4	4	4	2	2	1	1	3	3	2	2	1	1	2	2	2	2	2	2	12	12	32	32	2	2	2	2	2	2	1	1	2	2	3	3	2	2	4	4	1	1	2	2	2	2	2	2	1	1	5	5	3	3	1	1	2	2	1	1	2	2	4	4	2	2	2	2	1	1	3	3	6	6	6	6	2	2	2	2	5	5	2	2	2	2	1	1	2	2	3	3	4	4	2	2	2	2	1	1	3	3	2	2	2	2	2	2
IND00019	1	1	14	14	2	2	1	1	4	4	3	3	9	9	13	13	1	1	2	2	1	1	4	4	2	2	7	7	2	2	2	2	3	3	1	1	1	1	1	1	1	1	4	4	2	2	2	2	2	2	2	2	10	10	2	2	6	6	4	4	27	27	13	13	2	2	1	1	1	1	1	1	2	2	3	3	1	1	2	2	1	1	2	2	3	3	2	2	2	2	2	2	7	7	1	1	3	3	45	45	3	3	4	4	1	1	2	2	3	3	1	1	4	4	2	2	2	2	1	1	1	1	2	2	4	4	4	4	2	2	3	3	1	1	2	2	4	4	3	3	1	1	1	1	2	2	2	2	5	5	4	4	1	1	1	1	2	2	8	8	2	2	1	1	4	4	2	2	4	4	3	3	2	2	2	2	1	1	1	1	2	2	2	2
IND00020	5	5	11	11	4	4	4	4	3	3	3	3	30	30	24	24	1	1	2	2	2	2	3	3	6	6	5	5	1	1	1	1	3	3	3	3	3	3	4	4	7	7	2	2	2	2	1	1	2	2	1	1	7	7	13	13	5	5	5	5	3	3	23	23	1	1	2	2	1	1	4	4	3	3	2	2	4	4	5	5	1	1	2	2	4	4	3	3	1	1	2	2	1	1	5	5	52	52	25	25	1	1	3	3	1	1	1	1	3	3	2	2	2	2	1	1	1	1	1	1	1	1	2	2	4	4	6	6	1	1	3	3	3	3	3	3	1	1	4	4	1	1	1	1	1	1	3	3	6	6	4	4	1	1	2	2	2	2	2	2	2	2	1	1	2	2	1	1	2	2	4	4	2	2	2	2	2	2	2	2	1	1	2	2
IND00021	7	7	13	13	1	1	4	4	2	2	2	2	32	32	8	8	1	1	2	2	2	2	3	3	1	1	6	6	1	1	2	2	1	1	1	1	4	4	4	4	4	4	5	5	2	2	1	1	2	2	2	2	6	6	16	16	8	8	1	1	10	10	9	9	2	2	2	2	1	1	4	4	4	4	1	1	1	1	8	8	2	2	1	1	1	1	4	4	2	2	1	1	3	3	3	3	12	12	54	54	4	4	3	3	2	2	1	1	4	4	2	2	1	1	4	4	2	2	2	2	2	2	1	1	2	2	8	8	4	4	2	2	2	2	4	4	1	1	1	1	3	3	2	2	1	1	1	1	5	5	2	2	1	1	2	2	1	1	8	8	2	2	2	2	3	3	1	1	1	1	2	2	1	1	2	2	4	4	1	1	2	2	1	1
IND00022	1	1	12	12	2	2	4	4	1	1	2	2	18	18	30	30	2	2	1	1	2	2	3	3	1	1	2	2	2	2	2	2	4	4	3	3	1	1	2	2	5	5	2	2	1	1	1	1	1	1	1	1	10	10	13	13	2	2	2	2	3	3	23	23	2	2	2	2	2	2	2	2	4	4	1	1	2	2	1	1	1	1	1	1	2	2	1	1	2	2	2	2	3	3	3	3	62	62	47	47	3	3	4	4	2	2	2	2	2	2	1	1	1	1	2	2	1	1	1	1	1	1	2	2	1	1	4	4	2	2	1	1	4	4	3	3	2	2	3	3	3	3	4	4	1	1	2	2	8	8	8	8	1	1	1	1	2	2	1	1	1	1	1	1	4	4	1	1	3	3	3	3	2	2	2	2	2	2	1	1	1	1	2	2
IND00023	6	6	6	6	4	4	3	3	3	3	3	3	13	13	9	9	1	1	2	2	2	2	2	2	1	1	6	6	1	1	1	1	3	3	3	3	2	2	1	1	5	5	2	2	1	1	2	2	2	2	1	1	11	11	10	10	8	8	2	2	3	3	1	1	1	1	1	1	2	2	2	2	2	2	4	4	2	2	1	1	1	1	1	1	3	3	3	3	1	1	1	1	3	3	8	8	57	57	28	28	2	2	2	2	2	2	1	1	4	4	1	1	3	3	1	1	1	1	2	2	1	1	2	2	6	6	5	5	3	3	4	4	3	3	2	2	2	2	3	3	4	4	1	1	1	1	2	2	6	6	5	5	2	2	2	2	7	7	6	6	2	2	1	1	2	2	4	4	2	2	1	1	2	2	1	1	4	4	2	2	1	1	2	2
IND00024	11	11	2	2	1	1	3	3	3	3	1	1	3	3	23	23	1	1	1	1	4	4	2	2	1	1	4	4	2	2	1	1	1	1	1	1	3	3	1	1	3	3	5	5	2	2	1	1	2	2	2	2	3	3	16	16	7	7	4	4	23	23	26	26	2	2	1	1	4	4	2	2	1	1	1	1	1	1	3	3	2	2	1	1	4	4	2	2	2	2	1	1	4	4	2	2	58	58	17	17	1	1	3	3	2	2	1	1	3	3	1	1	3	3	2	2	1	1	1	1	1	1	1	1	3	3	6	6	4	4	3	3	2	2	4	4	3	3	4	4	1	1	3	3	4	4	3	3	3	3	5	5	2	2	1	1	3	3	1	1	1	1	1	1	4	4	3	3	1	1	3	3	2	2	1	1	2	2	3	3	1	1	2	2
IND00025	3	3	2	2	3	3	2	2	3	3	2	2	19	19	21	21	1	1	2	2	3	3	2	2	1	1	3	3	2	2	1	1	2	2	2	2	3	3	2	2	6	6	8	8	2	2	1	1	1	1	2	2	10	10	4	4	4	4	6	6	8	8	26	26	2	2	1	1	3	3	3	3	4	4	4	4	4	4	6	6	1	1	2	2	2	2	2	2	1	1	1	1	3	3	7	7	58	58	9	9	4	4	2	2	1	1	2	2	1	1	3	3	2	2	4	4	2	2	2	2	1	1	2	2	3	3	3	3	3	3	1	1	3	3	4	4	2	2	4	4	1	1	3	3	1	1	4	4	5	5	3	3	1	1	1	1	4	4	1	1	1	1	1	1	1	1	2	2	2	2	3	3	1	1	1	1	2	2	3	3	1	1	1	1
IND00026	2	2	9	9	1	1	4	4	1	1	2	2	3	3	32	32	2	2	2	2	1	1	4	4	5	5	3	3	2	2	1	1	3	3	4	4	4	4	3	3	6	6	4	4	2	2	2	2	1	1	1	1	8	8	2	2	6	6	3	3	2	2	31	31	2	2	1	1	4	4	1	1	2	2	3	3	2	2	8	8	1	1	2	2	4	4	2	2	1	1	1	1	5	5	5	5	47	47	5	5	1	1	1	1	2	2	1	1	1	1	1	1	3	3	1	1	2	2	1	1	1	1	2	2	8	8	8	8	2	2	1	1	4	4	1	1	4	4	2	2	4	4	2	2	3	3	2	2	6	6	3	3	2	2	2	2	5	5	3	3	2	2	2	2	4	4	4	4	1	1	3	3	2	2	2	2	1	1	4	4	2	2	2	2
IND00027	15	15	5	5	4	4	2	2	3	3	2	2	6	6	18	18	2	2	1	1	4	4	4	4	3	3	6	6	1	1	1	1	3	3	3	3	1	1	2	2	8	8	2	2	1	1	1	1	1	1	1	1	12	12	3	3	1	1	8	8	9	9	22	22	1	1	1	1	2	2	3	3	4	4	2	2	1	1	2	2	2	2	2	2	1	1	1	1	2	2	2	2	2	2	2	2	20	20	36	36	1	1	4	4	1	1	2	2	4	4	1	1	4	4	2	2	2	2	2	2	1	1	1	1	2	2	3	3	4	4	3	3	4	4	3	3	1	1	1	1	4	4	3	3	1	1	4	4	3	3	3	3	1	1	1	1	6	6	5	5	2	2	1	1	2	2	3	3	3	3	1	1	2	2	1	1	2	2	4	4	1	1	2	2
IND00028	15	15	14	14	2	2	1	1	2	2	4	4	31	31	16	16	2	2	2	2	1	1	3	3	8	8	2	2	2	2	2	2	4	4	4	4	3	3	1	1	7	7	5	5	2	2	2	2	2	2	1	1	14	14	2	2	5	5	5	5	17	17	7	7	1	1	1	1	1	1	2	2	3	3	1	1	1	1	8	8	2	2	2	2	1	1	1	1	1	1	2	2	1	1	4	4	47	47	54	54	3	3	4	4	1	1	2	2	3	3	1	1	1	1	2	2	2	2	2	2	2	2	2	2	8	8	5	5	3	3	2	2	1	1	4	4	1	1	3	3	4	4	3	3	3	3	4	4	4	4	1	1	2	2	1	1	4	4	6	6	1	1	1	1	3	3	1	1	3	3	3	3	1	1	2	2	2	2	2	2	2	2	1	1
IND00029	5	5	2	2	3	3	4	4	2	2	4	4	31	31	18	18	1	1	1	1	2	2	1	1	6	6	3	3	2	2	2	2	4	4	2	2	2	2	3	3	7	7	4	4	2	2	2	2	1	1	2	2	15	15	7	7	7	7	5	5	5	5	5	5	1	1	1	1	3	3	4	4	4	4	4	4	4	4	6	6	1	1	1	1	3	3	2	2	2	2	2	2	3	3	2	2	5	5	39	39	4	4	4	4	1	1	1	1	1	1	1	1	2	2	4	4	2	2	1	1	2	2	2	2	1	1	6	6	4	4	1	1	1	1	3	3	1	1	1	1	2	2	4	4	3	3	1	1	6	6	8	8	1	1	1	1	8	8	7	7	2	2	1	1	3	3	4	4	3	3	2	2	1	1	2	2	4	4	2	2	2	2	1	1
IND00030	10	10	1	1	1	1	2	2	2	2	1	1	1	1	11	11	1	1	1	1	4	4	3	3	8	8	5	5	2	2	2	2	1	1	1	1	1	1	4	4	8	8	5	5	2	2	1	1	1	1	1	1	14	14	5	5	4	4	8	8	14	14	4	4	2	2	2	2	3	3	3	3	3	3	4	4	3	3	7	7	1	1	1	1	1	1	2	2	2	2	1	1	8	8	4	4	51	51	40	40	4	4	4	4	1	1	2	2	1	1	4	4	1	1	4	4	1	1	1	1	1	1	1	1	8	8	1	1	2	2	4	4	1	1	3	3	1	1	1	1	1	1	4	4	1	1	2	2	1	1	4	4	1	1	2	2	5	5	8	8	2	2	1	1	3	3	1	1	2	2	2	2	2	2	1	1	3	3	3	3	2	2	2	2
IND00031	7	7	16	16	2	2	3	3	4	4	2	2	13	13	17	17	1	1	2	2	1	1	2	2	7	7	3	3	1	1	2	2	2	2	2	2	2	2	1	1	3	3	6	6	2	2	1	1	2	2	1	1	9	9	14	14	7	7	4	4	6	6	22	22	2	2	1	1	4	4	2	2	3	3	4	4	3	3	2	2	1	1	2	2	4	4	3	3	1	1	2	2	4	4	8	8	42	42	48	48	4	4	4	4	2	2	1	1	1	1	4	4	4	4	4	4	1	1	1	1	2	2	1	1	3	3	8	8	1	1	2	2	1	1	2	2	4	4	2	2	1	1	3	3	2	2	1	1	2	2	7	7	2	2	1	1	4	4	7	7	1	1	1	1	2	2	2	2	1	1	4	4	2	2	2	2	3	3	4	4	1	1	2	2
IND00032	9	9	12	12	2	2	4	4	3	3	3	3	10	10	30	30	1	1	2	2	3	3	4	4	3	3	3	3	1	1	1	1	2	2	1	1	1	1	1	1	3	3	3	3	1	1	2	2	1	1	2	2	6	6	9	9	3	3	6	6	12	12	19	19	2	2	1	1	4	4	4	4	3	3	4	4	1	1	6	6	2	2	1	1	4	4	1	1	1	1	2	2	2	2	8	8	45	45	50	50	4	4	2	2	2	2	2	2	2	2	1	1	1	1	4	4	2	2	1	1	2	2	1	1	8	8	4	4	1	1	3	3	1	1	4	4	2	2	3	3	1	1	2	2	2	2	2	2	4	4	8	8	1	1	1	1	4	4	1	1	2	2	2	2	2	2	1	1	2	2	1	1	1	1	2	2	2	2	4	4	2	2	1	1
IND00033	14	14	11	11	2	2	4	4	4	4	3	3	15	15	2	2	2	2	1	1	2	2	1	1	5	5	5	5	2	2	1	1	1	1	1	1	1	1	1	1	3	3	2	2	1	1	2	2	1	1	2	2	2	2	14	14	3	3	4	4	6	6	20	20	1	1	1	1	1	1	4	4	2	2	2	2	4	4	3	3	1	1	2	2	1	1	2	2	2	2	2	2	5	5	5	5	8	8	43	43	4	4	2	2	1	1	2	2	3	3	2	2	3	3	4	4	2	2	2	2	1	1	1	1	4	4	3	3	3	3	2	2	1	1	3	3	2	2	4	4	1	1	1	1	3	3	1	1	4	4	7	7	1	1	1	1	1	1	8	8	1	1	2	2	2	2	4	4	1	1	4	4	2	2	1	1	4	4	1	1	1	1	1	1
IND00034	11	11	11	11	3	3	1	1	1	1	4	4	22	22	5	5	2	2	1	1	3	3	3	3	4	4	3	3	2	2	1	1	2	2	4	4	3	3	3	3	4	4	1	1	1	1	1	1	2	2	2	2	2	2	4	4	4	4	2	2	14	14	25	25	2	2	1	1	1	1	3	3	1	1	3	3	6	6	7	7	1	1	1	1	2	2	4	4	1	1	2	2	1	1	1	1	15	15	40	40	3	3	1	1	1	1	1	1	3	3	3	3	1	1	1	1	2	2	2	2	1	1	1	1	4	4	6	6	3	3	1	1	2	2	1	1	2	2	4	4	2	2	3	3	4	4	4	4	4	4	7	7	1	1	2	2	6	6	3	3	1	1	1	1	4	4	3	3	3	3	3	3	1	1	1	1	2	2	2	2	1	1	1	1
IND00035	7	7	11	11	3	3	1	1	3	3	4	4	14	14	14	14	1	1	1	1	3	3	3	3	5	5	2	2	1	1	1	1	4	4	3	3	4	4	3	3	5	5	5	5	2	2	1	1	1	1	2	2	1	1	6	6	4	4	6	6	10	10	9	9	1	1	2	2	4	4	4	4	1	1	4	4	5	5	3	3	1	1	2	2	2	2	4	4	1	1	2	2	1	1	4	4	20	20	42	42	4	4	2	2	2	2	2	2	4	4	4	4	1	1	1	1	2	2	2	2	2	2	1	1	8	8	5	5	4	4	1	1	1	1	3	3	2	2	4	4	3	3	3	3	3	3	1	1	8	8	2	2	1	1	1	1	8	8	5	5	2	2	2	2	4	4	2	2	2	2	1	1	2	2	2	2	2	2	3	3	2	2	1	1
IND00036	13	13	7	7	4	4	2	2	1	1	2	2	6	6	1	1	1	1	2	2	4	4	3	3	3	3	1	1	2	2	1	1	3	3	2	2	4	4	4	4	8	8	4	4	1	1	2	2	1	1	1	1	14	14	11	11	2	2	7	7	17	17	11	11	1	1	2	2	2	2	4	4	3	3	2	2	7	7	6	6	2	2	1	1	3	3	4	4	2	2	2	2	6	6	8	8	42	42	39	39	1	1	1	1	1	1	1	1	1	1	1	1	2	2	2	2	2	2	1	1	1	1	2	2	3	3	1	1	1	1	4	4	2	2	1	1	4	4	4	4	4	4	3	3	2	2	2	2	4	4	7	7	2	2	2	2	2	2	5	5	1	1	1	1	3	3	1	1	1	1	4	4	2	2	2	2	2	2	1	1	2	2	1	1
IND00037	4	4	14	14	1	1	4	4	4	4	1	1	15	15	23	23	2	2	1	1	4	4	4	4	6	6	4	4	1	1	2	2	1	1	2	2	4	4	3	3	3	3	4	4	2	2	2	2	2	2	2	2	2	2	10	10	8	8	5	5	5	5	14	14	1	1	2	2	3	3	2	2	3	3	1	1	6	6	6	6	1	1	2	2	1	1	4	4	1	1	1	1	7	7	2	2	9	9	33	33	1	1	3	3	1	1	1	1	1	1	4	4	2	2	4	4	2	2	2	2	2	2	2	2	1	1	7	7	2	2	3	3	2	2	3	3	3	3	3	3	3	3	2	2	1	1	3	3	1	1	3	3	1	1	1	1	3	3	4	4	2	2	1	1	2	2	4	4	1	1	4	4	2	2	1	1	1	1	4	4	1	1	2	2
IND00038	2	2	1	1	2	2	2	2	3	3	4	4	17	17	4	4	2	2	1	1	3	3	3	3	6	6	4	4	2	2	2	2	3	3	2	2	2	2	3	3	4	4	3	3	2	2	2	2	2	2	1	1	5	5	8	8	6	6	3	3	4	4	27	27	1	1	2	2	4	4	4	4	1	1	1	1	8	8	3	3	1	1	1	1	1	1	4	4	1	1	1	1	1	1	1	1	29	29	26	26	2	2	1	1	2	2	1	1	3	3	3	3	3	3	1	1	2	2	1	1	2	2	2	2	4	4	6	6	2	2	2	2	2	2	3	3	1	1	1	1	4	4	1	1	2	2	3	3	5	5	8	8	2	2	2	2	6	6	3	3	1	1	1	1	1	1	4	4	4	4	1	1	1	1	2	2	3	3	4	4	1	1	1	1
IND00039	8	8	15	15	1	1	4	4	1	1	1	1	20	20	31	31	2	2	2	2	4	4	4	4	6	6	5	5	1	1	1	1	1	1	3	3	3	3	4	4	1	1	1	1	1	1	2	2	1	1	2	2	15	15	13	13	7	7	2	2	7	7	16	16	1	1	2	2	3	3	1	1	2	2	1	1	8	8	1	1	1	1	2	2	4	4	2	2	2	2	2	2	2	2	2	2	40	40	45	45	1	1	3	3	1	1	2	2	1	1	3	3	2	2	3	3	2	2	1	1	2	2	1	1	5	5	3	3	1	1	4	4	3	3	1	1	2	2	4	4	1	1	4	4	2	2	1	1	4	4	2	2	1	1	2	2	6	6	5	5	1	1	2	2	2	2	3	3	1	1	4	4	2	2	2	2	3	3	1	1	2	2	1	1
IND00040	5	5	14	14	2	2	2	2	3	3	3	3	26	26	21	21	2	2	2	2	3	3	2	2	4	4	5	5	1	1	2	2	4	4	2	2	3	3	3	3	8	8	5	5	2	2	1	1	2	2	1	1	14	14	7	7	4	4	5	5	21	21	14	14	2	2	1	1	3	3	4	4	2	2	1	1	3	3	6	6	2	2	1	1	1	1	3	3	2	2	1	1	7	7	7	7	55	55	49	49	1	1	3	3	2	2	1	1	2	2	4	4	4	4	2	2	2	2	1	1	1	1	2	2	5	5	2	2	1	1	2	2	1	1	4	4	2	2	3	3	4	4	4	4	3	3	1	1	3	3	4	4	1	1	2	2	5	5	6	6	1	1	1	1	4	4	1	1	2	2	3	3	2	2	2	2	2	2	2	2	2	2	1	1
IND00041	15	15	10	10	4	4	1	1	2	2	4	4	8	8	24	24	1	1	1	1	3	3	4	4	7	7	7	7	1	1	2	2	4	4	4	4	4	4	3	3	2	2	1	1	2	2	1	1	1	1	1	1	5	5	6	6	6	6	7	7	4	4	3	3	2	2	2	2	3	3	4	4	2	2	4	4	3	3	7	7	1	1	1	1	3	3	1	1	2	2	1	1	1	1	2	2	20	20	50	50	2	2	3	3	1	1	2	2	1	1	4	4	3	3	1	1	1	1	1	1	1	1	2	2	2	2	7	7	4	4	4	4	1	1	1	1	4	4	2	2	4	4	1	1	1	1	3	3	6	6	6	6	2	2	1	1	8	8	4	4	1	1	2	2	1	1	2	2	4	4	2	2	1	1	2	2	3	3	2	2	2	2	2	2
IND00042	7	7	2	2	3	3	1	1	3	3	3	3	19	19	19	19	2	2	1	1	1	1	3	3	8	8	2	2	2	2	1	1	3	3	2	2	3	3	1	1	4	4	3	3	1	1	2	2	2	2	2	2	6	6	4	4	3	3	1	1	16	16	24	24	2	2	2	2	4	4	4	4	2	2	2	2	2	2	7	7	2	2	1	1	3	3	3	3	2	2	1	1	3	3	3	3	7	7	36	36	4	4	2	2	2	2	1	1	4	4	1	1	2	2	4	4	2	2	1	1	2	2	2	2	7	7	5	5	4	4	2	2	1	1	3	3	1	1	2	2	3	3	3	3	2	2	4	4	4	4	2	2	2	2	2	2	1	1	2	2	1	1	2	2	3	3	2	2	3	3	1	1	2	2	2	2	2	2	4	4	2	2	2	2
IND00043	11	11	8	8	4	4	3	3	2	2	4	4	14	14	14	14	2	2	1	1	2	2	2	2	8	8	3	3	2	2	2	2	2	2	4	4	2	2	2	2	4	4	4	4	1	1	1	1	1	1	1	1	7	7	9	9	4	4	5	5	18	18	25	25	2	2	2	2	3	3	2	2	4	4	1	1	2	2	3	3	2	2	1	1	3	3	3	3	2	2	1	1	1	1	8	8	64	64	41	41	1	1	1	1	2	2	1	1	1	1	3	3	3	3	4	4	2	2	1	1	1	1	2	2	6	6	1	1	2	2	2	2	3	3	1	1	3	3	2	2	4	4	4	4	2	2	3	3	7	7	6	6	2	2	1	1	3	3	3	3	1	1	2	2	1	1	4	4	2	2	1	1	1	1	2	2	2	2	4	4	1	1	1	1
IND00044	1	1	15	15	1	1	3	3	2	2	1	1	17	17	21	21	1	1	1	1	2	2	1	1	1	1	7	7	1	1	1	1	2	2	4	4	3	3	1	1	8	8	6	6	1	1	1	1	2	2	2	2	10	10	4	4	8	8	8	8	32	32	8	8	1	1	2	2	1	1	4	4	2	2	3	3	3	3	1	1	1	1	1	1	3	3	2	2	1	1	2	2	1	1	8	8	14	14	63	63	3	3	4	4	1	1	1	1	4	4	2	2	4	4	3	3	1	1	1	1	2	2	2	2	6	6	8	8	2	2	2	2	3	3	2	2	2	2	2	2	4	4	2	2	2	2	1	1	3	3	4	4	2	2	1	1	2	2	2	2	1	1	1	1	1	1	3	3	4	4	1	1	1	1	1	1	4	4	2	2	1	1	2	2
IND00045	9	9	11	11	2	2	3	3	4	4	1	1	24	24	3	3	2	2	1	1	3	3	2	2	3	3	7	7	2	2	1	1	4	4	2	2	3	3	4	4	8	8	3	3	1	1	1	1	1	1	2	2	6	6	14	14	3	3	4	4	1	1	32	32	1	1	1	1	1	1	3	3	3	3	2	2	4	4	6	6	2	2	2	2	4	4	2	2	2	2	2	2	6	6	3	3	49	49	29	29	3	3	1	1	2	2	2	2	4	4	4	4	4	4	4	4	1	1	2	2	2	2	2	2	7	7	1	1	4	4	1	1	1	1	3	3	1	1	1	1	1	1	3	3	3	3	4	4	1	1	5	5	1	1	2	2	7	7	2	2	1	1	1	1	1	1	2	2	1	1	1	1	1	1	2	2	2	2	1	1	1	1	2	2
IND00046	8	8	2	2	1	1	2	2	1	1	1	1	4	4	22	22	1	1	1	1	3	3	4	4	2	2	1	1	2	2	1	1	2	2	4	4	2	2	3	3	8	8	1	1	1	1	2	2	1	1	2	2	15	15	8	8	3	3	2	2	13	13	10	10	2	2	1	1	3	3	2	2	3	3	1	1	8	8	2	2	2	2	2	2	2	2	1	1	1	1	2	2	7	7	4	4	42	42	15	15	1	1	2	2	2	2	2	2	3	3	1	1	1	1	1	1	2	2	1	1	1	1	1	1	3	3	1	1	2	2	3	3	1	1	4	4	3	3	4	4	1	1	1	1	3	3	4	4	4	4	7	7	2	2	1	1	4	4	5	5	2	2	2	2	3	3	2	2	4	4	1	1	2	2	1	1	2	2	4	4	2	2	2	2
IND00047	7	7	2	2	3	3	2	2	1	1	2	2	30	30	1	1	2	2	1	1	3	3	3	3	7	7	8	8	1	1	1	1	2	2	3	3	4	4	3	3	1	1	7	7	1	1	1	1	2	2	2	2	14	14	14	14	4	4	5	5	30	30	11	11	2	2	2	2	4	4	4	4	1	1	4	4	7	7	7	7	1	1	1	1	4	4	1	1	2	2	1	1	7	7	6	6	28	28	34	34	4	4	1	1	2	2	2	2	1	1	3	3	1	1	2	2	2	2	2	2	1	1	2	2	4	4	2	2	1	1	3	3	2	2	3	3	1	1	3	3	1	1	4	4	1	1	4	4	2	2	7	7	1	1	1	1	2	2	2	2	2	2	1	1	4	4	3	3	3	3	2	2	2	2	1	1	3	3	4	4	1	1	1	1
IND00048	11	11	16	16	1	1	2	2	1	1	4	4	3	3	26	26	1	1	1	1	2	2	1	1	8	8	7	7	2	2	1	1	1	1	2	2	4	4	3	3	8	8	6	6	1	1	2	2	1	1	1	1	7	7	12	12	6	6	6	6	3	3	30	30	1	1	1	1	4	4	2	2	1	1	2	2	2	2	7	7	2	2	1	1	4	4	2	2	2	2	1	1	6	6	4	4	12	12	19	19	4	4	4	4	2	2	1	1	2	2	2	2	2	2	4	4	1	1	2	2	1	1	2	2	4	4	5	5	3	3	2	2	1	1	2	2	4	4	4	4	3	3	3	3	1	1	4	4	3	3	3	3	1	1	2	2	6	6	6	6	1	1	2	2	4	4	1	1	1	1	2	2	1	1	2	2	1	1	2	2	1	1	1	1
IND00049	9	9	3	3	3	3	1	1	3	3	4	4	27	27	20	20	2	2	2	2	4	4	2	2	3	3	8	8	1	1	2	2	1	1	2	2	3	3	4	4	1	1	7	7	1	1	1	1	2	2	2	2	12	12	10	10	3	3	4	4	12	12	24	24	1	1	2	2	4	4	4	4	2	2	1	1	6	6	1	1	2	2	1	1	2	2	3	3	2	2	2	2	6	6	7	7	28	28	58	58	4	4	1	1	2	2	1	1	2	2	3	3	3	3	3	3	1	1	2	2	2	2	1	1	1	1	6	6	2	2	1	1	3	3	1	1	4	4	1	1	3	3	2	2	1	1	4	4	1	1	5	5	1	1	2	2	2	2	1	1	1	1	2	2	4	4	3	3	1	1	4	4	2	2	1	1	3	3	3	3	2	2	2	2
IND00050	1	1	8	8	3	3	2	2	3	3	4	4	2	2	11	11	2	2	2	2	3	3	3	3	7	7	6	6	2	2	2	2	1	1	2	2	2	2	2	2	3	3	4	4	2	2	1	1	1	1	2	2	16	16	7	7	2	2	5	5	3	3	15	15	2	2	2	2	4	4	2	2	2	2	3	3	4	4	5	5	1	1	1	1	3	3	1	1	2	2	1	1	5	5	1	1	56	56	49	49	4	4	2	2	1	1	2	2	4	4	4	4	3	3	4	4	2	2	2	2	1	1	2	2	3	3	3	3	2	2	3	3	4	4	1	1	1	1	1	1	3	3	4	4	3	3	2	2	6	6	5	5	1	1	2	2	7	7	4	4	1	1	2	2	1	1	1	1	2	2	3	3	2	2	1	1	2	2	3	3	1	1	1	1
IND00051	14	14	8	8	1	1	2	2	4	4	2	2	32	32	23	23	1	1	2	2	3	3	1	1	7	7	6	6	1	1	2	2	4	4	3	3	4	4	1	1	2	2	5	5	2	2	1	1	2	2	2	2	6	6	5	5	5	5	2	2	2	2	4	4	1	1	1	1	3	3	2	2	4	4	2	2	3	3	7	7	1	1	2	2	4	4	2	2	1	1	2	2	7	7	2	2	5	5	27	27	2	2	2	2	1	1	1	1	2	2	1	1	1	1	3	3	2	2	1	1	1	1	2	2	3	3	7	7	1	1	4	4	1	1	2	2	3	3	3	3	3	3	4	4	2	2	2	2	5	5	3	3	1	1	1	1	3	3	8	8	2	2	1	1	4	4	3	3	2	2	2	2	2	2	1	1	1	1	3	3	2	2	1	1
IND00052	16	16	5	5	1	1	4	4	3	3	1	1	1	1	10	10	1	1	2	2	4	4	3	3	5	5	4	4	1	1	1	1	2	2	2	2	2	2	1	1	6	6	7	7	1	1	1	1	1	1	1	1	3	3	15	15	1	1	4	4	16	16	2	2	1	1	1	1	1	1	1	1	2	2	3	3	4	4	6	6	2	2	1	1	1	1	4	4	1	1	1	1	7	7	3	3	8	8	62	62	2	2	4	4	1	1	1	1	1	1	2	2	2	2	4	4	2	2	2	2	1	1	2	2	8	8	7	7	1	1	4	4	3	3	2	2	4	4	2	2	1	1	3	3	2	2	2	2	1	1	8	8	1	1	1	1	4	4	6	6	2	2	2	2	4	4	1	1	4	4	3	3	2	2	1	1	4	4	2	2	2	2	1	1
IND00053	15	15	8	8	3	3	4	4	4	4	1	1	3	3	20	20	2	2	2	2	2	2	2	2	6	6	3	3	1	1	2	2	1	1	1	1	1	1	2	2	4	4	5	5	1	1	2	2	1	1	2	2	15	15	8	8	8	8	4	4	29	29	14	14	1	1	1	1	4	4	1	1	3	3	4	4	1	1	1	1	2	2	1	1	1	1	3	3	1	1	1	1	1	1	6	6	29	29	1	1	1	1	1	1	2	2	1	1	4	4	1	1	1	1	2	2	2	2	2	2	2	2	2	2	4	4	4	4	1	1	2	2	4	4	2	2	3	3	3	3	4	4	2	2	2	2	4	4	4	4	2	2	1	1	1	1	1	1	1	1	1	1	1	1	2	2	4	4	3	3	3	3	2	2	2	2	4	4	2	2	2	2	1	1
IND00054	14	14	3	3	4	4	2	2	4	4	2	2	27	27	21	21	2	2	1	1	3	3	4	4	3	3	8	8	2	2	2	2	1	1	2	2	1	1	4	4	5	5	4	4	2	2	2	2	2	2	1	1	3	3	15	15	2	2	4	4	13	13	17	17	2	2	2	2	3	3	3	3	3	3	1	1	7	7	5	5	1	1	1	1	1	1	2	2	2	2	2	2	1	1	4	4	30	30	25	25	3	3	3	3	1	1	1	1	2	2	3	3	4	4	4	4	2	2	2	2	2	2	1	1	5	5	7	7	1	1	2	2	2	2	1	1	3	3	1	1	4	4	2	2	1	1	4	4	3	3	7	7	2	2	1	1	3	3	5	5	2	2	1	1	3	3	4	4	2	2	2	2	1	1	1	1	4	4	1	1	2	2	2	2
IND00055	5	5	5	5	2	2	1	1	1	1	1	1	31	31	22	22	2	2	1	1	3	3	2	2	5	5	1	1	1	1	2	2	3	3	3	3	2	2	2	2	6	6	6	6	1	1	1	1	1	1	1	1	12	12	10	10	7	7	5	5	20	20	16	16	1	1	1	1	4	4	2	2	3	3	3	3	7	7	2	2	1	1	2	2	2	2	1	1	1	1	2	2	7	7	1	1	51	51	15	15	2	2	2	2	2	2	2	2	2	2	1	1	1	1	2	2	2	2	1	1	2	2	2	2	7	7	8	8	3	3	4	4	4	4	1	1	2	2	4	4	4	4	4	4	4	4	2	2	2	2	1	1	2	2	1	1	3	3	2	2	2	2	2	2	1	1	1	1	2	2	1	1	1	1	2	2	4	4	4	4	2	2	1	1
IND00056	6	6	7	7	3	3	4	4	2	2	1	1	19	19	28	28	1	1	1	1	4	4	2	2	6	6	1	1	2	2	2	2	2	2	4	4	4	4	4	4	2	2	4	4	2	2	1	1	2	2	1	1	10	10	13	13	1	1	1	1	31	31	5	5	1	1	2	2	2	2	1	1	3	3	2	2	7	7	7	7	2	2	1	1	1	1	1	1	1	1	2	2	8	8	6	6	5	5	5	5	4	4	1	1	2	2	1	1	4	4	4	4	2	2	4	4	1	1	2	2	2	2	1	1	3	3	7	7	1	1	4	4	2	2	2	2	3	3	2	2	2	2	4	4	3	3	3	3	6	6	3	3	2	2	1	1	7	7	4	4	2	2	2	2	4	4	4	4	2	2	2	2	1	1	2	2	3	3	1	1	2	2	1	1
IND00057	4	4	3	3	2	2	1	1	1	1	3	3	21	21	4	4	1	1	2	2	3	3	3	3	5	5	6	6	1	1	1	1	3	3	4	4	3	3	4	4	3	3	5	5	2	2	1	1	2	2	2	2	3	3	5	5	6	6	6	6	8	8	25	25	2	2	1	1	4	4	3	3	3	3	4	4	6	6	1	1	1	1	2	2	4	4	3	3	1	1	2	2	7	7	3	3	39	39	26	26	4	4	2	2	1	1	2	2	4	4	3	3	1	1	4	4	1	1	1	1	1	1	1	1	6	6	5	5	4	4	4	4	2	2	4	4	3	3	3	3	4	4	2	2	2	2	2	2	7	7	5	5	2	2	2	2	2	2	3	3	1	1	1	1	4	4	1	1	4	4	2	2	2	2	2	2	3	3	1	1	1	1	1	1
IND00058	3	3	8	8	4	4	2	2	4	4	4	4	6	6	15	15	1	1	1	1	3	3	3	3	7	7	8	8	2	2	1	1	2	2	2	2	3	3	3	3	8	8	6	6	2	2	2	2	1	1	2	2	8	8	11	11	6	6	1	1	29	29	27	27	2	2	1	1	4	4	2	2	1	1	2	2	6	6	8	8	2	2	2	2	3	3	1	1	2	2	1	1	5	5	4	4	12	12	46	46	4	4	1	1	1	1	2	2	4	4	2	2	1	1	4	4	2	2	2	2	1	1	2	2	6	6	4	4	1	1	2	2	4	4	1	1	4	4	2	2	3	3	3	3	1	1	4	4	6	6	4	4	1	1	1	1	4	4	4	4	1	1	2	2	1	1	4	4	2	2	4	4	1	1	2	2	3	3	4	4	1	1	2	2
IND00059	15	15	15	15	2	2	4	4	3	3	4	4	11	11	32	32	2	2	2	2	4	4	1	1	2	2	5	5	1	1	1	1	2	2	4	4	2	2	1	1	4	4	5	5	2	2	2	2	1	1	2	2	13	13	15	15	5	5	7	7	30	30	18	18	1	1	1	1	4	4	2	2	2	2	4	4	7	7	3	3	1	1	2	2	3	3	1	1	1	1	2	2	6	6	2	2	54	54	26	26	1	1	1	1	1	1	1	1	1	1	3	3	2	2	3	3	2	2	1	1	1	1	2	2	7	7	6	6	2	2	1	1	3	3	3	3	2	2	1	1	4	4	2	2	3	3	1	1	4	4	1	1	1	1	2	2	8	8	4	4	2	2	1	1	4	4	4	4	1	1	1	1	2	2	1	1	1	1	1	1	2	2	2	2
IND00060	4	4	10	10	1	1	4	4	3	3	3	3	9	9	26	26	1	1	2	2	1	1	1	1	7	7	6	6	2	2	2	2	4	4	4	4	2	2	4	4	4	4	8	8	1	1	2	2	2	2	1	1	12	12	7	7	2	2	4	4	21	21	19	19	2	2	1	1	3	3	1	1	2	2	4	4	3	3	2	2	1	1	2	2	1	1	2	2	2	2	2	2	5	5	2	2	48	48	6	6	4	4	4	4	1	1	2	2	4	4	1	1	2	2	2	2	1	1	1	1	1	1	1	1	2	2	8	8	2	2	4	4	3	3	4	4	2	2	1	1	4	4	1	1	4	4	2	2	2	2	4	4	2	2	2	2	6	6	7	7	2	2	1	1	2	2	4	4	1	1	2	2	2	2	2	2	2	2	3	3	2	2	1	1
IND00061	15	15	12	12	2	2	4	4	1	1	2	2	27	27	21	21	2	2	2	2	4	4	1	1	3	3	5	5	2	2	1	1	3	3	3	3	1	1	4	4	2	2	4	4	2	2	2	2	1	1	1	1	1	1	16	16	2	2	8	8	27	27	4	4	1	1	2	2	3	3	1	1	1	1	2	2	3	3	1	1	1	1	1	1	3	3	4	4	1	1	2	2	6	6	5	5	19	19	8	8	4	4	4	4	2	2	1	1	2	2	2	2	1	1	1	1	2	2	2	2	1	1	2	2	1	1	2	2	4	4	1	1	2	2	1	1	4	4	2	2	4	4	2	2	1	1	1	1	7	7	4	4	1	1	1	1	4	4	6	6	1	1	2	2	2	2	3	3	2	2	1	1	1	1	1	1	3	3	3	3	2	2	1	1
IND00062	1	1	15	15	1	1	2	2	4	4	2	2	2	2	2	2	1	1	2	2	1	1	2	2	7	7	2	2	2	2	2	2	4	4	3	3	4	4	3	3	6	6	4	4	1	1	2	2	1	1	1	1	4	4	2	2	8	8	2	2	1	1	21	21	2	2	1	1	2	2	4	4	3	3	1	1	3	3	2	2	1	1	1	1	3	3	4	4	1	1	1	1	8	8	3	3	43	43	12	12	3	3	2	2	1	1	2	2	2	2	4	4	3	3	4	4	1	1	1	1	2	2	1	1	8	8	2	2	1	1	4	4	1	1	2	2	2	2	4	4	3	3	2	2	4	4	1	1	3	3	4	4	2	2	1	1	6	6	6	6	1	1	1	1	2	2	3	3	1	1	3	3	1	1	1	1	2	2	4	4	2	2	1	1
IND00063	11	11	13	13	3	3	4	4	3	3	3	3	24	24	9	9	2	2	2	2	2	2	1	1	5	5	4	4	1	1	1	1	4	4	1	1	4	4	1	1	2	2	2	2	2	2	2	2	2	2	2	2	3	3	6	6	6	6	1	1	21	21	4	4	2	2	2	2	1	1	3	3	1	1	3	3	6	6	1	1	1	1	1	1	3	3	1	1	1	1	1	1	6	6	7	7	18	18	42	42	3	3	3	3	1	1	2	2	3	3	1	1	4	4	3	3	2	2	1	1	1	1	1	1	1	1	8	8	3	3	4	4	1	1	2	2	2	2	3	3	3	3	3	3	2	2	3	3	3	3	5	5	1	1	1	1	8	8	2	2	1	1	1	1	4	4	2	2	3	3	3	3	1	1	1	1	1	1	4	4	2	2	2	2
IND00064	2	2	13	13	1	1	4	4	4	4	2	2	23	23	32	32	2	2	2	2	4	4	1	1	1	1	3	3	2	2	1	1	1	1	2	2	3	3	1	1	1	1	1	1	1	1	1	1	2	2	1	1	2	2	6	6	4	4	6	6	21	21	28	28	2	2	2	2	2	2	2	2	1	1	2	2	1	1	6	6	2	2	1	1	4	4	1	1	2	2	1	1	4	4	3	3	19	19	19	19	2	2	4	4	2	2	1	1	2	2	1	1	3	3	1	1	1	1	2	2	2	2	1	1	6	6	2	2	1	1	3	3	4	4	4	4	1	1	3	3	4	4	1	1	2	2	1	1	4	4	7	7	2	2	2	2	5	5	4	4	1	1	1	1	3	3	2	2	1	1	4	4	2	2	2	2	4	4	2	2	1	1	1	1
IND00065	8	8	12	12	4	4	2	2	4	4	2	2	21	21	6	6	2	2	1	1	3	3	4	4	3	3	8	8	2	2	1	1	4	4	1	1	3	3	1	1	1	1	4	4	2	2	1	1	2	2	1	1	8	8	5	5	5	5	4	4	12	12	7	7	2	2	2	2	1	1	3	3	1	1	4	4	5	5	7	7	1	1	2	2	4	4	1	1	2	2	2	2	7	7	1	1	33	33	27	27	4	4	1	1	1	1	1	1	3	3	1	1	4	4	1	1	1	1	2	2	1	1	2	2	6	6	2	2	1	1	3	3	4	4	4	4	4	4	4	4	4	4	3	3	1	1	3	3	4	4	3	3	2	2	1	1	8	8	2	2	2	2	2	2	2	2	4	4	1	1	4	4	1	1	2	2	2	2	1	1	2	2	2	2
IND00066	1	1	13	13	3	3	1	1	4	4	3	3	30	30	21	21	1	1	1	1	1	1	1	1	6	6	5	5	1	1	2	2	4	4	3	3	3	3	3	3	5	5	3	3	1	1	1	1	1	1	1	1	8	8	6	6	4	4	6	6	30	30	25	25	2	2	1	1	1	1	2	2	4	4	4	4	4	4	4	4	2	2	2	2	3	3	2	2	2	2	2	2	2	2	3	3	43	43	3	3	2	2	4	4	1	1	2	2	1	1	1	1	2	2	3	3	2	2	1	1	1	1	1	1	4	4	8	8	4	4	1	1	4	4	3	3	4	4	1	1	3	3	3	3	3	3	3	3	5	5	8	8	1	1	1	1	8	8	2	2	1	1	1	1	3	3	3	3	1	1	3	3	1	1	1	1	2	2	1	1	1	1	1	1
IND00067	5	5	7	7	4	4	1	1	3	3	1	1	2	2	8	8	1	1	2	2	2	2	2	2	3	3	8	8	2	2	2	2	1	1	3	3	3	3	3	3	2	2	7	7	2	2	2	2	2	2	1	1	14	14	6	6	6	6	6	6	12	12	23	23	2	2	1	1	2	2	1	1	1	1	3	3	5	5	4	4	2	2	1	1	2	2	4	4	1	1	1	1	7	7	1	1	9	9	39	39	2	2	4	4	2	2	1	1	4	4	2	2	4	4	3	3	1	1	2	2	2	2	1	1	6	6	5	5	1	1	1	1	4	4	1	1	3	3	1	1	4	4	4	4	2	2	4	4	6	6	1	1	2	2	1	1	6	6	1	1	1	1	1	1	4	4	1	1	3	3	4	4	2	2	1	1	3	3	4	4	1	1	2	2
IND00068	1	1	13	13	2	2	4	4	4	4	4	4	17	17	31	31	2	2	1	1	2	2	4	4	2	2	4	4	1	1	1	1	3	3	4	4	2	2	1	1	2	2	4	4	1	1	2	2	2	2	2	2	8	8	7	7	5	5	3	3	6	6	22	22	1	1	1	1	4	4	2	2	2	2	4	4	3	3	1	1	2	2	1	1	4	4	2	2	1	1	2	2	5	5	6	6	22	22	1	1	4	4	2	2	2	2	2	2	2	2	4	4	3	3	3	3	1	1	1	1	1	1	1	1	5	5	4	4	3	3	4	4	3	3	3	3	1	1	3	3	2	2	2	2	2	2	4	4	8	8	4	4	1	1	2	2	8	8	3	3	2	2	2	2	1	1	3	3	1	1	1	1	2	2	1	1	3	3	2	2	1	1	2	2
IND00069	13	13	6	6	4	4	3	3	2	2	4	4	26	26	25	25	1	1	2	2	2	2	2	2	1	1	2	2	2	2	2	2	1	1	2	2	4	4	3	3	4	4	1	1	2	2	2	2	1	1	1	1	2	2	1	1	2	2	4	4	28	28	10	10	2	2	2	2	1	1	2	2	3	3	3	3	5	5	6	6	2	2	1	1	4	4	3	3	2	2	2	2	4	4	5	5	56	56	50	50	2	2	2	2	1	1	2	2	3	3	1	1	4	4	4	4	1	1	1	1	2	2	2	2	7	7	4	4	4	4	4	4	2	2	1	1	1	1	1	1	3	3	3	3	3	3	1	1	1	1	3	3	2	2	1	1	8	8	1	1	1	1	1	1	1	1	3	3	2	2	2	2	2	2	2	2	3	3	3	3	1	1	1	1
IND00070	2	2	4	4	2	2	4	4	3	3	1	1	29	29	17	17	1	1	1	1	3	3	1	1	1	1	7	7	1	1	1	1	1	1	1	1	3	3	4	4	4	4	3	3	1	1	2	2	1	1	1	1	15	15	14	14	4	4	3	3	1	1	3	3	1	1	2	2	4	4	4	4	3	3	3	3	2	2	7	7	1	1	1	1	2	2	4	4	2	2	2	2	2	2	4	4	36	36	33	33	3	3	1	1	1	1	2	2	4	4	4	4	3	3	1	1	1	1	2	2	2	2	2	2	8	8	1	1	4	4	1	1	1	1	2	2	3	3	1	1	2	2	2	2	2	2	3	3	7	7	5	5	2	2	1	1	4	4	6	6	2	2	1	1	1	1	2	2	1	1	1	1	1	1	1	1	2	2	3	3	2	2	2	2
IND00071	7	7	1	1	3	3	1	1	2	2	1	1	18	18	3	3	1	1	1	1	4	4	3	3	8	8	1	1	2	2	1	1	3	3	2	2	2	2	1	1	3	3	4	4	1	1	1	1	2	2	1	1	10	10	2	2	4	4	1	1	12	12	4	4	1	1	1	1	4	4	1	1	1	1	4	4	5	5	5	5	2	2	1	1	4	4	3	3	1	1	2	2	1	1	3	3	11	11	13	13	4	4	2	2	2	2	2	2	1	1	1	1	2	2	2	2	1	1	1	1	2	2	1	1	6	6	7	7	1	1	3	3	1	1	3	3	3	3	1	1	2	2	2	2	3	3	4	4	2	2	1	1	2	2	1	1	7	7	6	6	2	2	1	1	4	4	2	2	2	2	3	3	2	2	2	2	1	1	1	1	1	1	1	1
IND00072	4	4	12	12	4	4	1	1	3	3	3	3	17	17	1	1	1	1	2	2	1	1	1	1	5	5	3	3	2	2	2	2	1	1	2	2	3	3	1	1	4	4	7	7	1	1	2	2	2	2	1	1	14	14	2	2	8	8	3	3	27	27	15	15	1	1	1	1	4	4	2	2	3	3	2	2	5	5	6	6	2	2	2	2	4	4	1	1	1	1	1	1	6	6	6	6	11	11	45	45	4	4	2	2	1	1	1	1	1	1	2	2	1	1	2	2	1	1	2	2	1	1	2	2	5	5	6	6	4	4	1	1	4	4	3	3	3	3	3	3	2	2	1	1	1	1	2	2	8	8	3	3	2	2	1	1	7	7	6	6	1	1	2	2	3	3	4	4	3	3	4	4	1	1	2	2	1	1	4	4	2	2	1	1
IND00073	8	8	1	1	4	4	3	3	1	1	3	3	13	13	5	5	1	1	2	2	4	4	4	4	5	5	7	7	1	1	2	2	2	2	3	3	2	2	4	4	7	7	5	5	1	1	2	2	1	1	1	1	12	12	4	4	4	4	7	7	24	24	27	27	1	1	1	1	2	2	3	3	3	3	1	1	1	1	1	1	1	1	1	1	1	1	2	2	1	1	2	2	7	7	5	5	43	43	37	37	4	4	4	4	1	1	1	1	2	2	1	1	4	4	3	3	1	1	1	1	1	1	2	2	1	1	2	2	4	4	4	4	1	1	4	4	4	4	1	1	1	1	1	1	2	2	4	4	8	8	1	1	1	1	1	1	5	5	2	2	2	2	2	2	4	4	4	4	4	4	1	1	2	2	1	1	3	3	3	3	2	2	2	2
IND00074	12	12	10	10	3	3	2	2	3	3	4	4	9	9	32	32	1	1	1	1	3	3	3	3	7	7	7	7	2	2	2	2	4	4	4	4	2	2	4	4	1	1	3	3	1	1	1	1	2	2	1	1	4	4	5	5	6	6	4	4	15	15	30	30	2	2	2	2	1	1	2	2	2	2	2	2	6	6	5	5	2	2	2	2	1	1	2	2	2	2	1	1	2	2	7	7	32	32	37	37	2	2	4	4	1	1	1	1	2	2	4	4	2	2	1	1	1	1	2	2	1	1	2	2	4	4	5	5	3	3	2	2	2	2	4	4	3	3	1	1	4	4	3	3	4	4	3	3	4	4	6	6	2	2	2	2	1	1	1	1	2	2	1	1	1	1	1	1	2	2	3	3	1	1	1	1	3	3	4	4	1	1	2	2
IND00075	10	10	1	1	4	4	1	1	2	2	4	4	9	9	5	5	1	1	1	1	4	4	4	4	5	5	4	4	1	1	2	2	3	3	3	3	1	1	1	1	5	5	8	8	2	2	2	2	2	2	2	2	12	12	15	15	7	7	6	6	12	12	7	7	2	2	2	2	3	3	1	1	1	1	1	1	6	6	1	1	2	2	2	2	2	2	4	4	1	1	2	2	3	3	7	7	40	40	26	26	3	3	2	2	1	1	2	2	4	4	1	1	1	1	4	4	1	1	2	2	1	1	2	2	7	7	7	7	4	4	4	4	3	3	3	3	3	3	2	2	1	1	4	4	3	3	4	4	1	1	6	6	2	2	1	1	4	4	5	5	2	2	2	2	4	4	3	3	2	2	4	4	1	1	2	2	2	2	2	2	1	1	1	1
IND00076	2	2	16	16	1	1	1	1	2	2	3	3	7	7	9	9	1	1	1	1	4	4	4	4	1	1	8	8	2	2	1	1	1	1	2	2	3	3	2	2	2	2	4	4	2	2	2	2	1	1	1	1	6	6	6	6	3	3	4	4	20	20	16	16	2	2	1	1	2	2	4	4	1	1	2	2	2	2	6	6	2	2	2	2	2	2	1	1	1	1	1	1	3	3	5	5	1	1	4	4	3	3	4	4	1	1	1	1	4	4	1	1	4	4	2	2	2	2	1	1	2	2	1	1	5	5	4	4	4	4	4	4	1	1	3	3	4	4	3	3	2	2	1	1	2	2	1	1	4	4	7	7	1	1	1	1	5	5	1	1	1	1	2	2	4	4	4	4	2	2	1	1	1	1	2	2	3	3	4	4	1	1	2	2
IND00077	8	8	1	1	1	1	2	2	1	1	1	1	22	22	23	23	2	2	1	1	4	4	2	2	6	6	3	3	1	1	1	1	4	4	4	4	2	2	3	3	8	8	2	2	2	2	1	1	2	2	1	1	13	13	9	9	7	7	1	1	11	11	29	29	1	1	2	2	1	1	1	1	4	4	3	3	4	4	5	5	1	1	1	1	2	2	4	4	1	1	1	1	7	7	8	8	58	58	1	1	4	4	3	3	2	2	1	1	3	3	2	2	1	1	3	3	1	1	1	1	1	1	1	1	6	6	7	7	4	4	4	4	2	2	3	3	4	4	3	3	1	1	4	4	2	2	4	4	3	3	8	8	1	1	2	2	3	3	3	3	2	2	1	1	1	1	1	1	2	2	3	3	2	2	2	2	3	3	3	3	2	2	2	2
IND00078	9	9	14	14	1	1	4	4	2	2	2	2	4	4	31	31	2	2	1	1	1	1	2	2	7	7	3	3	1	1	1	1	3	3	4	4	1	1	1	1	1	1	5	5	2	2	2	2	2	2	1	1	10	10	3	3	1	1	3	3	19	19	11	11	1	1	1	1	2	2	3	3	1	1	1	1	6	6	7	7	1	1	2	2	4	4	1	1	1	1	2	2	6	6	2	2	43	43	28	28	4	4	3	3	1	1	1	1	3	3	2	2	4	4	3	3	1	1	1	1	2	2	1	1	4	4	1	1	3	3	3	3	2	2	1	1	4	4	3	3	4	4	2	2	3	3	2	2	6	6	1	1	2	2	2	2	5	5	8	8	1	1	2	2	2	2	3	3	2	2	3	3	1	1	1	1	3	3	3	3	1	1	1	1
IND00079	12	12	16	16	3	3	4	4	3	3	3	3	27	27	27	27	1	1	1	1	4	4	2	2	6	6	3	3	1	1	1	1	4	4	4	4	3	3	2	2	7	7	1	1	2	2	1	1	2	2	2	2	9	9	15	15	6	6	8	8	31	31	23	23	1	1	2	2	3	3	1	1	2	2	1	1	1	1	3	3	1	1	2	2	4	4	4	4	1	1	1	1	5	5	5	5	21	21	57	57	4	4	1	1	1	1	2	2	4	4	2	2	4	4	3	3	1	1	2	2	1	1	1	1	3	3	8	8	2	2	4	4	4	4	3	3	3	3	2	2	3	3	2	2	4	4	3	3	7	7	8	8	2	2	1	1	5	5	4	4	2	2	1	1	4	4	4	4	4	4	2	2	2	2	1	1	3	3	3	3	1	1	1	1
IND00080	12	12	11	11	3	3	2	2	2	2	4	4	9	9	21	21	2	2	1	1	3	3	3	3	8	8	4	4	1	1	2	2	1	1	4	4	1	1	2	2	6	6	8	8	2	2	2	2	2	2	1	1	8	8	3	3	3	3	1	1	30	30	19	19	2	2	2	2	3	3	2	2	1	1	1	1	3	3	7	7	1	1	2	2	1	1	1	1	2	2	2	2	4	4	4	4	56	56	25	25	1	1	3	3	2	2	2	2	1	1	3	3	2	2	2	2	2	2	2	2	2	2	2	2	7	7	7	7	1	1	4	4	2	2	3	3	4	4	1	1	1	1	2	2	2	2	2	2	1	1	6	6	1	1	2	2	4	4	7	7	1	1	1	1	1	1	3	3	3	3	4	4	2	2	1	1	1	1	3	3	2	2	1	1
IND00081	14	14	16	16	2	2	1	1	2	2	4	4	3	3	26	26	2	2	1	1	2	2	2	2	2	2	5	5	1	1	2	2	3	3	3	3	2	2	4	4	5	5	4	4	1	1	2	2	2	2	1	1	4	4	11	11	3	3	4	4	5	5	25	25	2	2	1	1	4	4	1	1	1	1	2	2	7	7	6	6	2	2	2	2	2	2	2	2	1	1	1	1	7	7	7	7	44	44	27	27	2	2	1	1	2	2	1	1	3	3	3	3	2	2	4	4	2	2	1	1	2	2	2	2	5	5	6	6	3	3	1	1	2	2	3	3	1	1	4	4	4	4	2	2	3	3	3	3	2	2	8	8	1	1	2	2	6	6	7	7	1	1	2	2	1	1	2	2	3	3	4	4	2	2	2	2	1	1	3	3	1	1	2	2
IND00082	15	15	3	3	1	1	3	3	4	4	2	2	12	12	2	2	1	1	2	2	3	3	3	3	5	5	7	7	1	1	1	1	4	4	2	2	3	3	2	2	3	3	4	4	2	2	1	1	1	1	1	1	2	2	5	5	5	5	4	4	6	6	5	5	2	2	1	1	4	4	1	1	2	2	3	3	8	8	7	7	1	1	1	1	4	4	3	3	2	2	1	1	6	6	7	7	20	20	60	60	4	4	3	3	1	1	2	2	4	4	1	1	4	4	3	3	1	1	2	2	1	1	2	2	4	4	5	5	3	3	1	1	1	1	2	2	1	1	4	4	1	1	3	3	4	4	2	2	6	6	7	7	2	2	2	2	1	1	7	7	2	2	2	2	4	4	3	3	2	2	4	4	1	1	2	2	2	2	4	4	2	2	1	1
IND00083	7	7	4	4	1	1	4	4	2	2	1	1	31	31	3	3	1	1	1	1	1	1	4	4	3	3	5	5	2	2	2	2	1	1	4	4	1	1	2	2	4	4	7	7	1	1	1	1	2	2	1	1	7	7	5	5	3	3	1	1	17	17	10	10	1	1	1	1	4	4	2	2	2	2	1	1	3	3	7	7	1	1	1	1	2	2	3	3	1	1	1	1	3	3	2	2	29	29	15	15	4	4	4	4	1	1	1	1	4	4	3	3	4	4	1	1	2	2	2	2	1	1	1	1	6	6	2	2	3	3	2	2	3	3	3	3	1	1	4	4	3	3	1	1	4	4	1	1	6	6	7	7	2	2	1	1	3	3	4	4	1	1	2	2	1	1	2	2	1	1	2	2	2	2	1	1	3	3	3	3	1	1	2	2
IND00084	13	13	15	15	4	4	1	1	4	4	4	4	6	6	10	10	2	2	1	1	4	4	2	2	5	5	6	6	1	1	2	2	4	4	1	1	1	1	1	1	2	2	1	1	2	2	2	2	1	1	1	1	12	12	10	10	4	4	4	4	19	19	6	6	1	1	2	2	2	2	2	2	3	3	4	4	2	2	7	7	1	1	1	1	4	4	3	3	2	2	1	1	1	1	4	4	24	24	35	35	2	2	3	3	2	2	1	1	4	4	3	3	4	4	1	1	2	2	1	1	1	1	1	1	7	7	3	3	2	2	1	1	2	2	2	2	3	3	1	1	3	3	2	2	2	2	3	3	7	7	1	1	1	1	1	1	2	2	7	7	1	1	2	2	3	3	1	1	1	1	4	4	1	1	2	2	4	4	2	2	2	2	1	1
IND00085	5	5	6	6	4	4	2	2	1	1	1	1	14	14	10	10	2	2	2	2	4	4	2	2	1	1	7	7	2	2	2	2	2	2	4	4	1	1	3	3	5	5	8	8	2	2	1	1	1	1	2	2	5	5	4	4	8	8	4	4	3	3	31	31	2	2	2	2	1	1	3	3	2	2	3	3	1	1	8	8	1	1	2	2	1	1	2	2	2	2	2	2	2	2	6	6	24	24	27	27	1	1	2	2	2	2	1	1	4	4	3	3	4	4	3	3	1	1	2	2	2	2	1	1	1	1	3	3	4	4	2	2	4	4	3	3	3	3	2	2	1	1	2	2	4	4	3	3	6	6	4	4	1	1	1	1	1	1	8	8	2	2	1	1	1	1	2	2	3	3	4	4	2	2	1	1	1	1	1	1	2	2	1	1
IND00086	9	9	13	13	3	3	2	2	2	2	3	3	11	11	24	24	1	1	2	2	4	4	3	3	6	6	1	1	1	1	1	1	3	3	2	2	3	3	1	1	6	6	7	7	2	2	2	2	1	1	2	2	15	15	14	14	4	4	7	7	7	7	6	6	1	1	2	2	2	2	3	3	1	1	1	1	7	7	1	1	1	1	1	1	1	1	4	4	2	2	2	2	8	8	3	3	26	26	45	45	3	3	2	2	1	1	2	2	1	1	4	4	2	2	3	3	2	2	1	1	2	2	2	2	5	5	7	7	4	4	2	2	1	1	4	4	2	2	4	4	4	4	2	2	1	1	1	1	2	2	2	2	1	1	2	2	4	4	8	8	1	1	1	1	1	1	1	1	4	4	2	2	2	2	1	1	3	3	2	2	1	1	2	2
IND00087	10	10	14	14	3	3	4	4	4	4	3	3	25	25	20	20	2	2	2	2	4	4	2	2	3	3	3	3	1	1	2	2	2	2	4	4	3	3	1	1	3	3	1	1	2	2	1	1	2	2	2	2	6	6	7	7	1	1	5	5	32	32	10	10	1	1	2	2	1	1	4	4	2	2	1	1	5	5	6	6	1	1	2	2	3	3	2	2	1	1	1	1	3	3	1	1	6	6	57	57	4	4	1	1	1	1	1	1	1	1	4	4	2	2	2	2	2	2	1	1	2	2	2	2	4	4	4	4	1	1	2	2	4	4	1	1	2	2	1	1	1	1	1	1	2	2	1	1	8	8	6	6	1	1	2	2	8	8	5	5	2	2	2	2	2	2	1	1	2	2	4	4	1	1	1	1	2	2	1	1	2	2	1	1
IND00088	2	2	1	1	4	4	4	4	4	4	4	4	31	31	21	21	2	2	1	1	3	3	3	3	7	7	4	4	2	2	2	2	2	2	1	1	4	4	3	3	1	1	5	5	2	2	2	2	2	2	1	1	6	6	13	13	8	8	8	8	13	13	4	4	1	1	1	1	3	3	3	3	3	3	4	4	2	2	7	7	2	2	2	2	3	3	3	3	2	2	1	1	5	5	5	5	47	47	37	37	2	2	3	3	1	1	2	2	2	2	2	2	1	1	3	3	1	1	1	1	1	1	1	1	2	2	6	6	4	4	1	1	2	2	2	2	3	3	1	1	1	1	4	4	4	4	1	1	3	3	8	8	1	1	2	2	3	3	6	6	2	2	1	1	3	3	4	4	3	3	1	1	2	2	2	2	2	2	3	3	1	1	1	1
IND00089	5	5	14	14	3	3	3	3	1	1	3	3	11	11	20	20	1	1	1	1	3	3	3	3	1	1	1	1	1	1	2	2	1	1	3	3	1	1	1	1	6	6	5	5	1	1	1	1	2	2	2	2	3	3	4	4	4	4	2	2	15	15	24	24	1	1	2	2	1	1	3	3	3	3	3	3	4	4	4	4	1	1	1	1	1	1	1	1	1	1	1	1	6	6	2	2	31	31	39	39	2	2	4	4	2	2	1	1	2	2	1	1	4	4	2	2	2	2	1	1	2	2	1	1	3	3	1	1	4	4	3	3	1	1	4	4	4	4	1	1	3	3	4	4	1	1	4	4	4	4	5	5	1	1	1	1	7	7	7	7	1	1	2	2	2	2	4	4	1	1	4	4	1	1	2	2	1	1	3	3	1	1	1	1
IND00090	2	2	1	1	1	1	1	1	4	4	4	4	13	13	21	21	1	1	2	2	4	4	4	4	6	6	3	3	1	1	1	1	4	4	4	4	3	3	2	2	7	7	3	3	1	1	1	1	1	1	1	1	8	8	5	5	1	1	7	7	9	9	32	32	2	2	1	1	2	2	2	2	4	4	3	3	1	1	5	5	1	1	2	2	3	3	1	1	1	1	2	2	8	8	8	8	50	50	35	35	3	3	2	2	1	1	1	1	3	3	3	3	2	2	3	3	1	1	1	1	2	2	1	1	2	2	2	2	1	1	1	1	1	1	4	4	4	4	3	3	2	2	2	2	1	1	3	3	7	7	4	4	2	2	1	1	7	7	2	2	1	1	1	1	3	3	4	4	3	3	2	2	2	2	1	1	3	3	4	4	2	2	2	2
IND00091	9	9	15	15	4	4	2	2	4	4	4	4	23	23	8	8	2	2	1	1	4	4	3	3	8	8	3	3	2	2	1	1	3	3	3	3	2	2	4	4	3	3	7	7	1	1	2	2	1	1	1	1	7	7	7	7	7	7	3	3	28	28	21	21	2	2	2	2	3	3	3	3	2	2	4	4	8	8	6	6	2	2	2	2	1	1	1	1	2	2	1	1	6	6	5	5	59	59	3	3	4	4	1	1	2	2	2	2	2	2	4	4	4	4	3	3	2	2	1	1	2	2	1	1	6	6	4	4	4	4	1	1	2	2	2	2	2	2	3	3	3	3	4	4	3	3	3	3	2	2	8	8	1	1	1	1	6	6	5	5	2	2	1	1	3	3	1	1	3	3	4	4	1	1	1	1	2	2	2	2	2	2	2	2
IND00092	8	8	3	3	4	4	4	4	4	4	4	4	8	8	8	8	2	2	2	2	2	2	3	3	3	3	1	1	2	2	2	2	4	4	2	2	2	2	4	4	6	6	7	7	2	2	1	1	1	1	2	2	16	16	12	12	4	4	2	2	5	5	1	1	1	1	1	1	1	1	2	2	1	1	1	1	2	2	1	1	2	2	1	1	1	1	2	2	2	2	2	2	4	4	2	2	58	58	24	24	2	2	1	1	2	2	1	1	4	4	3	3	4	4	4	4	2	2	1	1	1	1	2	2	4	4	7	7	3	3	4	4	2	2	1	1	1	1	1	1	1	1	3	3	3	3	1	1	7	7	3	3	1	1	2	2	8	8	8	8	2	2	1	1	2	2	1	1	2	2	2	2	2	2	2	2	3	3	4	4	2	2	1	1
IND00093	16	16	15	15	4	4	2	2	2	2	1	1	2	2	15	15	1	1	1	1	2	2	4	4	6	6	8	8	2	2	1	1	4	4	4	4	3	3	2	2	6	6	7	7	1	1	1	1	2	2	1	1	3	3	9	9	3	3	5	5	22	22	25	25	2	2	1	1	2	2	3	3	1	1	4	4	2	2	3	3	1	1	1	1	3	3	1	1	1	1	2	2	8	8	2	2	19	19	2	2	3	3	1	1	2	2	1	1	3	3	1	1	2	2	2	2	2	2	2	2	1	1	2	2	7	7	1	1	2	2	1	1	2	2	4	4	1	1	4	4	2	2	2	2	1	1	3	3	7	7	8	8	1	1	2	2	3	3	8	8	1	1	1	1	1	1	1	1	2	2	2	2	2	2	1	1	1	1	2	2	1	1	1	1
IND00094	3	3	16	16	1	1	3	3	1	1	3	3	3	3	20	20	1	1	2	2	4	4	1	1	7	7	7	7	2	2	1	1	4	4	4	4	1	1	1	1	2	2	4	4	2	2	2	2	1	1	1	1	12	12	11	11	1	1	8	8	17	17	17	17	2	2	1	1	2	2	3	3	1	1	3	3	8	8	8	8	1	1	2	2	1	1	3	3	2	2	1	1	3	3	3	3	22	22	20	20	2	2	3	3	1	1	1	1	3	3	1	1	3	3	4	4	1	1	2	2	1	1	2	2	1	1	4	4	2	2	4	4	4	4	1	1	3	3	4	4	1	1	2	2	1	1	4	4	4	4	2	2	2	2	1	1	2	2	3	3	1	1	2	2	4	4	3	3	3	3	2	2	1	1	2	2	2	2	4	4	1	1	1	1
IND00095	8	8	2	2	2	2	3	3	1	1	2	2	31	31	7	7	1	1	2	2	3	3	2	2	2	2	1	1	2	2	2	2	3	3	2	2	3	3	3	3	7	7	1	1	1	1	1	1	1	1	2	2	2	2	3	3	6	6	6	6	1	1	12	12	2	2	1	1	3	3	1	1	3	3	3	3	8	8	8	8	2	2	1	1	4	4	4	4	2	2	2	2	8	8	5	5	61	61	62	62	1	1	4	4	1	1	1	1	3	3	4	4	2	2	4	4	1	1	2	2	2	2	1	1	7	7	2	2	4	4	4	4	3	3	1	1	2	2	1	1	1	1	3	3	4	4	4	4	7	7	2	2	1	1	2	2	5	5	2	2	1	1	1	1	1	1	3	3	2	2	4	4	2	2	1	1	1	1	2	2	2	2	1	1
IND00096	4	4	8	8	4	4	4	4	3	3	2	2	6	6	3	3	1	1	1	1	4	4	2	2	2	2	7	7	1	1	2	2	1	1	4	4	1	1	3	3	8	8	4	4	2	2	2	2	2	2	2	2	11	11	4	4	5	5	5	5	1	1	15	15	2	2	2	2	3	3	4	4	1	1	1	1	7	7	5	5	2	2	2	2	3	3	4	4	1	1	2	2	2	2	1	1	64	64	40	40	1	1	4	4	2	2	1	1	2	2	1	1	1	1	2	2	2	2	1	1	1	1	2	2	2	2	7	7	2	2	4	4	3	3	4	4	2	2	4	4	3	3	1	1	4	4	4	4	1	1	5	5	1	1	1	1	1	1	7	7	1	1	1	1	4	4	4	4	2	2	3	3	1	1	1	1	1	1	4	4	2	2	1	1
IND00097	15	15	6	6	3	3	1	1	3	3	4	4	27	27	13	13	1	1	1	1	4	4	1	1	2	2	4	4	2	2	2	2	4	4	2	2	4	4	2	2	7	7	1	1	1	1	1	1	1	1	2	2	9	9	8	8	2	2	7	7	11	11	19	19	2	2	2	2	1	1	3	3	2	2	2	2	6	6	5	5	2	2	2	2	4	4	3	3	2	2	1	1	5	5	8	8	27	27	60	60	1	1	3	3	2	2	1	1	4	4	3	3	1	1	4	4	1	1	1	1	1	1	2	2	6	6	3	3	2	2	1	1	4	4	4	4	2	2	1	1	3	3	3	3	1	1	1	1	1	1	7	7	2	2	1	1	7	7	5	5	1	1	1	1	2	2	1	1	4	4	3	3	1	1	1	1	2	2	1	1	1	1	2	2
IND00098	14	14	5	5	4	4	1	1	2	2	1	1	12	12	5	5	1	1	2	2	3	3	2	2	7	7	3	3	2	2	2	2	2	2	1	1	3	3	3	3	8	8	4	4	2	2	1	1	2	2	2	2	12	12	7	7	6	6	2	2	22	22	27	27	2	2	1	1	1	1	3	3	1	1	4	4	1	1	1	1	1	1	1	1	4	4	3	3	2	2	1	1	1	1	6	6	46	46	33	33	2	2	4	4	2	2	1	1	3	3	3	3	4	4	2	2	2	2	2	2	2	2	1	1	3	3	4	4	1	1	4	4	2	2	2	2	3	3	3	3	2	2	3	3	1	1	3	3	8	8	2	2	2	2	1	1	7	7	8	8	1	1	1	1	3	3	4	4	1	1	4	4	1	1	1	1	3	3	3	3	2	2	1	1
IND00099	5	5	7	7	1	1	4	4	4	4	2	2	2	2	26	26	1	1	1	1	3	3	3	3	8	8	6	6	1	1	1	1	2	2	3	3	1	1	3	3	4	4	5	5	2	2	1	1	2	2	2	2	15	15	8	8	4	4	4	4	31	31	19	19	1	1	1	1	1	1	4	4	3	3	3	3	7	7	7	7	1	1	2	2	3	3	1	1	1	1	1	1	7	7	5	5	20	20	52	52	2	2	1	1	1	1	1	1	3	3	4	4	4	4	2	2	1	1	1	1	2	2	2	2	1	1	1	1	3	3	4	4	4	4	1	1	1	1	1	1	4	4	3	3	1	1	1	1	1	1	2	2	1	1	1	1	1	1	3	3	1	1	1	1	1	1	2	2	3	3	1	1	1	1	2	2	4	4	3	3	2	2	1	1
IND00100	8	8	15	15	4	4	1	1	3	3	4	4	13	13	26	26	1	1	1	1	3	3	3	3	5	5	8	8	2	2	2	2	2	2	4	4	4	4	2	2	2	2	1	1	2	2	1	1	1	1	1	1	9	9	7	7	2	2	8	8	12	12	20	20	2	2	2	2	1	1	4	4	3	3	2	2	5	5	7	7	2	2	1	1	2	2	3	3	1	1	2	2	6	6	1	1	18	18	61	61	2	2	1	1	1	1	2	2	4	4	4	4	3	3	3	3	1	1	2	2	2	2	2	2	7	7	1	1	3	3	1	1	3	3	2	2	3	3	2	2	3	3	4	4	1	1	2	2	4	4	5	5	2	2	2	2	8	8	8	8	1	1	1	1	3	3	3	3	2	2	4	4	1	1	2	2	2	2	1	1	1	1	2	2
IND00101	1	1	12	12	1	1	1	1	2	2	4	4	28	28	8	8	2	2	1	1	2	2	1	1	3	3	6	6	2	2	2	2	4	4	2	2	4	4	4	4	6	6	5	5	1	1	1	1	2	2	2	2	4	4	16	16	2	2	8	8	26	26	32	32	1	1	2	2	4	4	1	1	1	1	2	2	6	6	7	7	1	1	1	1	2	2	3	3	1	1	2	2	2	2	2	2	24	24	40	40	2	2	3	3	2	2	2	2	3	3	1	1	3	3	4	4	2	2	1	1	2	2	1	1	1	1	2	2	3	3	3	3	2	2	2	2	3	3	2	2	2	2	2	2	3	3	4	4	1	1	5	5	1	1	1	1	4	4	1	1	2	2	1	1	2	2	3	3	3	3	3	3	2	2	2	2	3	3	1	1	2	2	2	2
IND00102	2	2	13	13	3	3	2	2	2	2	4	4	21	21	20	20	2	2	2	2	4	4	3	3	3	3	4	4	2	2	1	1	1	1	4	4	3	3	3	3	2	2	6	6	1	1	2	2	1	1	2	2	7	7	11	11	3	3	7	7	9	9	3	3	1	1	1	1	1	1	2	2	4	4	4	4	8	8	1	1	1	1	1	1	4	4	3	3	1	1	1	1	6	6	4	4	1	1	7	7	3	3	2	2	1	1	1	1	2	2	1	1	1	1	1	1	2	2	1	1	2	2	1	1	5	5	7	7	4	4	4	4	4	4	1	1	1	1	3	3	1	1	1	1	1	1	3	3	2	2	1	1	1	1	2	2	4	4	8	8	1	1	2	2	2	2	3	3	1	1	2	2	1	1	2	2	4	4	3	3	2	2	1	1
IND00103	7	7	1	1	4	4	3	3	2	2	3	3	12	12	11	11	1	1	2	2	2	2	4	4	1	1	6	6	1	1	2	2	1	1	2	2	2	2	1	1	2	2	5	5	1	1	2	2	1	1	2	2	1	1	10	10	2	2	6	6	17	17	25	25	2	2	1	1	1	1	4	4	1	1	2	2	3	3	4	4	2	2	2	2	4	4	1	1	1	1	2	2	4	4	2	2	8	8	21	21	2	2	1	1	2	2	2	2	4	4	2	2	1	1	4	4	1	1	2	2	2	2	2	2	1	1	7	7	1	1	4	4	3	3	3	3	3	3	4	4	4	4	4	4	3	3	3	3	2	2	4	4	2	2	2	2	2	2	8	8	2	2	2	2	4	4	1	1	4	4	1	1	1	1	2	2	2	2	1	1	1	1	1	1
IND00104	4	4	8	8	4	4	2	2	2	2	4	4	31	31	18	18	1	1	1	1	4	4	3	3	3	3	7	7	2	2	2	2	2	2	4	4	3	3	4	4	3	3	2	2	1	1	2	2	1	1	1	1	4	4	15	15	2	2	8	8	4	4	25	25	1	1	1	1	3	3	4	4	1	1	3	3	5	5	1	1	2	2	2	2	2	2	4	4	2	2	1	1	5	5	5	5	60	60	18	18	1	1	4	4	2	2	2	2	3	3	3	3	4	4	1	1	1	1	2	2	2	2	2	2	5	5	8	8	2	2	4	4	3	3	1	1	2	2	3	3	2	2	3	3	1	1	2	2	2	2	2	2	2	2	1	1	6	6	7	7	1	1	2	2	3	3	1	1	4	4	1	1	2	2	2	2	3	3	2	2	2	2	2	2
IND00105	5	5	12	12	1	1	4	4	4	4	4	4	19	19	17	17	1	1	2	2	4	4	1	1	7	7	1	1	2	2	2	2	4	4	3	3	1	1	2	2	8	8	6	6	2	2	2	2	1	1	2	2	9	9	10	10	6	6	8	8	14	14	20	20	1	1	2	2	1	1	4	4	2	2	2	2	1	1	2	2	2	2	1	1	4	4	1	1	2	2	2	2	8	8	5	5	26	26	17	17	3	3	4	4	1	1	1	1	3	3	1	1	1	1	1	1	1	1	1	1	1	1	1	1	8	8	7	7	4	4	3	3	2	2	3	3	4	4	1	1	1	1	1	1	1	1	1	1	6	6	2	2	2	2	2	2	4	4	2	2	1	1	2	2	2	2	2	2	4	4	3	3	2	2	2	2	2	2	3	3	1	1	2	2
IND00106	14	14	10	10	3	3	2	2	3	3	3	3	17	17	24	24	2	2	1	1	2	2	3	3	5	5	3	3	1	1	2	2	2	2	1	1	3	3	2	2	2	2	2	2	1	1	2	2	1	1	1	1	14	14	9	9	6	6	5	5	23	23	22	22	2	2	1	1	2	2	3	3	3	3	1	1	5	5	2	2	1	1	1	1	3	3	2	2	1	1	2	2	3	3	1	1	30	30	13	13	3	3	3	3	2	2	2	2	4	4	2	2	1	1	3	3	2	2	2	2	1	1	2	2	8	8	7	7	3	3	3	3	1	1	3	3	4	4	2	2	1	1	3	3	4	4	4	4	6	6	7	7	1	1	2	2	1	1	2	2	1	1	2	2	2	2	4	4	1	1	1	1	2	2	2	2	1	1	2	2	1	1	1	1
IND00107	7	7	7	7	4	4	3	3	2	2	4	4	16	16	16	16	2	2	1	1	3	3	1	1	2	2	5	5	2	2	1	1	4	4	1	1	1	1	3	3	5	5	1	1	1	1	1	1	2	2	1	1	1	1	6	6	3	3	4	4	2	2	12	12	2	2	2	2	4	4	3	3	1	1	4	4	6	6	6	6	1	1	2	2	2	2	4	4	2	2	1	1	4	4	7	7	36	36	48	48	1	1	3	3	2	2	1	1	1	1	1	1	4	4	2	2	1	1	2	2	1	1	1	1	7	7	8	8	3	3	3	3	1	1	1	1	4	4	4	4	1	1	4	4	1	1	1	1	8	8	7	7	1	1	1	1	5	5	2	2	2	2	2	2	1	1	2	2	1	1	3	3	2	2	2	2	1	1	2	2	2	2	1	1
IND00108	12	12	8	8	4	4	2	2	1	1	2	2	28	28	28	28	2	2	2	2	3	3	3	3	4	4	2	2	2	2	1	1	3	3	3	3	2	2	3	3	7	7	1	1	1	1	1	1	2	2	1	1	14	14	7	7	1	1	7	7	13	13	15	15	2	2	1	1	2	2	1	1	2	2	2	2	8	8	7	7	1	1	1	1	4	4	2	2	2	2	2	2	7	7	3	3	58	58	46	46	1	1	1	1	1	1	2	2	3	3	1	1	1	1	3	3	1	1	2	2	1	1	1	1	3	3	2	2	1	1	3	3	3	3	3	3	2	2	4	4	2	2	3	3	2	2	3	3	2	2	4	4	2	2	1	1	3	3	3	3	1	1	2	2	3	3	1	1	4	4	2	2	1	1	2	2	4	4	1	1	1	1	2	2
IND00109	14	14	9	9	3	3	3	3	4	4	3	3	16	16	1	1	2	2	1	1	2	2	1	1	6	6	7	7	1	1	2	2	4	4	1	1	3	3	4	4	2	2	6	6	2	2	1	1	1	1	2	2	7	7	13	13	3	3	4	4	15	15	6	6	2	2	1	1	2	2	4	4	1	1	2	2	7	7	3	3	1	1	1	1	4	4	4	4	2	2	1	1	4	4	8	8	23	23	41	41	2	2	1	1	1	1	1	1	3	3	4	4	1	1	3	3	2	2	2	2	2	2	2	2	3	3	7	7	2	2	3	3	3	3	3	3	3	3	2	2	4	4	1	1	2	2	1	1	5	5	8	8	1	1	2	2	6	6	1	1	1	1	2	2	3	3	2	2	3	3	3	3	2	2	2	2	1	1	3	3	2	2	1	1
IND00110	6	6	16	16	2	2	1	1	2	2	2	2	5	5	30	30	1	1	2	2	3	3	4	4	7	7	6	6	2	2	2	2	3	3	2	2	3	3	3	3	3	3	7	7	2	2	2	2	2	2	2	2	2	2	14	14	5	5	4	4	31	31	16	16	1	1	1	1	4	4	1	1	1	1	3	3	8	8	2	2	1	1	2	2	3	3	2	2	2	2	2	2	4	4	2	2	3	3	17	17	4	4	2	2	1	1	1	1	3	3	1	1	3	3	3	3	1	1	1	1	1	1	2	2	6	6	1	1	2	2	4	4	3	3	1	1	1	1	1	1	4	4	3	3	3	3	3	3	1	1	5	5	1	1	2	2	7	7	7	7	1	1	2	2	2	2	2	2	4	4	2	2	1	1	2	2	1	1	4	4	1	1	1	1
IND00111	6	6	1	1	2	2	3	3	1	1	4	4	32	32	4	4	2	2	1	1	2	2	3	3	6	6	7	7	1	1	1	1	3	3	1	1	3	3	2	2	6	6	3	3	1	1	1	1	1	1	2	2	3	3	13	13	5	5	3	3	25	25	15	15	2	2	1	1	1	1	4	4	2	2	1	1	7	7	7	7	2	2	2	2	2	2	3	3	2	2	1	1	2	2	5	5	41	41	49	49	3	3	1	1	1	1	1	1	3	3	3	3	3	3	3	3	1	1	2	2	1	1	1	1	5	5	2	2	3	3	1	1	2	2	1	1	4	4	2	2	4	4	3	3	4	4	4	4	4	4	5	5	2	2	1	1	8	8	6	6	2	2	2	2	4	4	2	2	3	3	1	1	1	1	2	2	1	1	2	2	1	1	1	1
IND00112	9	9	5	5	3	3	2	2	3	3	1	1	32	32	3	3	2	2	1	1	3	3	3	3	3	3	6	6	2	2	2	2	3	3	3	3	2	2	4	4	5	5	7	7	1	1	1	1	2	2	1	1	4	4	2	2	5	5	8	8	26	26	1	1	1	1	1	1	4	4	1	1	1	1	3	3	3	3	4	4	1	1	2	2	2	2	4	4	2	2	2	2	1	1	2	2	9	9	54	54	2	2	2	2	2	2	1	1	3	3	1	1	3	3	4	4	2	2	2	2	1	1	2	2	8	8	8	8	2	2	3	3	1	1	2	2	3	3	4	4	1	1	2	2	1	1	4	4	6	6	5	5	2	2	1	1	6	6	1	1	2	2	2	2	4	4	4	4	2	2	3	3	2	2	1	1	1	1	2	2	2	2	2	2
IND00113	2	2	1	1	4	4	2	2	2	2	4	4	31	31	28	28	2	2	1	1	4	4	3	3	3	3	5	5	1	1	2	2	1	1	3	3	4	4	2	2	6	6	1	1	1	1	2	2	1	1	1	1	11	11	3	3	6	6	1	1	3	3	17	17	2	2	1	1	4	4	3	3	1	1	1	1	2	2	8	8	2	2	1	1	2	2	2	2	2	2	1	1	2	2	2	2	6	6	39	39	1	1	2	2	1	1	2	2	3	3	3	3	3	3	2	2	1	1	1	1	1	1	2	2	3	3	8	8	2	2	1	1	2	2	3	3	2	2	4	4	3	3	2	2	3	3	4	4	5	5	1	1	2	2	2	2	3	3	6	6	1	1	2	2	2	2	3	3	1	1	3	3	2	2	1	1	1	1	2	2	1	1	1	1
IND00114	2	2	5	5	3	3	2	2	4	4	3	3	28	28	1	1	2	2	1	1	3	3	1	1	8	8	5	5	1	1	1	1	1	1	1	1	2	2	1	1	6	6	3	3	1	1	2	2	2	2	2	2	14	14	13	13	8	8	7	7	27	27	19	19	2	2	2	2	2	2	1	1	2	2	4	4	1	1	1	1	1	1	1	1	2	2	1	1	1	1	2	2	5	5	2	2	40	40	55	55	2	2	1	1	2	2	2	2	3	3	2	2	2	2	4	4	2	2	1	1	1	1	1	1	7	7	8	8	2	2	3	3	4	4	3	3	4	4	4	4	2	2	4	4	2	2	1	1	8	8	7	7	1	1	1	1	3	3	7	7	1	1	2	2	3	3	4	4	3	3	2	2	2	2	2	2	1	1	3	3	2	2	1	1
IND00115	3	3	6	6	2	2	1	1	1	1	4	4	12	12	9	9	1	1	2	2	1	1	2	2	3	3	8	8	2	2	1	1	4	4	1	1	2	2	2	2	6	6	7	7	1	1	2	2	1	1	1	1	6	6	12	12	4	4	6	6	15	15	26	26	2	2	2	2	3	3	3	3	3	3	4	4	7	7	1	1	2	2	1	1	3	3	2	2	2	2	2	2	2	2	5	5	29	29	54	54	1	1	4	4	1	1	1	1	1	1	4	4	3	3	3	3	2	2	2	2	1	1	2	2	7	7	6	6	1	1	1	1	2	2	1	1	2	2	2	2	1	1	4	4	4	4	1	1	1	1	6	6	2	2	2	2	8	8	6	6	1	1	1	1	1	1	1	1	3	3	1	1	1	1	2	2	4	4	4	4	2	2	1	1
IND00116	10	10	14	14	1	1	4	4	4	4	4	4	24	24	9	9	2	2	2	2	3	3	3	3	1	1	6	6	1	1	1	1	3	3	3	3	4	4	3	3	2	2	2	2	1	1	2	2	2	2	1	1	4	4	10	10	7	7	2	2	25	25	28	28	2	2	2	2	1	1	1	1	2	2	4	4	1	1	3	3	1	1	2	2	1	1	3	3	1	1	1	1	7	7	2	2	60	60	59	59	1	1	2	2	2	2	2	2	1	1	2	2	2	2	4	4	2	2	2	2	1	1	2	2	5	5	7	7	3	3	1	1	1	1	1	1	2	2	1	1	1	1	1	1	4	4	3	3	6	6	5	5	2	2	1	1	3	3	3	3	2	2	2	2	1	1	2	2	4	4	4	4	2	2	2	2	1	1	3	3	1	1	1	1
IND00117	5	5	3	3	1	1	1	1	3	3	3	3	29	29	11	11	2	2	2	2	3	3	2	2	8	8	6	6	2	2	2	2	4	4	1	1	2	2	4	4	3	3	6	6	2	2	1	1	1	1	1	1	2	2	10	10	3	3	7	7	5	5	1	1	1	1	2	2	3	3	4	4	1	1	3	3	6	6	2	2	2	2	2	2	4	4	1	1	1	1	2	2	1	1	3	3	60	60	17	17	3	3	4	4	2	2	1	1	2	2	2	2	2	2	1	1	2	2	1	1	2	2	1	1	2	2	2	2	2	2	1	1	2	2	3	3	3	3	3	3	4	4	1	1	1	1	2	2	3	3	1	1	1	1	2	2	7	7	5	5	2	2	2	2	1	1	4	4	4	4	4	4	1	1	2	2	4	4	4	4	1	1	1	1
IND00118	7	7	5	5	4	4	1	1	1	1	4	4	10	10	30	30	2	2	2	2	3	3	3	3	5	5	5	5	1	1	1	1	4	4	2	2	1	1	1	1	5	5	5	5	1	1	1	1	2	2	1	1	10	10	2	2	2	2	1	1	4	4	2	2	1	1	2	2	2	2	1	1	4	4	3	3	6	6	1	1	1	1	2	2	3	3	1	1	1	1	2	2	1	1	5	5	62	62	45	45	1	1	2	2	2	2	2	2	4	4	2	2	3	3	3	3	1	1	1	1	1	1	1	1	7	7	3	3	1	1	2	2	2	2	3	3	1	1	2	2	4	4	1	1	1	1	4	4	7	7	8	8	1	1	2	2	3	3	7	7	2	2	1	1	2	2	2	2	3	3	2	2	2	2	2	2	2	2	3	3	1	1	2	2
IND00119	3	3	8	8	1	1	2	2	3	3	1	1	3	3	9	9	1	1	2	2	2	2	1	1	6	6	8	8	2	2	1	1	2	2	1	1	1	1	2	2	6	6	7	7	1	1	2	2	2	2	2	2	9	9	12	12	7	7	3	3	14	14	25	25	1	1	1	1	1	1	4	4	2	2	2	2	5	5	3	3	2	2	2	2	2	2	2	2	2	2	2	2	8	8	6	6	43	43	35	35	3	3	1	1	1	1	1	1	1	1	3	3	4	4	4	4	2	2	2	2	2	2	2	2	6	6	6	6	4	4	1	1	3	3	1	1	4	4	4	4	3	3	3	3	1	1	1	1	3	3	5	5	2	2	2	2	5	5	3	3	2	2	2	2	3	3	4	4	1	1	1	1	2	2	2	2	3	3	4	4	1	1	1	1
IND00120	2	2	2	2	3	3	1	1	1	1	1	1	16	16	3	3	2	2	1	1	2	2	4	4	2	2	6	6	2	2	2	2	3	3	1	1	3	3	2	2	4	4	4	4	1	1	2	2	1	1	1	1	8	8	12	12	3	3	7	7	28	28	27	27	1	1	1	1	4	4	3	3	1	1	1	1	4	4	5	5	1	1	2	2	1	1	2	2	2	2	1	1	3	3	3	3	35	35	25	25	4	4	3	3	2	2	1	1	2	2	2	2	3	3	1	1	2	2	1	1	2	2	1	1	8	8	1	1	1	1	4	4	3	3	2	2	1	1	3	3	3	3	1	1	2	2	1	1	3	3	7	7	2	2	2	2	6	6	6	6	2	2	1	1	1	1	1	1	2	2	4	4	1	1	1	1	3	3	2	2	1	1	1	1
IND00121	11	11	9	9	1	1	2	2	3	3	4	4	28	28	18	18	2	2	1	1	4	4	3	3	3	3	1	1	1	1	2	2	1	1	2	2	3	3	3	3	1	1	1	1	2	2	2	2	2	2	2	2	1	1	14	14	4	4	2	2	1	1	30	30	2	2	1	1	4	4	4	4	4	4	4	4	8	8	3	3	1	1	2	2	1	1	2	2	1	1	1	1	3	3	8	8	30	30	61	61	2	2	3	3	1	1	1	1	3	3	2	2	2	2	1	1	1	1	1	1	1	1	2	2	8	8	7	7	3	3	2	2	4	4	1	1	2	2	1	1	1	1	1	1	3	3	1	1	8	8	1	1	2	2	2	2	6	6	5	5	2	2	2	2	2	2	4	4	1	1	1	1	2	2	1	1	4	4	4	4	1	1	1	1
IND00122	8	8	4	4	3	3	4	4	2	2	2	2	9	9	5	5	1	1	2	2	2	2	1	1	3	3	1	1	1	1	2	2	4	4	1	1	3	3	2	2	4	4	8	8	1	1	1	1	1	1	2	2	9	9	14	14	7	7	4	4	30	30	32	32	1	1	1	1	1	1	4	4	2	2	3	3	1	1	5	5	1	1	2	2	4	4	3	3	1	1	2	2	5	5	5	5	45	45	50	50	4	4	3	3	1	1	2	2	3	3	2	2	2	2	2	2	2	2	1	1	1	1	1	1	2	2	2	2	2	2	2	2	4	4	3	3	3	3	4	4	2	2	4	4	2	2	3	3	6	6	4	4	2	2	2	2	5	5	2	2	2	2	1	1	4	4	2	2	4	4	1	1	1	1	1	1	4	4	4	4	1	1	2	2
IND00123	16	16	6	6	2	2	3	3	4	4	3	3	28	28	24	24	2	2	1	1	3	3	2	2	5	5	3	3	1	1	1	1	4	4	2	2	1	1	4	4	7	7	5	5	1	1	1	1	2	2	1	1	1	1	13	13	3	3	8	8	26	26	24	24	1	1	1	1	2	2	1	1	1	1	4	4	4	4	6	6	1	1	2	2	4	4	2	2	2	2	2	2	1	1	6	6	17	17	52	52	3	3	2	2	2	2	2	2	4	4	2	2	3	3	4	4	1	1	1	1	2	2	2	2	6	6	5	5	1	1	4	4	3	3	4	4	1	1	2	2	2	2	1	1	4	4	4	4	4	4	7	7	2	2	2	2	2	2	7	7	2	2	1	1	1	1	2	2	4	4	3	3	2	2	2	2	1	1	2	2	2	2	2	2
IND00124	2	2	7	7	3	3	1	1	4	4	1	1	17	17	26	26	1	1	1	1	1	1	4	4	2	2	5	5	1	1	1	1	1	1	1	1	1	1	1	1	7	7	6	6	1	1	1	1	1	1	1	1	12	12	1	1	6	6	5	5	29	29	12	12	2	2	1	1	1	1	4	4	4	4	2	2	7	7	1	1	2	2	2	2	3	3	3	3	2	2	2	2	3	3	2	2	22	22	23	23	3	3	1	1	1	1	1	1	1	1	4	4	3	3	4	4	1	1	1	1	2	2	2	2	1	1	2	2	1	1	3	3	3	3	4	4	2	2	3	3	2	2	3	3	3	3	3	3	3	3	2	2	2	2	2	2	3	3	6	6	2	2	2	2	4	4	3	3	2	2	4	4	2	2	1	1	3	3	1	1	2	2	2	2
IND00125	5	5	9	9	3	3	1	1	4	4	3	3	22	22	29	29	2	2	1	1	4	4	2	2	3	3	8	8	1	1	1	1	3	3	2	2	1	1	2	2	3	3	3	3	2	2	2	2	1	1	2	2	5	5	11	11	1	1	3	3	4	4	29	29	1	1	1	1	4	4	4	4	2	2	2	2	4	4	6	6	2	2	1	1	4	4	1	1	2	2	1	1	1	1	3	3	37	37	6	6	2	2	1	1	1	1	2	2	4	4	3	3	1	1	4	4	1	1	1	1	1	1	2	2	2	2	3	3	3	3	1	1	1	1	3	3	2	2	3	3	3	3	2	2	1	1	3	3	5	5	8	8	2	2	2	2	6	6	1	1	2	2	2	2	2	2	4	4	3	3	3	3	1	1	1	1	4	4	2	2	1	1	1	1
IND00126	12	12	4	4	1	1	2	2	4	4	4	4	32	32	8	8	1	1	2	2	2	2	3	3	1	1	2	2	2	2	1	1	3	3	4	4	2	2	4	4	6	6	1	1	2	2	1	1	2	2	2	2	9	9	2	2	6	6	1	1	17	17	10	10	1	1	1	1	4	4	4	4	1	1	1	1	3	3	5	5	1	1	2	2	2	2	3	3	1	1	1	1	6	6	3	3	55	55	49	49	1	1	3	3	2	2	1	1	4	4	1	1	1	1	1	1	1	1	2	2	1	1	2	2	8	8	8	8	3	3	1	1	3	3	1	1	1	1	4	4	4	4	2	2	3	3	1	1	8	8	5	5	2	2	1	1	5	5	1	1	1	1	2	2	3	3	2	2	4	4	2	2	1	1	1	1	3	3	2	2	1	1	2	2
IND00127	8	8	4	4	1	1	2	2	2	2	2	2	26	26	17	17	1	1	2	2	3	3	2	2	2	2	5	5	1	1	1	1	3	3	4	4	3	3	1	1	8	8	7	7	2	2	2	2	1	1	2	2	7	7	6	6	8	8	8	8	21	21	13	13	1	1	1	1	3	3	3	3	2	2	3	3	6	6	6	6	2	2	1	1	4	4	3	3	2	2	2	2	8	8	2	2	18	18	53	53	1	1	4	4	1	1	2	2	3	3	3	3	1	1	3	3	1	1	1	1	2	2	2	2	5	5	6	6	3	3	1	1	4	4	1	1	3	3	3	3	1	1	2	2	4	4	1	1	1	1	1	1	1	1	1	1	1	1	6	6	2	2	1	1	2	2	3	3	4	4	1	1	1	1	1	1	3	3	2	2	1	1	2	2
IND00128	10	10	6	6	1	1	1	1	2	2	3	3	3	3	1	1	1	1	1	1	1	1	1	1	4	4	1	1	2	2	2	2	1	1	2	2	4	4	2	2	5	5	5	5	2	2	1	1	1	1	2	2	15	15	7	7	1	1	1	1	22	22	6	6	1	1	1	1	3	3	4	4	3	3	4	4	2	2	1	1	2	2	1	1	3	3	1	1	1	1	2	2	3	3	3	3	23	23	17	17	1	1	1	1	2	2	2	2	4	4	1	1	2	2	1	1	1	1	1	1	1	1	1	1	5	5	4	4	1	1	3	3	2	2	3	3	1	1	3	3	1	1	1	1	4	4	3	3	2	2	4	4	1	1	2	2	3	3	3	3	1	1	1	1	1	1	4	4	2	2	3	3	2	2	2	2	2	2	3	3	1	1	1	1
IND00129	15	15	4	4	2	2	1	1	3	3	3	3	5	5	18	18	2	2	2	2	3	3	4	4	4	4	7	7	2	2	1	1	1	1	1	1	1	1	4	4	8	8	8	8	1	1	2	2	1	1	1	1	14	14	12	12	3	3	1	1	7	7	6	6	1	1	1	1	2	2	2	2	3	3	4	4	2	2	5	5	2	2	2	2	3	3	4	4	1	1	1	1	6	6	4	4	30	30	41	41	3	3	3	3	2	2	2	2	3	3	2	2	3	3	2	2	1	1	2	2	1	1	2	2	3	3	7	7	1	1	3	3	1	1	3	3	3	3	4	4	1	1	1	1	3	3	4	4	3	3	5	5	2	2	1	1	8	8	2	2	1	1	2	2	1	1	4	4	4	4	1	1	1	1	1	1	2	2	1	1	2	2	2	2
IND00130	4	4	3	3	2	2	4	4	2	2	3	3	13	13	20	20	1	1	2	2	4	4	3	3	6	6	6	6	1	1	2	2	2	2	1	1	1	1	1	1	3	3	5	5	2	2	1	1	1	1	2	2	14	14	15	15	2	2	1	1	9	9	18	18	1	1	2	2	1	1	1	1	3	3	3	3	5	5	4	4	1	1	2	2	2	2	3	3	2	2	2	2	2	2	1	1	34	34	25	25	4	4	2	2	2	2	1	1	3	3	4	4	1	1	4	4	2	2	2	2	1	1	1	1	1	1	2	2	3	3	3	3	2	2	4	4	1	1	1	1	3	3	2	2	2	2	1	1	7	7	7	7	1	1	2	2	1	1	2	2	1	1	2	2	3	3	1	1	2	2	4	4	2	2	1	1	1	1	1	1	1	1	1	1
IND00131	5	5	16	16	1	1	4	4	2	2	3	3	26	26	23	23	2	2	2	2	2	2	4	4	1	1	1	1	2	2	2	2	2	2	4	4	1	1	3	3	1	1	8	8	1	1	2	2	2	2	1	1	8	8	13	13	7	7	5	5	2	2	9	9	2	2	1	1	3	3	1	1	1	1	4	4	1	1	7	7	1	1	2	2	4	4	4	4	1	1	1	1	7	7	3	3	61	61	60	60	3	3	1	1	2	2	2	2	4	4	4	4	4	4	4	4	1	1	2	2	1	1	2	2	7	7	2	2	3	3	3	3	3	3	4	4	4	4	2	2	1	1	3	3	2	2	2	2	6	6	6	6	2	2	2	2	1	1	6	6	1	1	1	1	4	4	3	3	2	2	1	1	2	2	1	1	4	4	4	4	1	1	1	1
IND00132	6	6	9	9	2	2	1	1	4	4	4	4	26	26	32	32	1	1	1	1	1	1	4	4	4	4	5	5	1	1	2	2	3	3	2	2	1	1	4	4	4	4	6	6	1	1	2	2	2	2	2	2	7	7	15	15	6	6	5	5	20	20	18	18	1	1	2	2	2	2	4	4	1	1	1	1	4	4	3	3	2	2	1	1	4	4	3	3	1	1	2	2	4	4	6	6	28	28	41	41	4	4	2	2	1	1	2	2	3	3	2	2	4	4	3	3	1	1	1	1	2	2	1	1	4	4	5	5	2	2	1	1	4	4	1	1	2	2	4	4	3	3	3	3	2	2	3	3	3	3	4	4	1	1	1	1	5	5	7	7	1	1	1	1	3	3	2	2	1	1	4	4	1	1	2	2	1	1	1	1	1	1	1	1
IND00133	3	3	4	4	2	2	3	3	1	1	4	4	27	27	9	9	1	1	1	1	1	1	2	2	6	6	8	8	2	2	2	2	2	2	4	4	2	2	3	3	1	1	8	8	2	2	2	2	2	2	1	1	4	4	10	10	2	2	4	4	13	13	30	30	1	1	2	2	2	2	4	4	1	1	4	4	5	5	6	6	1	1	1	1	3	3	3	3	2	2	2	2	2	2	2	2	19	19	30	30	4	4	1	1	2	2	1	1	4	4	3	3	1	1	1	1	1	1	2	2	1	1	2	2	7	7	6	6	4	4	3	3	3	3	4	4	1	1	2	2	3	3	2	2	3	3	3	3	1	1	7	7	1	1	1	1	6	6	7	7	2	2	1	1	2	2	4	4	1	1	3	3	1	1	1	1	1	1	2	2	1	1	1	1
IND00134	6	6	7	7	3	3	4	4	3	3	2	2	30	30	24	24	1	1	1	1	1	1	2	2	1	1	8	8	2	2	1	1	3	3	1	1	4	4	2	2	5	5	7	7	2	2	1	1	1	1	1	1	7	7	9	9	5	5	4	4	7	7	18	18	2	2	2	2	1	1	4	4	2	2	1	1	5	5	3	3	1	1	1	1	3	3	2	2	1	1	1	1	4	4	6	6	11	11	25	25	1	1	1	1	1	1	2	2	4	4	4	4	1	1	4	4	1	1	2	2	2	2	2	2	2	2	4	4	2	2	2	2	1	1	1	1	2	2	4	4	4	4	3	3	1	1	3	3	3	3	2	2	2	2	2	2	2	2	5	5	2	2	2	2	4	4	3	3	4	4	4	4	2	2	2	2	1	1	3	3	2	2	2	2
IND00135	12	12	4	4	2	2	4	4	2	2	4	4	16	16	10	10	2	2	2	2	3	3	2	2	7	7	7	7	1	1	1	1	4	4	2	2	1	1	2	2	7	7	3	3	2	2	2	2	2	2	1	1	11	11	7	7	5	5	6	6	2	2	10	10	1	1	1	1	3	3	4	4	4	4	2	2	4	4	4	4	2	2	1	1	4	4	2	2	2	2	2	2	4	4	4	4	23	23	11	11	2	2	2	2	1	1	1	1	4	4	3	3	3	3	4	4	1	1	2	2	2	2	1	1	2	2	1	1	4	4	1	1	1	1	4	4	4	4	1	1	1	1	2	2	1	1	1	1	5	5	2	2	1	1	1	1	6	6	7	7	1	1	2	2	2	2	4	4	2	2	1	1	1	1	1	1	4	4	2	2	1	1	2	2
IND00136	14	14	1	1	1	1	4	4	1	1	2	2	28	28	2	2	1	1	2	2	2	2	2	2	7	7	4	4	2	2	2	2	4	4	1	1	3	3	3	3	2	2	4	4	1	1	1	1	2	2	2	2	8	8	2	2	4	4	7	7	8	8	1	1	2	2	1	1	1	1	1	1	2	2	4	4	4	4	6	6	1	1	1	1	3	3	2	2	1	1	1	1	7	7	2	2	62	62	42	42	2	2	3	3	1	1	2	2	2	2	3	3	3	3	4	4	1	1	2	2	2	2	2	2	4	4	5	5	3	3	2	2	2	2	1	1	3	3	3	3	2	2	4	4	1	1	1	1	3	3	1	1	1	1	1	1	3	3	2	2	1	1	2	2	1	1	3	3	4	4	4	4	1	1	2	2	2	2	3	3	1	1	2	2
IND00137	1	1	14	14	4	4	1	1	4	4	4	4	12	12	2	2	1	1	2	2	3	3	4	4	2	2	2	2	1	1	2	2	1	1	4	4	2	2	1	1	2	2	7	7	1	1	1	1	2	2	2	2	8	8	2	2	6	6	6	6	29	29	4	4	2	2	2	2	1	1	3	3	1	1	3	3	8	8	2	2	2	2	1	1	4	4	3	3	2	2	2	2	2	2	4	4	21	21	42	42	4	4	2	2	1	1	2	2	1	1	4	4	4	4	1	1	1	1	2	2	2	2	1	1	5	5	4	4	3	3	2	2	2	2	1	1	1	1	4	4	4	4	4	4	3	3	2	2	8	8	5	5	2	2	2	2	5	5	1	1	2	2	2	2	1	1	4	4	3	3	4	4	2	2	1	1	3	3	4	4	2	2	1	1
IND00138	7	7	9	9	4	4	1	1	2	2	4	4	1	1	10	10	2	2	1	1	1	1	1	1	3	3	3	3	2	2	1	1	2	2	3	3	2	2	3	3	5	5	7	7	2	2	1	1	2	2	2	2	4	4	5	5	1	1	5	5	5	5	12	12	2	2	1	1	3	3	3	3	1	1	2	2	5	5	6	6	1	1	2	2	1	1	4	4	2	2	1	1	6	6	8	8	13	13	63	63	1	1	2	2	1	1	1	1	2	2	4	4	2	2	2	2	1	1	1	1	1	1	2	2	4	4	5	5	4	4	1	1	4	4	3	3	3	3	1	1	1	1	4	4	3	3	3	3	8	8	7	7	1	1	1	1	6	6	2	2	2	2	1	1	4	4	2	2	3	3	2	2	1	1	1	1	3	3	1	1	1	1	2	2
IND00139	3	3	6	6	3	3	3	3	4	4	2	2	27	27	19	19	2	2	2	2	4	4	4	4	4	4	7	7	2	2	1	1	2	2	4	4	4	4	2	2	6	6	6	6	1	1	1	1	1	1	1	1	4	4	14	14	6	6	7	7	7	7	5	5	2	2	2	2	4	4	3	3	3	3	2	2	2	2	1	1	1	1	1	1	1	1	1	1	2	2	1	1	4	4	4	4	57	57	13	13	2	2	1	1	1	1	2	2	4	4	2	2	3	3	4	4	1	1	2	2	1	1	1	1	7	7	3	3	3	3	3	3	2	2	4	4	2	2	1	1	2	2	1	1	4	4	1	1	2	2	5	5	1	1	1	1	2	2	2	2	1	1	1	1	1	1	2	2	3	3	3	3	1	1	1	1	3	3	4	4	2	2	1	1
IND00140	16	16	9	9	4	4	3	3	3	3	2	2	13	13	11	11	1	1	1	1	1	1	3	3	7	7	8	8	1	1	1	1	3	3	3	3	4	4	4	4	5	5	7	7	1	1	2	2	1	1	1	1	9	9	14	14	7	7	1	1	32	32	12	12	2	2	1	1	3	3	2	2	3	3	3	3	2	2	5	5	2	2	2	2	1	1	2	2	1	1	2	2	8	8	8	8	8	8	18	18	4	4	2	2	2	2	1	1	2	2	3	3	1	1	2	2	2	2	2	2	2	2	2	2	8	8	1	1	1	1	4	4	1	1	3	3	2	2	2	2	3	3	2	2	1	1	3	3	1	1	7	7	1	1	2	2	3	3	8	8	2	2	2	2	3	3	3	3	3	3	1	1	1	1	2	2	2	2	3	3	2	2	1	1
IND00141	14	14	8	8	2	2	4	4	1	1	4	4	18	18	4	4	1	1	2	2	3	3	3	3	3	3	2	2	1	1	1	1	4	4	3	3	1	1	1	1	1	1	7	7	1	1	2	2	2	2	2	2	9	9	2	2	5	5	8	8	24	24	17	17	1	1	1	1	4	4	2	2	1	1	2	2	7	7	5	5	2	2	2	2	4	4	4	4	1	1	2	2	4	4	7	7	33	33	21	21	3	3	3	3	1	1	1	1	3	3	1	1	3	3	2	2	2	2	2	2	2	2	2	2	5	5	8	8	2	2	2	2	4	4	1	1	2	2	4	4	2	2	1	1	1	1	3	3	7	7	5	5	1	1	2	2	8	8	3	3	1	1	2	2	1	1	4	4	4	4	3	3	2	2	1	1	4	4	1	1	1	1	2	2
IND00142	3	3	12	12	3	3	4	4	4	4	3	3	25	25	28	28	2	2	1	1	3	3	1	1	7	7	6	6	2	2	1	1	4	4	2	2	2	2	1	1	7	7	6	6	2	2	2	2	2	2	1	1	2	2	8	8	6	6	2	2	8	8	30	30	2	2	2	2	3	3	2	2	2	2	4	4	8	8	4	4	1	1	1	1	1	1	3	3	1	1	2	2	3	3	6	6	19	19	5	5	2	2	4	4	1	1	1	1	1	1	1	1	3	3	2	2	2	2	2	2	1	1	2	2	7	7	8	8	1	1	4	4	4	4	2	2	4	4	1	1	3	3	1	1	1	1	2	2	5	5	4	4	2	2	1	1	8	8	1	1	1	1	1	1	2	2	4	4	3	3	2	2	1	1	2	2	3	3	3	3	1	1	1	1
IND00143	3	3	5	5	2	2	1	1	3	3	1	1	28	28	12	12	2	2	2	2	4	4	2	2	3	3	4	4	2	2	2	2	3	3	1	1	1	1	1	1	8	8	5	5	2	2	2	2	1	1	1	1	8	8	2	2	1	1	3	3	2	2	11	11	1	1	1	1	3	3	4	4	2	2	4	4	6	6	5	5	2	2	1	1	1	1	1	1	1	1	1	1	2	2	5	5	24	24	17	17	1	1	1	1	2	2	1	1	4	4	1	1	3	3	1	1	2	2	2	2	2	2	1	1	7	7	1	1	2	2	4	4	1	1	2	2	4	4	1	1	2	2	2	2	1	1	2	2	7	7	6	6	2	2	2	2	7	7	4	4	2	2	1	1	2	2	3	3	2	2	2	2	2	2	1	1	4	4	2	2	2	2	1	1
IND00144	3	3	13	13	4	4	3	3	3	3	4	4	19	19	18	18	1	1	2	2	3	3	1	1	2	2	8	8	2	2	2	2	1	1	3	3	1	1	3	3	1	1	1	1	2	2	2	2	2	2	1	1	14	14	7	7	1	1	3	3	30	30	15	15	1	1	1	1	3	3	2	2	1	1	2	2	5	5	6	6	1	1	1	1	4	4	4	4	1	1	1	1	8	8	1	1	16	16	25	25	3	3	1	1	1	1	2	2	4	4	2	2	4	4	3	3	2	2	2	2	1	1	2	2	5	5	7	7	2	2	4	4	1	1	2	2	4	4	4	4	4	4	3	3	3	3	3	3	7	7	4	4	1	1	2	2	3	3	4	4	1	1	1	1	3	3	3	3	1	1	1	1	1	1	1	1	2	2	2	2	1	1	1	1
IND00145	15	15	16	16	1	1	3	3	2	2	2	2	23	23	13	13	1	1	2	2	4	4	4	4	5	5	7	7	1	1	1	1	2	2	1	1	1	1	2	2	8	8	8	8	2	2	2	2	1	1	2	2	13	13	16	16	4	4	8	8	21	21	23	23	1	1	2	2	1	1	2	2	1	1	4	4	8	8	3	3	2	2	1	1	2	2	1	1	1	1	1	1	2	2	1	1	33	33	5	5	4	4	4	4	2	2	1	1	3	3	4	4	4	4	4	4	1	1	2	2	2	2	2	2	2	2	5	5	1	1	2	2	4	4	1	1	3	3	3	3	1	1	2	2	4	4	2	2	7	7	8	8	2	2	1	1	3	3	7	7	2	2	2	2	3	3	2	2	1	1	1	1	1	1	2	2	3	3	4	4	2	2	1	1
IND00146	5	5	16	16	3	3	2	2	3	3	2	2	7	7	12	12	1	1	2	2	3	3	2	2	2	2	1	1	1	1	2	2	4	4	2	2	4	4	3	3	2	2	3	3	2	2	1	1	2	2	1	1	6	6	2	2	6	6	3	3	21	21	28	28	2	2	1	1	4	4	3	3	2	2	1	1	2	2	7	7	2	2	2	2	3	3	3	3	1	1	1	1	6	6	3	3	5	5	43	43	2	2	1	1	2	2	2	2	2	2	4	4	1	1	2	2	1	1	1	1	2	2	1	1	2	2	7	7	1	1	2	2	3	3	3	3	4	4	1	1	4	4	1	1	3	3	1	1	6	6	8	8	1	1	1	1	2	2	6	6	1	1	2	2	2	2	2	2	1	1	2	2	1	1	1	1	1	1	3	3	1	1	1	1
IND00147	3	3	8	8	4	4	3	3	4	4	4	4	15	15	11	11	1	1	2	2	1	1	2	2	3	3	8	8	2	2	2	2	1	1	4	4	1	1	1	1	4	4	7	7	2	2	1	1	2	2	1	1	5	5	14	14	8	8	5	5	9	9	6	6	2	2	2	2	3	3	1	1	1	1	2	2	7	7	7	7	1	1	2	2	1	1	1	1	2	2	1	1	5	5	6	6	45	45	6	6	1	1	1	1	2	2	1	1	2	2	4	4	1	1	2	2	2	2	1	1	2	2	2	2	5	5	3	3	3	3	2	2	1	1	4	4	1	1	4	4	2	2	1	1	2	2	3	3	1	1	3	3	2	2	1	1	8	8	4	4	1	1	1	1	1	1	4	4	3	3	4	4	2	2	2	2	4	4	4	4	2	2	1	1
IND00148	15	15	6	6	2	2	3	3	2	2	1	1	14	14	23	23	2	2	2	2	1	1	3	3	1	1	1	1	1	1	2	2	3	3	3	3	4	4	2	2	7	7	8	8	1	1	1	1	1	1	2	2	4	4	16	16	5	5	2	2	5	5	30	30	1	1	1	1	3	3	4	4	1	1	2	2	7	7	7	7	1	1	1	1	3	3	4	4	1	1	1	1	5	5	5	5	29	29	4	4	1	1	1	1	2	2	1	1	2	2	2	2	3	3	3	3	2	2	2	2	2	2	1	1	8	8	5	5	3	3	1	1	3	3	3	3	2	2	2	2	1	1	3	3	4	4	1	1	3	3	2	2	2	2	2	2	2	2	8	8	1	1	1	1	2	2	3	3	4	4	3	3	2	2	2	2	2	2	1	1	2	2	1	1
IND00149	14	14	3	3	4	4	4	4	1	1	2	2	30	30	18	18	2	2	1	1	4	4	3	3	1	1	1	1	2	2	2	2	1	1	3	3	4	4	3	3	8	8	5	5	2	2	1	1	1	1	1	1	16	16	11	11	7	7	8	8	4	4	25	25	2	2	2	2	2	2	4	4	3	3	4	4	6	6	8	8	2	2	1	1	4	4	4	4	2	2	2	2	7	7	1	1	31	31	17	17	3	3	3	3	2	2	1	1	4	4	3	3	4	4	4	4	1	1	2	2	2	2	1	1	8	8	2	2	2	2	1	1	4	4	3	3	3	3	1	1	2	2	2	2	2	2	4	4	1	1	2	2	2	2	2	2	2	2	2	2	2	2	2	2	2	2	3	3	4	4	3	3	1	1	1	1	1	1	2	2	2	2	2	2
IND00150	3	3	7	7	2	2	1	1	3	3	2	2	18	18	29	29	1	1	2	2	4	4	4	4	2	2	5	5	2	2	1	1	4	4	2	2	3	3	4	4	7	7	5	5	2	2	2	2	1	1	2	2	1	1	13	13	4	4	7	7	30	30	22	22	2	2	1	1	1	1	2	2	1	1	1	1	1	1	3	3	2	2	1	1	1	1	2	2	2	2	1	1	8	8	3	3	25	25	45	45	3	3	3	3	1	1	2	2	3	3	3	3	4	4	3	3	2	2	2	2	1	1	1	1	3	3	5	5	2	2	3	3	1	1	4	4	4	4	2	2	3	3	1	1	1	1	4	4	6	6	5	5	2	2	2	2	4	4	8	8	2	2	2	2	4	4	1	1	3	3	4	4	2	2	2	2	3	3	4	4	2	2	2	2
IND00151	1	1	13	13	4	4	1	1	2	2	4	4	20	20	22	22	2	2	1	1	4	4	3	3	4	4	6	6	1	1	1	1	4	4	1	1	1	1	4	4	6	6	8	8	1	1	2	2	1	1	2	2	5	5	8	8	8	8	6	6	8	8	10	10	1	1	1	1	1	1	3	3	2	2	2	2	8	8	7	7	1	1	1	1	3	3	3	3	2	2	2	2	5	5	7	7	3	3	19	19	3	3	1	1	2	2	2	2	4	4	4	4	2	2	1	1	2	2	1	1	1	1	1	1	5	5	1	1	1	1	4	4	3	3	3	3	3	3	3	3	1	1	4	4	4	4	4	4	7	7	7	7	1	1	2	2	7	7	3	3	1	1	2	2	4	4	1	1	4	4	4	4	2	2	1	1	3	3	1	1	2	2	2	2
IND00152	4	4	15	15	1	1	1	1	2	2	2	2	16	16	21	21	2	2	2	2	4	4	3	3	5	5	6	6	2	2	1	1	1	1	2	2	4	4	3	3	8	8	6	6	2	2	2	2	2	2	2	2	13	13	4	4	5	5	1	1	18	18	31	31	1	1	2	2	1	1	3	3	3	3	4	4	4	4	6	6	1	1	1	1	4	4	2	2	2	2	1	1	8	8	6	6	16	16	39	39	2	2	4	4	2	2	2	2	2	2	3	3	2	2	1	1	1	1	2	2	2	2	1	1	1	1	4	4	3	3	4	4	3	3	2	2	4	4	1	1	3	3	4	4	1	1	4	4	6	6	5	5	2	2	1	1	5	5	5	5	1	1	2	2	4	4	1	1	1	1	2	2	1	1	1	1	3	3	3	3	1	1	1	1
IND00153	6	6	9	9	1	1	2	2	4	4	4	4	27	27	3	3	1	1	1	1	4	4	1	1	6	6	8	8	1	1	2	2	3	3	1	1	2	2	4	4	6	6	8	8	1	1	1	1	1	1	1	1	6	6	2	2	4	4	7	7	12	12	9	9	1	1	1	1	1	1	1	1	4	4	3	3	7	7	1	1	2	2	1	1	1	1	4	4	2	2	1	1	6	6	7	7	17	17	54	54	3	3	1	1	1	1	2	2	1	1	4	4	2	2	4	4	2	2	1	1	1	1	1	1	8	8	8	8	1	1	3	3	4	4	1	1	4	4	2	2	2	2	3	3	1	1	3	3	3	3	8	8	2	2	1	1	2	2	1	1	2	2	2	2	4	4	2	2	1	1	1	1	2	2	2	2	1	1	1	1	1	1	1	1
IND00154	4	4	14	14	4	4	2	2	4	4	1	1	28	28	12	12	2	2	2	2	2	2	4	4	3	3	4	4	1	1	2	2	4	4	2	2	3	3	1	1	1	1	5	5	1	1	1	1	2	2	1	1	12	12	5	5	7	7	7	7	10	10	5	5	1	1	1	1	2	2	2	2	1	1	3	3	5	5	1	1	1	1	1	1	4	4	2	2	2	2	2	2	5	5	7	7	14	14	27	27	1	1	1	1	1	1	2	2	4	4	2	2	2	2	2	2	2	2	2	2	1	1	2	2	5	5	6	6	2	2	4	4	2	2	2	2	3	3	1	1	3	3	1	1	2	2	4	4	2	2	4	4	2	2	2	2	8	8	6	6	2	2	1	1	4	4	4	4	2	2	3	3	2	2	1	1	3	3	3	3	2	2	1	1
IND00155	9	9	16	16	2	2	4	4	4	4	2	2	8	8	19	19	1	1	2	2	2	2	1	1	8	8	3	3	1	1	2	2	3	3	3	3	1	1	4	4	1	1	6	6	2	2	2	2	2	2	1	1	3	3	14	14	3	3	5	5	6	6	8	8	1	1	2	2	1	1	3	3	3	3	4	4	1	1	5	5	2	2	2	2	1	1	4	4	1	1	2	2	1	1	2	2	58	58	43	43	1	1	2	2	2	2	2	2	2	2	3	3	2	2	1	1	2	2	2	2	2	2	2	2	8	8	2	2	3	3	2	2	3	3	2	2	2	2	4	4	3	3	1	1	1	1	3	3	3	3	1	1	1	1	1	1	7	7	1	1	2	2	2	2	3	3	1	1	1	1	2	2	2	2	2	2	4	4	3	3	2	2	2	2
IND00156	10	10	5	5	4	4	2	2	4	4	2	2	13	13	4	4	2	2	1	1	3	3	4	4	3	3	6	6	1	1	2	2	3	3	2	2	3	3	4	4	3	3	4	4	2	2	2	2	2	2	1	1	13	13	7	7	3	3	2	2	24	24	25	25	2	2	2	2	4	4	4	4	4	4	1	1	7	7	5	5	2	2	1	1	1	1	4	4	1	1	2	2	2	2	5	5	52	52	10	10	2	2	4	4	2	2	1	1	3	3	2	2	2	2	2	2	2	2	1	1	2	2	2	2	6	6	2	2	2	2	3	3	1	1	2	2	2	2	3	3	4	4	2	2	1	1	4	4	5	5	4	4	2	2	2	2	6	6	8	8	2	2	1	1	1	1	3	3	4	4	1	1	2	2	1	1	3	3	4	4	1	1	1	1
IND00157	3	3	1	1	4	4	1	1	1	1	2	2	30	30	19	19	1	1	2	2	1	1	1	1	6	6	6	6	2	2	2	2	3	3	2	2	4	4	3	3	7	7	7	7	2	2	1	1	2	2	2	2	16	16	3	3	2	2	4	4	6	6	20	20	2	2	1	1	3	3	2	2	2	2	3	3	3	3	6	6	1	1	1	1	2	2	3	3	1	1	2	2	7	7	1	1	50	50	22	22	3	3	2	2	2	2	1	1	3	3	1	1	4	4	1	1	1	1	2	2	2	2	2	2	7	7	3	3	2	2	4	4	4	4	4	4	4	4	1	1	1	1	4	4	2	2	1	1	5	5	1	1	2	2	2	2	1	1	6	6	2	2	1	1	4	4	3	3	2	2	2	2	2	2	2	2	3	3	4	4	2	2	1	1
IND00158	1	1	13	13	2	2	4	4	3	3	4	4	18	18	22	22	2	2	2	2	3	3	3	3	3	3	6	6	1	1	2	2	3	3	4	4	1	1	3	3	8	8	2	2	1	1	2	2	1	1	2	2	2	2	1	1	1	1	3	3	10	10	31	31	2	2	2	2	1	1	4	4	3	3	4	4	6	6	1	1	1	1	1	1	4	4	1	1	1	1	1	1	7	7	7	7	12	12	4	4	4	4	2	2	2	2	1	1	3	3	3	3	4	4	2	2	1	1	1	1	1	1	1	1	2	2	3	3	3	3	2	2	1	1	1	1	3	3	1	1	1	1	4	4	3	3	4	4	3	3	6	6	1	1	2	2	2	2	4	4	2	2	2	2	4	4	1	1	3	3	1	1	2	2	2	2	2	2	3	3	1	1	2	2
IND00159	15	15	16	16	4	4	4	4	4	4	2	2	19	19	4	4	2	2	2	2	2	2	1	1	1	1	1	1	2	2	1	1	3	3	1	1	4	4	2	2	2	2	8	8	2	2	1	1	2	2	1	1	6	6	7	7	6	6	8	8	32	32	19	19	1	1	1	1	2	2	2	2	3	3	2	2	5	5	6	6	1	1	1	1	1	1	3	3	1	1	2	2	4	4	7	7	42	42	50	50	1	1	4	4	2	2	1	1	2	2	2	2	1	1	4	4	2	2	2	2	2	2	1	1	1	1	5	5	1	1	2	2	1	1	3	3	2	2	3	3	1	1	4	4	4	4	3	3	8	8	5	5	1	1	1	1	5	5	4	4	2	2	2	2	3	3	3	3	2	2	4	4	1	1	2	2	3	3	3	3	2	2	1	1
IND00160	2	2	7	7	2	2	1	1	3	3	2	2	19	19	29	29	1	1	1	1	4	4	4	4	8	8	2	2	1	1	2	2	3	3	2	2	2	2	1	1	1	1	2	2	2	2	2	2	1	1	2	2	4	4	10	10	8	8	6	6	13	13	32	32	2	2	2	2	2	2	3	3	4	4	3	3	2	2	8	8	2	2	2	2	1	1	4	4	1	1	1	1	3	3	2	2	3	3	5	5	1	1	3	3	2	2	2	2	4	4	3	3	3	3	2	2	2	2	1	1	2	2	2	2	7	7	2	2	1	1	1	1	4	4	2	2	1	1	2	2	2	2	1	1	4	4	2	2	3	3	1	1	1	1	1	1	4	4	2	2	2	2	1	1	2	2	2	2	2	2	3	3	1	1	2	2	1	1	4	4	2	2	2	2
IND00161	8	8	2	2	2	2	1	1	3	3	4	4	11	11	4	4	2	2	2	2	4	4	1	1	2	2	2	2	2	2	2	2	4	4	1	1	3	3	1	1	6	6	1	1	2	2	1	1	2	2	1	1	4	4	16	16	8	8	1	1	4	4	28	28	2	2	1	1	3	3	1	1	1	1	4	4	2	2	8	8	2	2	2	2	2	2	3	3	2	2	2	2	5	5	8	8	23	23	40	40	2	2	3	3	2	2	1	1	3	3	1	1	2	2	3	3	2	2	1	1	1	1	2	2	3	3	4	4	4	4	1	1	4	4	3	3	1	1	1	1	4	4	3	3	1	1	1	1	4	4	3	3	2	2	1	1	6	6	1	1	2	2	1	1	3	3	1	1	3	3	1	1	2	2	2	2	4	4	2	2	1	1	2	2
IND00162	9	9	3	3	4	4	1	1	1	1	3	3	15	15	21	21	2	2	1	1	3	3	2	2	4	4	7	7	1	1	2	2	2	2	1	1	3	3	2	2	8	8	2	2	2	2	1	1	2	2	2	2	1	1	3	3	4	4	6	6	17	17	7	7	2	2	2	2	1	1	3	3	4	4	2	2	3	3	2	2	2	2	2	2	1	1	4	4	1	1	1	1	3	3	5	5	43	43	12	12	4	4	2	2	1	1	1	1	3	3	1	1	2	2	2	2	2	2	1	1	1	1	2	2	1	1	4	4	3	3	4	4	3	3	2	2	1	1	4	4	3	3	3	3	3	3	4	4	1	1	1	1	2	2	1	1	7	7	4	4	2	2	2	2	4	4	1	1	2	2	1	1	2	2	2	2	3	3	3	3	1	1	2	2
IND00163	1	1	12	12	1	1	1	1	2	2	4	4	30	30	25	25	1	1	2	2	1	1	1	1	3	3	6	6	2	2	1	1	2	2	2	2	2	2	3	3	7	7	3	3	2	2	2	2	1	1	1	1	13	13	8	8	3	3	4	4	15	15	16	16	1	1	2	2	3	3	3	3	3	3	2	2	6	6	3	3	1	1	2	2	4	4	1	1	1	1	1	1	2	2	7	7	43	43	33	33	2	2	4	4	1	1	2	2	1	1	4	4	3	3	4	4	1	1	2	2	2	2	2	2	7	7	2	2	3	3	3	3	1	1	2	2	4	4	3	3	2	2	2	2	2	2	1	1	6	6	7	7	2	2	2	2	5	5	1	1	2	2	2	2	2	2	1	1	1	1	1	1	1	1	1	1	2	2	2	2	1	1	1	1
IND00164	9	9	9	9	4	4	3	3	4	4	2	2	10	10	25	25	1	1	1	1	1	1	4	4	8	8	8	8	1	1	1	1	4	4	2	2	4	4	3	3	3	3	2	2	1	1	1	1	1	1	2	2	2	2	3	3	3	3	5	5	17	17	26	26	1	1	2	2	4	4	2	2	2	2	1	1	2	2	6	6	1	1	2	2	1	1	1	1	2	2	2	2	4	4	3	3	48	48	11	11	1	1	1	1	1	1	1	1	1	1	4	4	1	1	2	2	1	1	1	1	2	2	1	1	1	1	7	7	3	3	4	4	3	3	1	1	1	1	4	4	1	1	2	2	1	1	2	2	4	4	4	4	2	2	1	1	5	5	1	1	2	2	2	2	4	4	4	4	4	4	1	1	2	2	1	1	4	4	4	4	2	2	1	1
IND00165	11	11	14	14	4	4	1	1	1	1	3	3	8	8	16	16	1	1	2	2	2	2	3	3	8	8	2	2	2	2	1	1	4	4	3	3	3	3	4	4	3	3	7	7	1	1	1	1	1	1	2	2	14	14	15	15	2	2	4	4	30	30	28	28	2	2	1	1	2	2	4	4	3	3	3	3	7	7	3	3	1	1	2	2	4	4	2	2	2	2	2	2	8	8	7	7	7	7	1	1	3	3	4	4	2	2	1	1	2	2	1	1	4	4	1	1	1	1	1	1	2	2	2	2	7	7	6	6	2	2	4	4	2	2	2	2	3	3	2	2	4	4	2	2	4	4	3	3	3	3	1	1	1	1	1	1	1	1	4	4	1	1	1	1	2	2	1	1	2	2	3	3	2	2	1	1	4	4	2	2	1	1	1	1
IND00166	15	15	16	16	3	3	2	2	1	1	4	4	15	15	2	2	2	2	2	2	4	4	3	3	4	4	4	4	1	1	1	1	4	4	2	2	1	1	4	4	7	7	6	6	1	1	1	1	1	1	1	1	8	8	14	14	8	8	1	1	4	4	1	1	1	1	2	2	4	4	4	4	2	2	2	2	8	8	6	6	1	1	2	2	1	1	3	3	1	1	2	2	1	1	3	3	42	42	34	34	2	2	1	1	2	2	1	1	4	4	4	4	2	2	4	4	1	1	2	2	2	2	2	2	1	1	5	5	2	2	3	3	4	4	3	3	2	2	1	1	1	1	2	2	2	2	2	2	6	6	8	8	1	1	2	2	6	6	2	2	1	1	1	1	4	4	4	4	2	2	3	3	2	2	1	1	4	4	3	3	2	2	1	1
IND00167	14	14	9	9	4	4	3	3	4	4	3	3	7	7	1	1	1	1	1	1	3	3	1	1	2	2	2	2	2	2	1	1	3	3	3	3	1	1	1	1	8	8	7	7	2	2	1	1	2	2	1	1	6	6	10	10	4	4	2	2	25	25	24	24	2	2	1	1	4	4	4	4	4	4	4	4	8	8	4	4	2	2	2	2	1	1	1	1	1	1	2	2	2	2	4	4	29	29	2	2	1	1	2	2	2	2	1	1	1	1	4	4	1	1	2	2	1	1	1	1	1	1	2	2	8	8	1	1	2	2	1	1	2	2	3	3	4	4	3	3	3	3	3	3	3	3	1	1	6	6	1	1	1	1	1	1	7	7	1	1	1	1	2	2	4	4	4	4	1	1	1	1	2	2	2	2	1	1	2	2	1	1	1	1
IND00168	2	2	13	13	3	3	4	4	3	3	3	3	18	18	21	21	2	2	1	1	2	2	3	3	8	8	5	5	2	2	2	2	2	2	2	2	4	4	4	4	2	2	2	2	2	2	1	1	1	1	2	2	2	2	2	2	6	6	5	5	16	16	15	15	2	2	2	2	1	1	2	2	4	4	4	4	4	4	1	1	2	2	2	2	1	1	1	1	1	1	2	2	8	8	1	1	50	50	26	26	4	4	4	4	2	2	1	1	2	2	1	1	4	4	2	2	1	1	1	1	2	2	1	1	3	3	4	4	2	2	3	3	2	2	4	4	1	1	4	4	2	2	1	1	3	3	2	2	7	7	7	7	1	1	2	2	7	7	1	1	1	1	2	2	2	2	3	3	3	3	4	4	1	1	2	2	3	3	4	4	1	1	2	2
IND00169	12	12	4	4	1	1	4	4	1	1	1	1	2	2	17	17	2	2	1	1	2	2	3	3	5	5	4	4	1	1	2	2	1	1	1	1	4	4	3	3	8	8	6	6	2	2	2	2	2	2	1	1	9	9	7	7	1	1	1	1	19	19	7	7	1	1	2	2	1	1	1	1	1	1	2	2	7	7	3	3	1	1	2	2	4	4	4	4	2	2	1	1	7	7	4	4	45	45	14	14	1	1	3	3	1	1	1	1	1	1	4	4	2	2	1	1	1	1	1	1	2	2	2	2	5	5	5	5	3	3	4	4	4	4	4	4	1	1	3	3	2	2	2	2	1	1	4	4	6	6	7	7	1	1	1	1	1	1	5	5	1	1	2	2	3	3	1	1	2	2	2	2	1	1	1	1	4	4	4	4	1	1	2	2
IND00170	6	6	12	12	3	3	4	4	4	4	2	2	21	21	17	17	1	1	1	1	2	2	4	4	5	5	4	4	1	1	2	2	3	3	2	2	1	1	2	2	1	1	3	3	2	2	1	1	2	2	2	2	9	9	5	5	6	6	8	8	13	13	5	5	2	2	2	2	3	3	1	1	1	1	1	1	8	8	3	3	1	1	1	1	2	2	4	4	2	2	1	1	8	8	8	8	32	32	22	22	1	1	3	3	2	2	2	2	4	4	3	3	2	2	3	3	2	2	2	2	1	1	2	2	4	4	7	7	4	4	4	4	2	2	1	1	1	1	2	2	1	1	3	3	1	1	1	1	5	5	5	5	2	2	2	2	6	6	3	3	1	1	2	2	4	4	1	1	3	3	3	3	1	1	2	2	4	4	1	1	2	2	1	1
IND00171	12	12	7	7	4	4	4	4	1	1	1	1	21	21	15	15	1	1	2	2	2	2	4	4	2	2	7	7	2	2	1	1	1	1	2	2	1	1	1	1	1	1	1	1	1	1	2	2	2	2	1	1	3	3	4	4	2	2	6	6	23	23	25	25	1	1	1	1	3	3	4	4	2	2	3	3	2	2	8	8	1	1	1	1	4	4	1	1	2	2	1	1	2	2	1	1	23	23	28	28	1	1	3	3	2	2	1	1	3	3	4	4	4	4	4	4	2	2	2	2	2	2	2	2	8	8	5	5	2	2	3	3	2	2	2	2	3	3	3	3	1	1	4	4	1	1	2	2	1	1	3	3	1	1	1	1	3	3	8	8	1	1	1	1	1	1	3	3	3	3	1	1	1	1	2	2	4	4	2	2	1	1	2	2
IND00172	5	5	15	15	4	4	2	2	1	1	2	2	31	31	11	11	2	2	1	1	4	4	2	2	2	2	8	8	1	1	1	1	1	1	1	1	3	3	3	3	1	1	3	3	1	1	1	1	2	2	2	2	16	16	9	9	2	2	4	4	7	7	13	13	1	1	1	1	2	2	2	2	1	1	2	2	8	8	8	8	2	2	2	2	2	2	2	2	2	2	1	1	2	2	5	5	16	16	4	4	3	3	1	1	2	2	1	1	4	4	3	3	1	1	2	2	2	2	1	1	2	2	1	1	5	5	6	6	3	3	1	1	2	2	4	4	4	4	1	1	3	3	1	1	1	1	3	3	5	5	4	4	1	1	2	2	6	6	1	1	1	1	2	2	2	2	4	4	3	3	1	1	2	2	2	2	2	2	4	4	1	1	1	1
IND00173	11	11	2	2	1	1	1	1	3	3	2	2	27	27	11	11	2	2	1	1	2	2	3	3	3	3	8	8	2	2	2	2	3	3	4	4	2	2	2	2	7	7	1	1	2	2	2	2	1	1	1	1	16	16	2	2	8	8	3	3	19	19	25	25	1	1	2	2	3	3	4	4	1	1	1	1	5	5	1	1	1	1	2	2	1	1	2	2	2	2	1	1	8	8	2	2	10	10	30	30	3	3	3	3	2	2	2	2	4	4	4	4	3	3	3	3	1	1	2	2	1	1	2	2	2	2	6	6	2	2	4	4	3	3	1	1	3	3	2	2	1	1	4	4	2	2	4	4	2	2	6	6	1	1	1	1	3	3	4	4	2	2	2	2	3	3	1	1	4	4	2	2	2	2	1	1	4	4	2	2	1	1	1	1
IND00174	7	7	11	11	2	2	4	4	4	4	3	3	16	16	11	11	1	1	1	1	3	3	4	4	7	7	5	5	1	1	2	2	2	2	1	1	1	1	2	2	6	6	5	5	2	2	2	2	1	1	1	1	13	13	3	3	4	4	4	4	15	15	12	12	2	2	2	2	4	4	2	2	2	2	1	1	3	3	7	7	1	1	2	2	2	2	4	4	2	2	1	1	4	4	5	5	12	12	54	54	2	2	1	1	2	2	2	2	3	3	4	4	4	4	1	1	1	1	1	1	1	1	2	2	6	6	7	7	4	4	2	2	3	3	1	1	1	1	1	1	2	2	2	2	1	1	4	4	1	1	8	8	2	2	2	2	3	3	4	4	2	2	1	1	1	1	4	4	3	3	1	1	1	1	2	2	2	2	3	3	2	2	2	2
IND00175	8	8	1	1	4	4	1	1	1	1	1	1	2	2	7	7	2	2	1	1	1	1	4	4	5	5	2	2	1	1	1	1	3	3	3	3	1	1	2	2	2	2	2	2	1	1	1	1	1	1	1	1	5	5	16	16	6	6	6	6	12	12	20	20	1	1	1	1	1	1	3	3	4	4	4	4	2	2	2	2	1	1	1	1	4	4	1	1	1	1	2	2	6	6	4	4	9	9	56	56	2	2	1	1	2	2	1	1	2	2	2	2	3	3	4	4	2	2	1	1	1	1	1	1	2	2	6	6	1	1	2	2	1	1	3	3	2	2	2	2	2	2	1	1	1	1	4	4	5	5	1	1	1	1	2	2	8	8	5	5	1	1	1	1	2	2	2	2	2	2	2	2	1	1	1	1	1	1	4	4	1	1	2	2
IND00176	2	2	16	16	3	3	1	1	4	4	4	4	27	27	29	29	2	2	1	1	3	3	2	2	6	6	3	3	1	1	2	2	4	4	1	1	1	1	2	2	4	4	2	2	2	2	1	1	1	1	1	1	8	8	6	6	6	6	8	8	29	29	11	11	2	2	1	1	4	4	2	2	3	3	3	3	2	2	3	3	1	1	2	2	4	4	3	3	2	2	2	2	3	3	6	6	29	29	26	26	3	3	2	2	2	2	1	1	1	1	1	1	3	3	4	4	2	2	1	1	1	1	2	2	2	2	6	6	3	3	2	2	4	4	2	2	2	2	2	2	2	2	3	3	2	2	4	4	2	2	8	8	2	2	1	1	4	4	7	7	2	2	2	2	1	1	2	2	2	2	1	1	1	1	1	1	4	4	2	2	2	2	2	2
IND00177	13	13	4	4	3	3	4	4	4	4	1	1	30	30	18	18	1	1	2	2	3	3	3	3	7	7	4	4	1	1	1	1	2	2	4	4	4	4	3	3	4	4	5	5	1	1	2	2	2	2	2	2	2	2	2	2	6	6	5	5	32	32	17	17	2	2	2	2	1	1	2	2	2	2	3	3	7	7	7	7	2	2	2	2	1	1	4	4	1	1	1	1	6	6	6	6	9	9	50	50	1	1	1	1	1	1	2	2	1	1	1	1	1	1	1	1	1	1	2	2	1	1	1	1	2	2	5	5	1	1	4	4	2	2	2	2	4	4	1	1	2	2	1	1	4	4	3	3	6	6	4	4	2	2	1	1	7	7	7	7	2	2	2	2	3	3	3	3	2	2	3	3	2	2	2	2	3	3	2	2	1	1	1	1
IND00178	9	9	6	6	2	2	1	1	3	3	2	2	28	28	8	8	1	1	1	1	3	3	2	2	1	1	6	6	1	1	2	2	1	1	1	1	1	1	4	4	5	5	2	2	2	2	1	1	2	2	2	2	5	5	2	2	4	4	5	5	21	21	12	12	2	2	1	1	3	3	2	2	4	4	4	4	7	7	5	5	2	2	1	1	3	3	3	3	2	2	1	1	1	1	7	7	61	61	13	13	3	3	2	2	1	1	1	1	3	3	2	2	1	1	4	4	2	2	2	2	2	2	2	2	5	5	3	3	4	4	3	3	2	2	3	3	4	4	4	4	3	3	3	3	4	4	3	3	8	8	2	2	1	1	1	1	4	4	7	7	1	1	2	2	1	1	4	4	4	4	4	4	2	2	2	2	4	4	3	3	1	1	2	2
IND00179	4	4	6	6	2	2	3	3	4	4	4	4	5	5	12	12	2	2	1	1	3	3	3	3	6	6	5	5	2	2	1	1	2	2	3	3	4	4	2	2	1	1	7	7	2	2	2	2	2	2	1	1	4	4	4	4	5	5	5	5	29	29	4	4	2	2	2	2	1	1	1	1	1	1	4	4	2	2	5	5	2	2	1	1	3	3	1	1	1	1	2	2	3	3	2	2	7	7	33	33	1	1	2	2	1	1	1	1	1	1	2	2	3	3	3	3	2	2	2	2	1	1	2	2	7	7	6	6	2	2	4	4	4	4	3	3	2	2	3	3	2	2	4	4	3	3	3	3	3	3	7	7	1	1	1	1	3	3	2	2	1	1	2	2	1	1	2	2	2	2	2	2	2	2	2	2	1	1	3	3	1	1	2	2
IND00180	1	1	1	1	2	2	2	2	3	3	4	4	20	20	12	12	1	1	2	2	2	2	2	2	8	8	6	6	1	1	2	2	1	1	4	4	1	1	1	1	5	5	7	7	2	2	2	2	2	2	1	1	15	15	14	14	4	4	2	2	8	8	17	17	2	2	1	1	3	3	1	1	3	3	2	2	7	7	8	8	2	2	1	1	3	3	2	2	2	2	1	1	3	3	3	3	12	12	11	11	4	4	3	3	1	1	2	2	4	4	2	2	3	3	4	4	2	2	1	1	1	1	1	1	8	8	3	3	2	2	2	2	2	2	3	3	4	4	2	2	1	1	3	3	4	4	1	1	8	8	1	1	2	2	1	1	1	1	6	6	2	2	1	1	1	1	3	3	3	3	2	2	2	2	1	1	3	3	4	4	2	2	1	1
IND00181	12	12	11	11	3	3	2	2	3	3	2	2	23	23	5	5	1	1	2	2	2	2	1	1	3	3	5	5	2	2	1	1	4	4	4	4	3	3	3	3	6	6	4	4	2	2	1	1	1	1	2	2	16	16	6	6	1	1	6	6	23	23	27	27	1	1	1	1	2	2	3	3	1	1	3	3	3	3	5	5	1	1	2	2	3	3	4	4	2	2	1	1	8	8	4	4	12	12	61	61	2	2	1	1	1	1	1	1	1	1	3	3	3	3	2	2	2	2	2	2	2	2	2	2	2	2	1	1	2	2	3	3	1	1	3	3	3	3	1	1	3	3	4	4	4	4	4	4	3	3	4	4	1	1	2	2	3	3	5	5	1	1	2	2	4	4	1	1	1	1	4	4	2	2	1	1	3	3	2	2	1	1	2	2
IND00182	8	8	12	12	1	1	1	1	4	4	2	2	7	7	22	22	1	1	1	1	1	1	1	1	2	2	6	6	2	2	2	2	4	4	1	1	1	1	1	1	4	4	4	4	2	2	1	1	1	1	1	1	11	11	7	7	2	2	3	3	15	15	28	28	1	1	2	2	1	1	1	1	3	3	1	1	7	7	8	8	1	1	1	1	3	3	3	3	1	1	1	1	5	5	8	8	2	2	53	53	3	3	4	4	2	2	2	2	4	4	3	3	3	3	3	3	1	1	2	2	2	2	2	2	8	8	8	8	3	3	3	3	4	4	3	3	2	2	1	1	1	1	3	3	2	2	1	1	1	1	4	4	1	1	2	2	7	7	4	4	1	1	1	1	1	1	1	1	3	3	2	2	1	1	2	2	1	1	3	3	2	2	2	2
IND00183	9	9	16	16	2	2	3	3	3	3	1	1	6	6	18	18	1	1	2	2	1	1	3	3	1	1	1	1	1	1	2	2	2	2	1	1	4	4	4	4	7	7	6	6	1	1	2	2	1	1	2	2	13	13	7	7	1	1	3	3	21	21	6	6	1	1	1	1	2	2	4	4	4	4	3	3	7	7	1	1	2	2	2	2	1	1	2	2	2	2	1	1	5	5	7	7	53	53	38	38	1	1	3	3	2	2	2	2	1	1	4	4	3	3	4	4	2	2	2	2	1	1	1	1	7	7	7	7	2	2	3	3	1	1	3	3	1	1	3	3	3	3	2	2	3	3	1	1	8	8	6	6	2	2	2	2	8	8	5	5	1	1	1	1	4	4	1	1	1	1	1	1	2	2	1	1	2	2	1	1	1	1	1	1
IND00184	12	12	11	11	2	2	2	2	3	3	4	4	10	10	4	4	2	2	2	2	3	3	4	4	7	7	3	3	1	1	1	1	3	3	2	2	4	4	3	3	7	7	2	2	2	2	2	2	2	2	2	2	13	13	15	15	6	6	1	1	19	19	3	3	2	2	1	1	2	2	4	4	4	4	1	1	8	8	2	2	2	2	1	1	4	4	2	2	2	2	2	2	8	8	3	3	31	31	27	27	2	2	1	1	1	1	2	2	3	3	3	3	3	3	4	4	1	1	2	2	1	1	2	2	5	5	6	6	3	3	1	1	2	2	1	1	3	3	1	1	1	1	4	4	1	1	2	2	7	7	2	2	2	2	1	1	5	5	6	6	2	2	1	1	2	2	3	3	4	4	3	3	2	2	2	2	2	2	4	4	2	2	2	2
IND00185	2	2	9	9	3	3	2	2	1	1	4	4	1	1	31	31	1	1	2	2	1	1	1	1	3	3	2	2	1	1	2	2	1	1	4	4	4	4	2	2	8	8	5	5	1	1	1	1	1	1	1	1	1	1	15	15	3	3	3	3	21	21	21	21	1	1	2	2	4	4	1	1	4	4	3	3	8	8	1	1	2	2	2	2	3	3	2	2	1	1	2	2	4	4	7	7	1	1	34	34	1	1	3	3	1	1	1	1	3	3	2	2	1	1	1	1	2	2	2	2	2	2	1	1	8	8	5	5	3	3	1	1	2	2	1	1	2	2	1	1	3	3	2	2	1	1	4	4	6	6	7	7	2	2	1	1	6	6	5	5	2	2	1	1	1	1	4	4	2	2	4	4	1	1	2	2	1	1	1	1	2	2	1	1
IND00186	1	1	10	10	2	2	2	2	1	1	4	4	18	18	16	16	1	1	2	2	4	4	1	1	4	4	1	1	2	2	1	1	1	1	2	2	3	3	2	2	3	3	8	8	2	2	2	2	2	2	2	2	3	3	16	16	7	7	1	1	16	16	16	16	2	2	2	2	4	4	4	4	4	4	1	1	4	4	4	4	2	2	2	2	2	2	2	2	1	1	1	1	8	8	3	3	7	7	4	4	4	4	1	1	2	2	1	1	1	1	1	1	3	3	3	3	1	1	1	1	1	1	1	1	5	5	4	4	1	1	3	3	3	3	3	3	2	2	4	4	4	4	2	2	2	2	1	1	7	7	5	5	1	1	1	1	4	4	7	7	2	2	1	1	3	3	4	4	1	1	1	1	1	1	1	1	4	4	1	1	1	1	1	1
IND00187	12	12	12	12	4	4	2	2	2	2	4	4	20	20	32	32	2	2	1	1	4	4	2	2	8	8	1	1	2	2	2	2	1	1	3	3	2	2	1	1	5	5	6	6	2	2	2	2	1	1	2	2	2	2	1	1	8	8	5	5	27	27	20	20	1	1	1	1	2	2	2	2	3	3	3	3	2	2	6	6	1	1	2	2	1	1	1	1	2	2	1	1	2	2	1	1	60	60	43	43	4	4	4	4	1	1	1	1	4	4	4	4	2	2	1	1	2	2	1	1	2	2	2	2	6	6	2	2	1	1	2	2	1	1	4	4	4	4	2	2	2	2	2	2	3	3	3	3	1	1	6	6	2	2	2	2	2	2	5	5	1	1	1	1	4	4	2	2	4	4	3	3	2	2	1	1	4	4	1	1	2	2	1	1
IND00188	14	14	6	6	2	2	3	3	2	2	1	1	17	17	3	3	2	2	2	2	4	4	3	3	2	2	1	1	1	1	1	1	2	2	2	2	2	2	3	3	6	6	2	2	1	1	1	1	1	1	1	1	13	13	7	7	8	8	8	8	28	28	12	12	1	1	2	2	3	3	2	2	2	2	3	3	1	1	8	8	2	2	2	2	3	3	2	2	2	2	2	2	1	1	8	8	50	50	3	3	4	4	4	4	1	1	2	2	2	2	4	4	3	3	3	3	1	1	1	1	2	2	1	1	8	8	7	7	4	4	1	1	3	3	3	3	4	4	1	1	3	3	4	4	3	3	4	4	1	1	8	8	2	2	1	1	8	8	8	8	2	2	1	1	1	1	3	3	4	4	2	2	2	2	1	1	4	4	4	4	2	2	1	1
IND00189	9	9	8	8	1	1	1	1	2	2	4	4	7	7	9	9	1	1	2	2	2	2	2	2	6	6	3	3	2	2	2	2	4	4	1	1	1	1	4	4	5	5	4	4	2	2	1	1	1	1	2	2	12	12	12	12	4	4	2	2	13	13	16	16	2	2	2	2	1	1	3	3	2	2	4	4	8	8	8	8	1	1	2	2	1	1	4	4	2	2	1	1	2	2	1	1	43	43	62	62	4	4	2	2	2	2	2	2	4	4	4	4	4	4	1	1	1	1	1	1	2	2	2	2	8	8	1	1	1	1	2	2	4	4	1	1	4	4	1	1	4	4	1	1	3	3	3	3	8	8	3	3	2	2	1	1	8	8	3	3	1	1	1	1	1	1	1	1	3	3	2	2	2	2	1	1	1	1	4	4	1	1	1	1
IND00190	7	7	1	1	1	1	2	2	1	1	2	2	17	17	6	6	2	2	2	2	2	2	1	1	4	4	7	7	1	1	1	1	2	2	4	4	4	4	4	4	1	1	3	3	1	1	1	1	1	1	1	1	13	13	16	16	3	3	8	8	28	28	26	26	1	1	2	2	1	1	4	4	3	3	3	3	6	6	1	1	1	1	1	1	3	3	2	2	2	2	2	2	7	7	6	6	31	31	31	31	1	1	3	3	1	1	1	1	4	4	3	3	2	2	2	2	1	1	1	1	1	1	2	2	4	4	4	4	1	1	4	4	3	3	1	1	2	2	2	2	3	3	1	1	1	1	2	2	6	6	7	7	1	1	1	1	3	3	1	1	1	1	1	1	4	4	2	2	3	3	2	2	1	1	1	1	3	3	1	1	1	1	1	1
IND00191	1	1	16	16	3	3	4	4	1	1	2	2	2	2	9	9	1	1	2	2	3	3	1	1	7	7	4	4	1	1	1	1	2	2	4	4	2	2	4	4	3	3	1	1	2	2	1	1	1	1	1	1	11	11	13	13	1	1	5	5	11	11	2	2	2	2	1	1	2	2	4	4	2	2	2	2	4	4	5	5	2	2	1	1	2	2	4	4	1	1	2	2	3	3	2	2	59	59	40	40	2	2	4	4	2	2	1	1	1	1	2	2	1	1	1	1	1	1	1	1	2	2	2	2	8	8	1	1	3	3	2	2	1	1	1	1	4	4	1	1	1	1	1	1	4	4	3	3	8	8	1	1	2	2	2	2	5	5	6	6	2	2	2	2	2	2	2	2	1	1	4	4	2	2	1	1	2	2	1	1	2	2	1	1
IND00192	3	3	3	3	1	1	1	1	4	4	2	2	16	16	23	23	2	2	1	1	3	3	1	1	2	2	2	2	1	1	1	1	3	3	3	3	4	4	1	1	3	3	6	6	1	1	2	2	2	2	2	2	3	3	11	11	5	5	7	7	9	9	18	18	2	2	1	1	4	4	2	2	1	1	2	2	7	7	7	7	2	2	2	2	3	3	3	3	1	1	2	2	6	6	5	5	56	56	5	5	4	4	2	2	2	2	2	2	4	4	2	2	3	3	3	3	2	2	2	2	2	2	1	1	1	1	2	2	3	3	2	2	1	1	1	1	3	3	1	1	1	1	1	1	1	1	1	1	6	6	2	2	1	1	1	1	7	7	5	5	2	2	1	1	1	1	1	1	3	3	2	2	1	1	2	2	3	3	1	1	1	1	2	2
IND00193	6	6	13	13	1	1	1	1	1	1	2	2	15	15	28	28	2	2	1	1	4	4	3	3	8	8	7	7	2	2	1	1	2	2	2	2	1	1	2	2	8	8	4	4	1	1	1	1	2	2	2	2	5	5	9	9	3	3	8	8	3	3	7	7	2	2	2	2	3	3	2	2	3	3	2	2	5	5	5	5	1	1	1	1	3	3	4	4	2	2	2	2	7	7	7	7	31	31	63	63	2	2	2	2	2	2	1	1	3	3	1	1	3	3	1	1	2	2	1	1	2	2	1	1	2	2	2	2	1	1	1	1	3	3	4	4	4	4	3	3	3	3	2	2	1	1	4	4	3	3	1	1	2	2	1	1	3	3	8	8	1	1	1	1	3	3	1	1	3	3	2	2	2	2	2	2	2	2	3	3	2	2	1	1
IND00194	2	2	5	5	1	1	3	3	3	3	4	4	18	18	2	2	2	2	2	2	1	1	4	4	6	6	1	1	1	1	2	2	3	3	2	2	4	4	3	3	5	5	8	8	2	2	2	2	2	2	1	1	12	12	10	10	6	6	1	1	32	32	24	24	1	1	1	1	3	3	3	3	1	1	3	3	6	6	5	5	1	1	1	1	4	4	2	2	2	2	1	1	5	5	7	7	62	62	11	11	1	1	3	3	2	2	2	2	2	2	2	2	1	1	2	2	1	1	2	2	1	1	1	1	5	5	4	4	1	1	3	3	4	4	2	2	4	4	2	2	2	2	2	2	1	1	2	2	1	1	4	4	2	2	2	2	3	3	5	5	2	2	1	1	4	4	4	4	4	4	1	1	2	2	2	2	1	1	2	2	1	1	1	1
IND00195	2	2	16	16	4	4	3	3	1	1	3	3	32	32	4	4	2	2	1	1	2	2	4	4	1	1	3	3	1	1	2	2	3	3	2	2	1	1	4	4	3	3	8	8	1	1	1	1	1	1	1	1	13	13	3	3	2	2	8	8	30	30	3	3	1	1	2	2	2	2	4	4	4	4	3	3	5	5	3	3	1	1	1	1	2	2	1	1	1	1	1	1	5	5	3	3	38	38	55	55	1	1	4	4	1	1	1	1	3	3	3	3	4	4	4	4	2	2	2	2	1	1	1	1	2	2	5	5	4	4	2	2	3	3	2	2	2	2	3	3	3	3	4	4	1	1	1	1	4	4	4	4	1	1	2	2	1	1	6	6	1	1	1	1	2	2	3	3	2	2	1	1	1	1	2	2	1	1	4	4	1	1	2	2
IND00196	3	3	11	11	4	4	4	4	2	2	2	2	25	25	13	13	2	2	1	1	2	2	1	1	2	2	7	7	1	1	2	2	2	2	1	1	1	1	4	4	3	3	6	6	1	1	2	2	1	1	1	1	5	5	16	16	2	2	1	1	3	3	25	25	2	2	1	1	4	4	2	2	1	1	2	2	5	5	5	5	2	2	2	2	1	1	4	4	1	1	1	1	8	8	4	4	25	25	20	20	1	1	2	2	1	1	2	2	1	1	2	2	1	1	4	4	2	2	1	1	2	2	1	1	3	3	6	6	2	2	1	1	1	1	4	4	4	4	1	1	4	4	3	3	2	2	2	2	4	4	4	4	1	1	2	2	3	3	3	3	1	1	1	1	1	1	3	3	4	4	1	1	1	1	2	2	3	3	1	1	2	2	2	2
IND00197	15	15	10	10	2	2	2	2	3	3	1	1	9	9	24	24	2	2	1	1	1	1	1	1	4	4	1	1	1	1	1	1	4	4	2	2	2	2	4	4	5	5	5	5	2	2	1	1	1	1	1	1	4	4	12	12	3	3	8	8	16	16	10	10	1	1	2	2	1	1	1	1	1	1	4	4	1	1	1	1	2	2	2	2	1	1	1	1	1	1	1	1	6	6	7	7	19	19	20	20	3	3	2	2	1	1	1	1	1	1	3	3	3	3	2	2	2	2	1	1	1	1	1	1	8	8	6	6	2	2	1	1	2	2	2	2	2	2	2	2	2	2	2	2	2	2	1	1	5	5	2	2	2	2	2	2	8	8	2	2	1	1	2	2	3	3	1	1	3	3	1	1	1	1	2	2	3	3	3	3	1	1	2	2
IND00198	8	8	9	9	4	4	2	2	3	3	2	2	10	10	31	31	1	1	1	1	4	4	3	3	6	6	5	5	2	2	2	2	1	1	3	3	4	4	2	2	8	8	5	5	1	1	1	1	2	2	2	2	5	5	15	15	3	3	2	2	18	18	14	14	1	1	2	2	4	4	1	1	4	4	4	4	8	8	5	5	1	1	2	2	4	4	4	4	2	2	1	1	8	8	6	6	62	62	37	37	4	4	4	4	2	2	1	1	3	3	3	3	4	4	4	4	2	2	1	1	1	1	1	1	1	1	1	1	2	2	1	1	3	3	2	2	1	1	1	1	4	4	4	4	2	2	1	1	6	6	6	6	1	1	1	1	3	3	6	6	1	1	2	2	3	3	3	3	2	2	4	4	2	2	1	1	1	1	2	2	1	1	1	1
IND00199	1	1	2	2	1	1	2	2	4	4	2	2	16	16	6	6	1	1	1	1	1	1	1	1	3	3	2	2	1	1	2	2	2	2	2	2	4	4	2	2	6	6	4	4	1	1	2	2	1	1	1	1	9	9	7	7	7	7	3	3	12	12	9	9	2	2	2	2	4	4	2	2	2	2	3	3	4	4	3	3	1	1	1	1	3	3	3	3	2	2	2	2	1	1	8	8	61	61	38	38	2	2	3	3	1	1	1	1	2	2	4	4	3	3	2	2	2	2	1	1	1	1	1	1	6	6	5	5	3	3	4	4	4	4	4	4	1	1	4	4	1	1	1	1	2	2	4	4	8	8	5	5	2	2	2	2	1	1	4	4	1	1	2	2	2	2	1	1	4	4	4	4	2	2	2	2	4	4	3	3	1	1	2	2
IND00200	12	12	15	15	2	2	1	1	3	3	4	4	7	7	26	26	1	1	1	1	4	4	4	4	5	5	6	6	2	2	2	2	2	2	4	4	2	2	4	4	5	5	3	3	2	2	2	2	2	2	2	2	3	3	4	4	2	2	2	2	10	10	12	12	2	2	1	1	4	4	2	2	1	1	3	3	1	1	6	6	1	1	2	2	2	2	2	2	2	2	2	2	8	8	3	3	8	8	35	35	3	3	4	4	1	1	1	1	2	2	1	1	4	4	1	1	2	2	2	2	1	1	2	2	1	1	2	2	2	2	1	1	3	3	2	2	1	1	2	2	1	1	2	2	4	4	4	4	3	3	7	7	1	1	2	2	7	7	8	8	1	1	2	2	2	2	2	2	3	3	2	2	1	1	1	1	3	3	1	1	2	2	2	2
