ID	hap_1_1	hap_1_1	hap_1_2	hap_1_2	hap_2_1	hap_2_1	hap_2_2	hap_2_2	hap_3_1	hap_3_1	hap_3_2	hap_3_2	hap_4_1	hap_4_1	hap_4_2	hap_4_2	hap_5_1	hap_5_1	hap_5_2	hap_5_2	hap_6_1	hap_6_1	hap_6_2	hap_6_2	hap_7_1	hap_7_1	hap_7_2	hap_7_2	hap_8_1	hap_8_1	hap_8_2	hap_8_2	hap_9_1	hap_9_1	hap_9_2	hap_9_2	hap_10_1	hap_10_1	hap_10_2	hap_10_2	hap_11_1	hap_11_1	hap_11_2	hap_11_2	hap_12_1	hap_12_1	hap_12_2	hap_12_2	hap_13_1	hap_13_1	hap_13_2	hap_13_2	hap_14_1	hap_14_1	hap_14_2	hap_14_2	hap_15_1	hap_15_1	hap_15_2	hap_15_2	hap_16_1	hap_16_1	hap_16_2	hap_16_2	hap_17_1	hap_17_1	hap_17_2	hap_17_2	hap_18_1	hap_18_1	hap_18_2	hap_18_2	hap_19_1	hap_19_1	hap_19_2	hap_19_2	hap_20_1	hap_20_1	hap_20_2	hap_20_2	hap_21_1	hap_21_1	hap_21_2	hap_21_2	hap_22_1	hap_22_1	hap_22_2	hap_22_2	hap_23_1	hap_23_1	hap_23_2	hap_23_2	hap_24_1	hap_24_1	hap_24_2	hap_24_2	hap_25_1	hap_25_1	hap_25_2	hap_25_2	hap_26_1	hap_26_1	hap_26_2	hap_26_2	hap_27_1	hap_27_1	hap_27_2	hap_27_2	hap_28_1	hap_28_1	hap_28_2	hap_28_2	hap_29_1	hap_29_1	hap_29_2	hap_29_2	hap_30_1	hap_30_1	hap_30_2	hap_30_2	hap_31_1	hap_31_1	hap_31_2	hap_31_2	hap_32_1	hap_32_1	hap_32_2	hap_32_2	hap_33_1	hap_33_1	hap_33_2	hap_33_2	hap_34_1	hap_34_1	hap_34_2	hap_34_2	hap_35_1	hap_35_1	hap_35_2	hap_35_2	hap_36_1	hap_36_1	hap_36_2	hap_36_2	hap_37_1	hap_37_1	hap_37_2	hap_37_2	hap_38_1	hap_38_1	hap_38_2	hap_38_2	hap_39_1	hap_39_1	hap_39_2	hap_39_2	hap_40_1	hap_40_1	hap_40_2	hap_40_2	hap_41_1	hap_41_1	hap_41_2	hap_41_2	hap_42_1	hap_42_1	hap_42_2	hap_42_2
IND00001	8	8	4	4	3	3	4	4	3	3	1	1	7	7	2	2	29	29	23	23	4	4	1	1	5	5	7	7	2	2	4	4	6	6	2	2	1	1	2	2	8	8	6	6	2	2	2	2	5	5	3	3	1	1	2	2	1	1	1	1	6	6	12	12	5	5	12	12	2	2	8	8	2	2	2	2	4	4	8	8	2	2	2	2	2	2	1	1	2	2	1	1	67	67	16	16	1	1	2	2	2	2	1	1	3	3	4	4	4	4	1	1	1	1	1	1	1	1	2	2	3	3	3	3	1	1	2	2	3	3	2	2	3	3	1	1	2	2	1	1	1	1	2	2	15	15	11	11	6	6	8	8	2	2	1	1	1	1	1	1	61	61	50	50	1	1	1	1
IND00002	10	10	8	8	2	2	4	4	4	4	3	3	8	8	7	7	23	23	32	32	3	3	3	3	6	6	1	1	1	1	4	4	7	7	4	4	3	3	2	2	8	8	8	8	1	1	1	1	1	1	3	3	2	2	1	1	2	2	1	1	15	15	8	8	1	1	7	7	5	5	2	2	1	1	1	1	7	7	7	7	1	1	1	1	1	1	2	2	9	9	12	12	182	182	211	211	2	2	2	2	2	2	2	2	3	3	3	3	2	2	4	4	1	1	1	1	2	2	2	2	4	4	4	4	3	3	2	2	3	3	4	4	2	2	3	3	2	2	2	2	1	1	2	2	1	1	4	4	8	8	8	8	1	1	2	2	2	2	1	1	21	21	27	27	2	2	1	1
IND00003	4	4	12	12	2	2	4	4	1	1	4	4	4	4	5	5	10	10	12	12	2	2	1	1	3	3	8	8	2	2	2	2	5	5	4	4	2	2	1	1	1	1	4	4	1	1	1	1	8	8	2	2	2	2	2	2	2	2	1	1	13	13	10	10	5	5	16	16	6	6	6	6	2	2	1	1	8	8	4	4	2	2	2	2	1	1	1	1	16	16	13	13	163	163	245	245	2	2	2	2	1	1	1	1	4	4	3	3	1	1	2	2	2	2	2	2	1	1	2	2	1	1	1	1	4	4	2	2	3	3	4	4	2	2	3	3	1	1	1	1	1	1	2	2	9	9	6	6	1	1	1	1	1	1	1	1	1	1	1	1	8	8	53	53	1	1	1	1
IND00004	1	1	10	10	1	1	1	1	4	4	2	2	3	3	1	1	31	31	19	19	1	1	2	2	3	3	4	4	1	1	2	2	5	5	3	3	2	2	3	3	2	2	6	6	1	1	1	1	7	7	7	7	2	2	1	1	1	1	2	2	4	4	16	16	1	1	15	15	2	2	8	8	1	1	2	2	1	1	5	5	2	2	2	2	2	2	2	2	16	16	12	12	71	71	248	248	2	2	2	2	2	2	2	2	2	2	4	4	4	4	1	1	1	1	2	2	2	2	2	2	1	1	2	2	1	1	2	2	4	4	1	1	3	3	4	4	1	1	2	2	2	2	2	2	3	3	2	2	3	3	1	1	1	1	2	2	1	1	1	1	44	44	61	61	1	1	2	2
IND00005	9	9	15	15	4	4	4	4	3	3	4	4	8	8	3	3	27	27	28	28	4	4	4	4	5	5	5	5	4	4	2	2	8	8	7	7	2	2	2	2	4	4	7	7	1	1	2	2	5	5	8	8	2	2	2	2	1	1	1	1	12	12	2	2	15	15	15	15	1	1	5	5	2	2	1	1	8	8	3	3	1	1	2	2	1	1	2	2	1	1	5	5	1	1	70	70	1	1	1	1	1	1	1	1	4	4	2	2	1	1	4	4	2	2	1	1	2	2	1	1	4	4	3	3	1	1	2	2	3	3	2	2	1	1	2	2	2	2	2	2	1	1	1	1	16	16	10	10	3	3	4	4	1	1	2	2	1	1	1	1	11	11	36	36	1	1	1	1
IND00006	13	13	11	11	3	3	3	3	3	3	2	2	3	3	1	1	12	12	21	21	3	3	3	3	6	6	5	5	3	3	3	3	7	7	2	2	3	3	4	4	5	5	5	5	2	2	2	2	8	8	5	5	2	2	1	1	1	1	1	1	5	5	4	4	12	12	10	10	7	7	2	2	1	1	1	1	3	3	4	4	2	2	2	2	2	2	1	1	12	12	16	16	32	32	212	212	1	1	1	1	1	1	2	2	3	3	3	3	1	1	3	3	2	2	1	1	1	1	2	2	2	2	4	4	4	4	1	1	4	4	4	4	1	1	4	4	2	2	2	2	1	1	2	2	4	4	14	14	4	4	4	4	2	2	2	2	2	2	2	2	64	64	31	31	2	2	1	1
IND00007	8	8	4	4	1	1	2	2	4	4	3	3	1	1	2	2	30	30	32	32	3	3	3	3	5	5	1	1	1	1	2	2	6	6	6	6	4	4	3	3	1	1	1	1	1	1	1	1	4	4	7	7	1	1	2	2	1	1	2	2	3	3	5	5	10	10	3	3	4	4	7	7	1	1	2	2	5	5	3	3	2	2	2	2	1	1	2	2	10	10	16	16	149	149	49	49	1	1	2	2	2	2	2	2	4	4	2	2	2	2	2	2	2	2	2	2	2	2	2	2	3	3	2	2	3	3	4	4	4	4	1	1	1	1	4	4	1	1	2	2	1	1	2	2	1	1	16	16	5	5	1	1	2	2	1	1	2	2	1	1	38	38	42	42	2	2	1	1
IND00008	5	5	1	1	3	3	1	1	3	3	1	1	3	3	3	3	31	31	19	19	2	2	1	1	2	2	3	3	1	1	2	2	1	1	6	6	4	4	2	2	6	6	5	5	1	1	1	1	8	8	1	1	2	2	2	2	1	1	2	2	10	10	13	13	1	1	15	15	3	3	8	8	2	2	1	1	3	3	4	4	1	1	2	2	1	1	1	1	8	8	3	3	84	84	126	126	2	2	2	2	2	2	1	1	2	2	3	3	2	2	2	2	1	1	2	2	1	1	2	2	1	1	3	3	2	2	2	2	3	3	1	1	2	2	3	3	2	2	1	1	1	1	2	2	9	9	14	14	6	6	4	4	1	1	2	2	1	1	2	2	13	13	34	34	1	1	2	2
IND00009	12	12	2	2	2	2	4	4	4	4	3	3	3	3	1	1	11	11	30	30	2	2	4	4	3	3	1	1	3	3	2	2	7	7	5	5	1	1	2	2	8	8	2	2	1	1	1	1	5	5	7	7	2	2	1	1	2	2	1	1	15	15	3	3	10	10	4	4	8	8	1	1	1	1	1	1	5	5	2	2	2	2	2	2	2	2	1	1	7	7	15	15	148	148	158	158	1	1	1	1	1	1	2	2	2	2	1	1	2	2	3	3	2	2	1	1	1	1	2	2	4	4	1	1	2	2	1	1	3	3	2	2	4	4	3	3	2	2	1	1	1	1	1	1	5	5	16	16	5	5	7	7	2	2	1	1	2	2	1	1	16	16	58	58	2	2	1	1
IND00010	13	13	8	8	1	1	3	3	3	3	3	3	5	5	5	5	17	17	12	12	3	3	2	2	1	1	7	7	4	4	3	3	8	8	6	6	1	1	4	4	5	5	4	4	1	1	1	1	5	5	7	7	1	1	2	2	1	1	1	1	13	13	4	4	2	2	1	1	2	2	8	8	1	1	1	1	3	3	4	4	2	2	1	1	2	2	1	1	10	10	16	16	132	132	94	94	2	2	2	2	1	1	1	1	3	3	4	4	3	3	1	1	1	1	1	1	1	1	2	2	2	2	1	1	3	3	1	1	1	1	3	3	2	2	2	2	2	2	1	1	1	1	1	1	5	5	11	11	2	2	5	5	1	1	1	1	1	1	1	1	27	27	18	18	1	1	2	2
IND00011	10	10	5	5	1	1	2	2	1	1	3	3	8	8	6	6	26	26	27	27	1	1	2	2	3	3	3	3	1	1	1	1	4	4	2	2	4	4	1	1	2	2	7	7	2	2	1	1	3	3	6	6	2	2	1	1	1	1	1	1	10	10	2	2	9	9	14	14	6	6	3	3	2	2	1	1	6	6	5	5	2	2	2	2	1	1	2	2	2	2	2	2	188	188	66	66	2	2	2	2	1	1	1	1	3	3	3	3	3	3	3	3	2	2	2	2	1	1	1	1	1	1	3	3	2	2	2	2	3	3	2	2	3	3	1	1	2	2	2	2	1	1	1	1	2	2	2	2	2	2	7	7	1	1	2	2	2	2	2	2	57	57	30	30	2	2	2	2
IND00012	2	2	8	8	2	2	4	4	2	2	4	4	5	5	4	4	13	13	28	28	3	3	4	4	5	5	6	6	1	1	1	1	1	1	2	2	1	1	3	3	1	1	7	7	1	1	2	2	3	3	1	1	1	1	2	2	2	2	1	1	12	12	12	12	11	11	6	6	7	7	2	2	1	1	1	1	8	8	5	5	1	1	2	2	1	1	1	1	14	14	6	6	11	11	233	233	1	1	1	1	2	2	1	1	4	4	1	1	2	2	1	1	2	2	2	2	2	2	1	1	4	4	4	4	1	1	4	4	4	4	2	2	2	2	3	3	1	1	2	2	2	2	1	1	11	11	11	11	1	1	1	1	2	2	1	1	2	2	2	2	4	4	2	2	1	1	2	2
IND00013	4	4	16	16	4	4	2	2	4	4	2	2	8	8	6	6	15	15	22	22	3	3	3	3	1	1	3	3	1	1	3	3	7	7	7	7	3	3	1	1	6	6	3	3	2	2	2	2	8	8	1	1	2	2	1	1	1	1	1	1	12	12	9	9	6	6	14	14	2	2	2	2	2	2	2	2	4	4	3	3	2	2	1	1	1	1	1	1	7	7	13	13	99	99	218	218	1	1	2	2	1	1	1	1	1	1	4	4	4	4	2	2	2	2	1	1	2	2	1	1	4	4	4	4	3	3	1	1	2	2	2	2	2	2	4	4	1	1	1	1	2	2	1	1	9	9	11	11	4	4	3	3	1	1	2	2	2	2	1	1	22	22	43	43	2	2	2	2
IND00014	8	8	5	5	4	4	3	3	2	2	2	2	2	2	5	5	1	1	18	18	3	3	4	4	8	8	3	3	4	4	2	2	2	2	4	4	3	3	2	2	6	6	2	2	1	1	1	1	2	2	8	8	2	2	1	1	1	1	2	2	12	12	16	16	2	2	5	5	1	1	1	1	2	2	2	2	5	5	2	2	2	2	1	1	1	1	1	1	3	3	2	2	95	95	179	179	1	1	1	1	1	1	2	2	1	1	1	1	3	3	3	3	2	2	2	2	2	2	1	1	1	1	1	1	3	3	3	3	3	3	4	4	3	3	2	2	1	1	1	1	1	1	1	1	4	4	15	15	2	2	7	7	1	1	2	2	2	2	2	2	38	38	44	44	1	1	2	2
IND00015	2	2	2	2	4	4	1	1	3	3	2	2	6	6	5	5	30	30	14	14	3	3	1	1	2	2	1	1	3	3	3	3	5	5	4	4	4	4	4	4	2	2	6	6	2	2	2	2	3	3	4	4	2	2	1	1	2	2	2	2	6	6	14	14	8	8	1	1	2	2	6	6	2	2	2	2	8	8	2	2	2	2	1	1	1	1	2	2	13	13	3	3	246	246	171	171	1	1	2	2	2	2	2	2	1	1	3	3	3	3	3	3	2	2	2	2	1	1	1	1	4	4	2	2	4	4	2	2	1	1	1	1	2	2	4	4	2	2	2	2	1	1	2	2	6	6	14	14	4	4	5	5	2	2	2	2	2	2	1	1	63	63	5	5	2	2	1	1
IND00016	14	14	7	7	4	4	3	3	2	2	3	3	7	7	2	2	3	3	12	12	3	3	1	1	6	6	1	1	3	3	3	3	5	5	1	1	3	3	3	3	1	1	3	3	2	2	1	1	7	7	3	3	1	1	2	2	1	1	1	1	14	14	6	6	9	9	5	5	6	6	8	8	1	1	1	1	4	4	7	7	2	2	1	1	2	2	2	2	11	11	13	13	120	120	125	125	1	1	1	1	2	2	2	2	1	1	3	3	2	2	4	4	2	2	1	1	2	2	1	1	4	4	1	1	2	2	2	2	3	3	1	1	2	2	4	4	2	2	1	1	1	1	1	1	1	1	9	9	5	5	3	3	1	1	1	1	2	2	1	1	35	35	59	59	1	1	2	2
IND00017	2	2	10	10	2	2	2	2	1	1	2	2	6	6	7	7	24	24	16	16	2	2	4	4	2	2	6	6	1	1	4	4	7	7	4	4	2	2	2	2	6	6	3	3	1	1	1	1	7	7	7	7	2	2	2	2	1	1	1	1	7	7	11	11	13	13	2	2	2	2	5	5	1	1	1	1	6	6	3	3	1	1	2	2	2	2	1	1	15	15	6	6	117	117	128	128	1	1	1	1	1	1	2	2	2	2	4	4	4	4	3	3	2	2	2	2	2	2	2	2	4	4	4	4	1	1	4	4	2	2	3	3	1	1	1	1	1	1	2	2	2	2	2	2	13	13	1	1	4	4	7	7	1	1	1	1	1	1	2	2	13	13	15	15	2	2	1	1
IND00018	8	8	2	2	4	4	3	3	1	1	2	2	1	1	5	5	5	5	19	19	4	4	3	3	8	8	8	8	2	2	3	3	1	1	3	3	3	3	4	4	5	5	8	8	2	2	1	1	7	7	8	8	1	1	1	1	1	1	2	2	13	13	3	3	12	12	13	13	3	3	1	1	1	1	1	1	2	2	3	3	2	2	1	1	1	1	1	1	16	16	4	4	8	8	82	82	2	2	2	2	2	2	1	1	2	2	1	1	3	3	4	4	1	1	2	2	1	1	1	1	3	3	3	3	1	1	4	4	1	1	3	3	4	4	3	3	2	2	2	2	1	1	2	2	3	3	3	3	8	8	5	5	2	2	1	1	2	2	2	2	28	28	43	43	2	2	1	1
IND00019	4	4	8	8	3	3	4	4	1	1	2	2	2	2	1	1	32	32	16	16	1	1	4	4	5	5	7	7	2	2	3	3	7	7	5	5	2	2	4	4	4	4	3	3	1	1	1	1	6	6	8	8	2	2	1	1	1	1	1	1	15	15	10	10	6	6	14	14	8	8	8	8	2	2	1	1	2	2	6	6	2	2	2	2	1	1	1	1	11	11	4	4	70	70	4	4	2	2	2	2	2	2	1	1	2	2	3	3	4	4	2	2	1	1	1	1	1	1	2	2	2	2	4	4	2	2	2	2	4	4	2	2	2	2	3	3	1	1	1	1	1	1	2	2	4	4	7	7	2	2	4	4	1	1	1	1	1	1	1	1	59	59	3	3	2	2	1	1
IND00020	14	14	13	13	2	2	1	1	2	2	1	1	7	7	2	2	17	17	21	21	2	2	4	4	1	1	8	8	2	2	1	1	4	4	8	8	4	4	2	2	5	5	7	7	2	2	1	1	8	8	3	3	1	1	2	2	1	1	2	2	14	14	16	16	12	12	6	6	6	6	7	7	2	2	1	1	1	1	6	6	1	1	1	1	1	1	2	2	7	7	2	2	91	91	88	88	1	1	1	1	2	2	2	2	2	2	3	3	4	4	4	4	2	2	2	2	1	1	2	2	4	4	4	4	1	1	3	3	1	1	1	1	4	4	4	4	1	1	2	2	1	1	2	2	15	15	12	12	7	7	7	7	2	2	1	1	2	2	1	1	56	56	64	64	1	1	2	2
IND00021	8	8	15	15	3	3	3	3	4	4	2	2	1	1	8	8	16	16	6	6	4	4	4	4	2	2	2	2	1	1	1	1	6	6	2	2	1	1	2	2	6	6	1	1	2	2	2	2	8	8	6	6	2	2	2	2	2	2	1	1	15	15	4	4	9	9	1	1	8	8	7	7	1	1	1	1	1	1	7	7	2	2	2	2	2	2	2	2	7	7	16	16	71	71	232	232	1	1	1	1	1	1	2	2	2	2	2	2	4	4	2	2	1	1	1	1	1	1	1	1	4	4	3	3	4	4	3	3	4	4	4	4	1	1	1	1	1	1	1	1	2	2	1	1	14	14	16	16	2	2	1	1	1	1	2	2	2	2	2	2	27	27	59	59	1	1	2	2
IND00022	3	3	12	12	1	1	3	3	2	2	1	1	7	7	2	2	4	4	4	4	4	4	1	1	1	1	7	7	4	4	4	4	6	6	8	8	1	1	2	2	5	5	1	1	1	1	2	2	6	6	6	6	2	2	2	2	1	1	2	2	7	7	10	10	7	7	10	10	2	2	5	5	1	1	1	1	1	1	8	8	1	1	1	1	1	1	2	2	12	12	16	16	247	247	156	156	1	1	2	2	1	1	1	1	2	2	3	3	4	4	1	1	1	1	1	1	1	1	1	1	3	3	1	1	1	1	3	3	1	1	3	3	3	3	4	4	2	2	2	2	2	2	1	1	14	14	16	16	1	1	4	4	1	1	1	1	2	2	1	1	21	21	6	6	1	1	2	2
IND00023	2	2	1	1	3	3	2	2	4	4	4	4	2	2	8	8	19	19	1	1	1	1	4	4	2	2	3	3	3	3	1	1	2	2	5	5	2	2	3	3	5	5	1	1	2	2	1	1	1	1	3	3	1	1	1	1	1	1	1	1	16	16	6	6	14	14	14	14	8	8	4	4	2	2	2	2	3	3	6	6	1	1	1	1	1	1	2	2	9	9	3	3	185	185	91	91	1	1	1	1	2	2	1	1	4	4	1	1	2	2	2	2	2	2	1	1	2	2	2	2	1	1	4	4	1	1	2	2	1	1	4	4	1	1	2	2	2	2	2	2	2	2	1	1	3	3	1	1	6	6	8	8	2	2	1	1	2	2	2	2	56	56	47	47	2	2	2	2
IND00024	13	13	2	2	2	2	3	3	4	4	3	3	6	6	3	3	10	10	12	12	4	4	4	4	7	7	2	2	4	4	3	3	2	2	3	3	1	1	1	1	5	5	5	5	1	1	2	2	5	5	1	1	2	2	1	1	2	2	1	1	14	14	12	12	10	10	5	5	1	1	5	5	1	1	1	1	1	1	2	2	2	2	2	2	1	1	1	1	10	10	10	10	33	33	85	85	1	1	1	1	1	1	2	2	1	1	1	1	1	1	4	4	2	2	1	1	2	2	2	2	3	3	2	2	2	2	2	2	1	1	4	4	3	3	4	4	1	1	1	1	1	1	2	2	11	11	13	13	3	3	7	7	1	1	2	2	2	2	2	2	35	35	7	7	1	1	1	1
IND00025	1	1	16	16	3	3	3	3	2	2	4	4	7	7	2	2	23	23	22	22	1	1	1	1	7	7	2	2	4	4	3	3	6	6	6	6	4	4	4	4	1	1	2	2	2	2	1	1	6	6	4	4	2	2	1	1	1	1	1	1	7	7	16	16	14	14	16	16	3	3	7	7	1	1	2	2	7	7	6	6	1	1	2	2	2	2	1	1	3	3	4	4	157	157	234	234	2	2	2	2	2	2	2	2	4	4	4	4	1	1	2	2	1	1	1	1	2	2	1	1	4	4	2	2	4	4	3	3	4	4	1	1	1	1	4	4	2	2	2	2	2	2	1	1	4	4	1	1	7	7	1	1	1	1	2	2	1	1	1	1	21	21	62	62	2	2	2	2
IND00026	7	7	14	14	2	2	3	3	3	3	1	1	3	3	1	1	6	6	9	9	4	4	1	1	2	2	4	4	1	1	2	2	3	3	6	6	4	4	4	4	8	8	3	3	2	2	2	2	5	5	2	2	2	2	1	1	2	2	2	2	6	6	8	8	9	9	7	7	7	7	5	5	1	1	2	2	7	7	7	7	2	2	1	1	2	2	2	2	10	10	12	12	252	252	20	20	2	2	1	1	2	2	1	1	2	2	4	4	1	1	1	1	2	2	1	1	1	1	1	1	4	4	3	3	2	2	3	3	4	4	2	2	4	4	3	3	1	1	1	1	2	2	1	1	5	5	15	15	1	1	5	5	1	1	1	1	2	2	1	1	20	20	51	51	1	1	1	1
IND00027	1	1	7	7	2	2	4	4	2	2	3	3	3	3	6	6	18	18	21	21	2	2	4	4	3	3	2	2	4	4	2	2	3	3	5	5	2	2	1	1	3	3	1	1	2	2	2	2	4	4	8	8	2	2	2	2	1	1	1	1	2	2	11	11	15	15	16	16	6	6	1	1	1	1	2	2	5	5	6	6	1	1	2	2	1	1	1	1	12	12	5	5	14	14	216	216	2	2	1	1	2	2	1	1	2	2	4	4	2	2	1	1	2	2	2	2	1	1	1	1	3	3	2	2	1	1	4	4	4	4	2	2	4	4	3	3	1	1	2	2	2	2	1	1	2	2	8	8	6	6	2	2	2	2	1	1	1	1	2	2	42	42	57	57	1	1	1	1
IND00028	4	4	16	16	2	2	2	2	2	2	3	3	5	5	3	3	28	28	4	4	3	3	3	3	2	2	7	7	3	3	2	2	5	5	1	1	2	2	2	2	5	5	1	1	2	2	1	1	4	4	4	4	1	1	2	2	1	1	2	2	11	11	14	14	14	14	5	5	7	7	2	2	1	1	1	1	3	3	8	8	2	2	2	2	1	1	2	2	2	2	4	4	229	229	77	77	1	1	2	2	1	1	1	1	4	4	2	2	1	1	1	1	2	2	1	1	1	1	1	1	2	2	4	4	1	1	3	3	3	3	4	4	3	3	2	2	1	1	1	1	2	2	1	1	6	6	9	9	7	7	5	5	1	1	2	2	1	1	1	1	58	58	45	45	1	1	2	2
IND00029	8	8	9	9	2	2	2	2	2	2	3	3	2	2	7	7	23	23	22	22	4	4	1	1	4	4	1	1	4	4	4	4	2	2	5	5	4	4	4	4	3	3	6	6	2	2	1	1	6	6	5	5	1	1	2	2	1	1	1	1	15	15	6	6	14	14	10	10	2	2	4	4	2	2	1	1	5	5	8	8	2	2	2	2	1	1	2	2	5	5	8	8	163	163	112	112	2	2	1	1	2	2	1	1	3	3	4	4	2	2	3	3	2	2	1	1	1	1	2	2	3	3	2	2	2	2	1	1	2	2	1	1	4	4	1	1	1	1	1	1	1	1	1	1	15	15	11	11	3	3	8	8	1	1	1	1	2	2	2	2	54	54	64	64	1	1	2	2
IND00030	6	6	16	16	1	1	3	3	3	3	4	4	2	2	4	4	31	31	8	8	3	3	2	2	2	2	7	7	1	1	3	3	7	7	6	6	4	4	3	3	4	4	2	2	2	2	1	1	5	5	7	7	1	1	1	1	2	2	2	2	14	14	1	1	6	6	11	11	7	7	1	1	1	1	1	1	3	3	1	1	1	1	1	1	2	2	1	1	4	4	8	8	165	165	10	10	1	1	2	2	2	2	1	1	2	2	3	3	1	1	3	3	1	1	1	1	2	2	1	1	1	1	3	3	4	4	4	4	4	4	4	4	2	2	2	2	1	1	1	1	2	2	2	2	13	13	9	9	6	6	3	3	2	2	2	2	2	2	1	1	24	24	14	14	2	2	2	2
IND00031	12	12	9	9	1	1	3	3	4	4	2	2	2	2	2	2	5	5	29	29	4	4	2	2	5	5	6	6	4	4	4	4	8	8	3	3	4	4	4	4	2	2	8	8	1	1	1	1	1	1	2	2	2	2	2	2	2	2	1	1	1	1	16	16	14	14	5	5	4	4	5	5	1	1	1	1	7	7	7	7	1	1	1	1	2	2	1	1	11	11	9	9	31	31	58	58	1	1	2	2	1	1	2	2	2	2	4	4	3	3	3	3	2	2	1	1	1	1	1	1	1	1	2	2	1	1	4	4	2	2	3	3	3	3	4	4	1	1	1	1	1	1	1	1	3	3	2	2	8	8	2	2	2	2	2	2	1	1	1	1	38	38	58	58	1	1	2	2
IND00032	11	11	4	4	4	4	1	1	3	3	2	2	6	6	5	5	12	12	9	9	2	2	1	1	5	5	7	7	1	1	1	1	1	1	6	6	3	3	2	2	5	5	6	6	1	1	2	2	5	5	7	7	1	1	1	1	2	2	1	1	15	15	5	5	7	7	14	14	7	7	7	7	2	2	2	2	3	3	3	3	1	1	1	1	2	2	2	2	3	3	8	8	82	82	168	168	2	2	1	1	2	2	1	1	3	3	2	2	2	2	1	1	1	1	2	2	1	1	1	1	4	4	2	2	3	3	2	2	1	1	1	1	1	1	1	1	1	1	2	2	1	1	1	1	5	5	14	14	3	3	2	2	2	2	1	1	2	2	1	1	15	15	23	23	2	2	2	2
IND00033	16	16	9	9	1	1	1	1	2	2	3	3	2	2	4	4	26	26	32	32	1	1	3	3	6	6	4	4	2	2	2	2	2	2	3	3	4	4	2	2	6	6	3	3	2	2	1	1	8	8	1	1	2	2	1	1	1	1	1	1	16	16	13	13	9	9	9	9	3	3	1	1	1	1	1	1	5	5	5	5	2	2	2	2	2	2	1	1	15	15	3	3	38	38	36	36	2	2	1	1	1	1	1	1	4	4	2	2	1	1	4	4	2	2	1	1	1	1	2	2	4	4	3	3	3	3	4	4	4	4	4	4	2	2	1	1	1	1	1	1	1	1	1	1	8	8	3	3	7	7	2	2	2	2	2	2	2	2	2	2	45	45	30	30	1	1	1	1
IND00034	14	14	16	16	4	4	2	2	2	2	4	4	3	3	1	1	22	22	20	20	3	3	2	2	8	8	4	4	1	1	2	2	7	7	8	8	1	1	3	3	4	4	8	8	2	2	2	2	8	8	5	5	2	2	1	1	2	2	2	2	4	4	5	5	15	15	15	15	4	4	2	2	1	1	2	2	8	8	3	3	1	1	1	1	2	2	1	1	1	1	3	3	177	177	38	38	1	1	2	2	1	1	2	2	4	4	1	1	3	3	4	4	1	1	1	1	2	2	1	1	4	4	4	4	4	4	4	4	3	3	1	1	4	4	4	4	2	2	1	1	2	2	2	2	8	8	14	14	3	3	1	1	1	1	1	1	1	1	1	1	48	48	42	42	1	1	2	2
IND00035	6	6	2	2	3	3	2	2	1	1	1	1	6	6	2	2	27	27	2	2	4	4	3	3	2	2	2	2	3	3	1	1	8	8	5	5	4	4	4	4	2	2	2	2	2	2	2	2	7	7	3	3	2	2	1	1	2	2	2	2	3	3	15	15	15	15	10	10	8	8	6	6	1	1	2	2	3	3	4	4	1	1	2	2	1	1	2	2	16	16	5	5	33	33	136	136	2	2	2	2	2	2	2	2	3	3	1	1	3	3	1	1	2	2	1	1	2	2	1	1	3	3	3	3	2	2	2	2	1	1	3	3	3	3	3	3	1	1	2	2	1	1	2	2	13	13	15	15	2	2	7	7	1	1	1	1	1	1	1	1	27	27	2	2	1	1	2	2
IND00036	7	7	2	2	2	2	1	1	2	2	1	1	4	4	3	3	6	6	14	14	4	4	2	2	1	1	7	7	1	1	1	1	3	3	6	6	2	2	2	2	6	6	7	7	2	2	2	2	8	8	8	8	2	2	2	2	1	1	1	1	4	4	15	15	1	1	12	12	1	1	1	1	2	2	2	2	3	3	1	1	2	2	1	1	1	1	2	2	11	11	14	14	199	199	237	237	2	2	2	2	2	2	2	2	1	1	1	1	4	4	4	4	1	1	1	1	2	2	2	2	3	3	4	4	2	2	1	1	3	3	1	1	2	2	4	4	2	2	1	1	1	1	1	1	12	12	7	7	5	5	4	4	1	1	2	2	2	2	1	1	56	56	59	59	1	1	1	1
IND00037	3	3	9	9	2	2	4	4	3	3	2	2	4	4	8	8	30	30	5	5	4	4	2	2	5	5	7	7	3	3	2	2	4	4	4	4	3	3	2	2	7	7	5	5	1	1	2	2	8	8	7	7	2	2	2	2	2	2	2	2	16	16	7	7	5	5	15	15	2	2	6	6	2	2	1	1	5	5	6	6	1	1	1	1	1	1	2	2	1	1	9	9	42	42	210	210	1	1	2	2	2	2	1	1	4	4	2	2	3	3	2	2	2	2	1	1	1	1	2	2	4	4	2	2	3	3	2	2	2	2	1	1	2	2	2	2	2	2	1	1	2	2	1	1	2	2	8	8	1	1	1	1	2	2	2	2	1	1	1	1	43	43	15	15	1	1	1	1
IND00038	3	3	16	16	4	4	3	3	3	3	4	4	4	4	2	2	15	15	32	32	1	1	2	2	3	3	6	6	1	1	2	2	7	7	2	2	3	3	2	2	2	2	1	1	1	1	2	2	5	5	4	4	2	2	2	2	1	1	2	2	13	13	9	9	8	8	9	9	7	7	7	7	2	2	2	2	2	2	8	8	1	1	2	2	1	1	1	1	10	10	6	6	53	53	134	134	1	1	2	2	2	2	2	2	2	2	4	4	2	2	2	2	1	1	1	1	2	2	2	2	1	1	3	3	4	4	1	1	1	1	1	1	3	3	1	1	2	2	2	2	2	2	1	1	2	2	14	14	3	3	4	4	1	1	2	2	2	2	2	2	60	60	41	41	2	2	2	2
IND00039	6	6	12	12	1	1	1	1	1	1	2	2	6	6	7	7	9	9	4	4	3	3	2	2	2	2	4	4	1	1	1	1	1	1	7	7	2	2	4	4	4	4	8	8	2	2	2	2	4	4	6	6	1	1	2	2	2	2	2	2	4	4	12	12	4	4	12	12	1	1	8	8	2	2	2	2	2	2	6	6	1	1	2	2	2	2	1	1	9	9	12	12	64	64	194	194	2	2	1	1	1	1	1	1	3	3	2	2	4	4	1	1	2	2	1	1	1	1	2	2	1	1	2	2	4	4	4	4	3	3	3	3	4	4	4	4	1	1	2	2	2	2	2	2	6	6	3	3	5	5	2	2	2	2	1	1	1	1	1	1	11	11	43	43	2	2	2	2
IND00040	1	1	12	12	3	3	4	4	4	4	4	4	6	6	8	8	28	28	9	9	4	4	2	2	2	2	8	8	1	1	4	4	7	7	7	7	3	3	2	2	5	5	4	4	1	1	2	2	6	6	3	3	1	1	1	1	1	1	1	1	4	4	13	13	10	10	14	14	4	4	8	8	1	1	1	1	2	2	5	5	1	1	1	1	1	1	2	2	4	4	3	3	71	71	220	220	2	2	2	2	2	2	2	2	3	3	4	4	3	3	2	2	1	1	1	1	1	1	2	2	3	3	2	2	1	1	2	2	2	2	1	1	4	4	2	2	1	1	2	2	2	2	2	2	6	6	5	5	4	4	4	4	2	2	1	1	2	2	1	1	31	31	14	14	1	1	1	1
IND00041	11	11	3	3	4	4	3	3	2	2	1	1	6	6	8	8	32	32	3	3	2	2	1	1	2	2	3	3	4	4	2	2	1	1	2	2	1	1	4	4	4	4	8	8	1	1	1	1	3	3	1	1	2	2	2	2	1	1	1	1	16	16	10	10	4	4	3	3	8	8	2	2	1	1	2	2	6	6	4	4	2	2	1	1	1	1	2	2	4	4	15	15	85	85	9	9	1	1	2	2	1	1	1	1	4	4	2	2	2	2	2	2	1	1	1	1	1	1	1	1	3	3	1	1	3	3	4	4	4	4	3	3	1	1	1	1	2	2	2	2	1	1	1	1	8	8	6	6	5	5	8	8	1	1	1	1	1	1	2	2	33	33	52	52	1	1	2	2
IND00042	9	9	4	4	4	4	3	3	3	3	1	1	6	6	2	2	23	23	2	2	2	2	3	3	4	4	5	5	4	4	1	1	3	3	3	3	2	2	4	4	6	6	7	7	1	1	1	1	8	8	5	5	1	1	2	2	1	1	2	2	16	16	14	14	5	5	10	10	7	7	3	3	1	1	2	2	7	7	8	8	1	1	1	1	1	1	2	2	9	9	10	10	61	61	148	148	2	2	1	1	1	1	1	1	2	2	1	1	1	1	3	3	1	1	1	1	2	2	1	1	2	2	1	1	2	2	4	4	1	1	1	1	2	2	4	4	1	1	2	2	2	2	1	1	9	9	12	12	1	1	2	2	1	1	2	2	1	1	2	2	15	15	21	21	1	1	1	1
IND00043	3	3	6	6	1	1	3	3	4	4	3	3	8	8	2	2	15	15	4	4	4	4	4	4	4	4	1	1	4	4	2	2	5	5	3	3	1	1	2	2	1	1	8	8	1	1	1	1	2	2	8	8	2	2	2	2	2	2	1	1	11	11	12	12	2	2	7	7	8	8	7	7	2	2	2	2	6	6	1	1	2	2	1	1	1	1	1	1	3	3	11	11	3	3	233	233	2	2	1	1	1	1	1	1	1	1	3	3	2	2	1	1	2	2	2	2	1	1	2	2	3	3	3	3	1	1	1	1	2	2	4	4	3	3	3	3	1	1	2	2	2	2	2	2	14	14	2	2	2	2	7	7	2	2	2	2	1	1	2	2	64	64	52	52	2	2	2	2
IND00044	14	14	7	7	3	3	1	1	2	2	2	2	6	6	2	2	22	22	9	9	2	2	4	4	6	6	6	6	2	2	1	1	7	7	1	1	4	4	2	2	4	4	1	1	2	2	1	1	3	3	3	3	1	1	1	1	1	1	2	2	10	10	7	7	16	16	6	6	8	8	2	2	1	1	2	2	4	4	2	2	2	2	1	1	2	2	1	1	3	3	12	12	214	214	167	167	1	1	1	1	1	1	2	2	1	1	2	2	1	1	3	3	2	2	2	2	2	2	2	2	1	1	2	2	3	3	2	2	4	4	4	4	4	4	4	4	1	1	2	2	2	2	1	1	16	16	4	4	5	5	6	6	2	2	2	2	2	2	2	2	57	57	50	50	2	2	1	1
IND00045	1	1	14	14	2	2	2	2	2	2	2	2	4	4	4	4	17	17	24	24	3	3	4	4	4	4	4	4	2	2	2	2	2	2	3	3	2	2	3	3	5	5	2	2	1	1	1	1	1	1	2	2	2	2	1	1	2	2	1	1	5	5	13	13	14	14	2	2	4	4	2	2	2	2	1	1	2	2	6	6	2	2	1	1	1	1	1	1	4	4	7	7	218	218	180	180	2	2	1	1	1	1	1	1	2	2	2	2	1	1	1	1	1	1	2	2	1	1	2	2	3	3	1	1	1	1	4	4	2	2	1	1	2	2	2	2	2	2	1	1	1	1	1	1	15	15	13	13	2	2	2	2	1	1	1	1	1	1	1	1	57	57	46	46	2	2	2	2
IND00046	5	5	7	7	1	1	3	3	4	4	3	3	2	2	1	1	13	13	11	11	2	2	1	1	5	5	8	8	2	2	4	4	1	1	3	3	2	2	4	4	5	5	6	6	2	2	1	1	4	4	7	7	2	2	2	2	2	2	1	1	11	11	15	15	4	4	6	6	7	7	1	1	1	1	2	2	2	2	5	5	2	2	2	2	1	1	2	2	9	9	14	14	239	239	245	245	1	1	1	1	1	1	1	1	1	1	1	1	4	4	1	1	1	1	1	1	1	1	2	2	1	1	4	4	3	3	3	3	3	3	3	3	1	1	4	4	2	2	2	2	2	2	2	2	9	9	2	2	6	6	1	1	2	2	2	2	2	2	1	1	44	44	30	30	2	2	1	1
IND00047	14	14	6	6	4	4	4	4	2	2	2	2	4	4	1	1	13	13	11	11	1	1	3	3	2	2	1	1	2	2	1	1	4	4	3	3	4	4	3	3	8	8	1	1	2	2	2	2	1	1	6	6	1	1	2	2	2	2	1	1	8	8	2	2	13	13	12	12	8	8	3	3	1	1	2	2	3	3	2	2	2	2	2	2	1	1	2	2	6	6	16	16	25	25	228	228	1	1	2	2	1	1	2	2	2	2	2	2	4	4	4	4	2	2	1	1	1	1	1	1	1	1	3	3	3	3	1	1	3	3	1	1	2	2	2	2	1	1	1	1	1	1	1	1	14	14	4	4	2	2	1	1	2	2	1	1	1	1	2	2	2	2	59	59	1	1	1	1
IND00048	2	2	16	16	2	2	1	1	1	1	3	3	7	7	6	6	32	32	30	30	1	1	2	2	4	4	3	3	2	2	4	4	7	7	4	4	3	3	2	2	2	2	5	5	2	2	2	2	2	2	2	2	1	1	2	2	1	1	2	2	1	1	3	3	11	11	12	12	5	5	5	5	2	2	2	2	5	5	2	2	2	2	2	2	2	2	2	2	5	5	11	11	139	139	50	50	1	1	2	2	2	2	1	1	3	3	3	3	2	2	2	2	1	1	2	2	2	2	2	2	3	3	2	2	2	2	4	4	1	1	1	1	1	1	1	1	1	1	1	1	1	1	1	1	6	6	16	16	8	8	4	4	2	2	2	2	1	1	2	2	36	36	26	26	1	1	2	2
IND00049	2	2	16	16	4	4	2	2	3	3	1	1	1	1	5	5	27	27	7	7	4	4	2	2	3	3	1	1	1	1	3	3	2	2	5	5	4	4	3	3	5	5	7	7	1	1	2	2	8	8	7	7	2	2	2	2	1	1	2	2	5	5	4	4	15	15	5	5	6	6	3	3	2	2	2	2	8	8	4	4	1	1	2	2	2	2	1	1	6	6	12	12	157	157	41	41	1	1	2	2	1	1	1	1	2	2	3	3	1	1	4	4	1	1	1	1	1	1	2	2	1	1	1	1	2	2	4	4	2	2	2	2	1	1	1	1	1	1	1	1	1	1	2	2	16	16	3	3	3	3	2	2	2	2	2	2	2	2	1	1	59	59	14	14	2	2	1	1
IND00050	13	13	16	16	3	3	4	4	3	3	1	1	5	5	8	8	29	29	14	14	3	3	3	3	3	3	6	6	3	3	3	3	4	4	4	4	2	2	4	4	4	4	6	6	2	2	2	2	8	8	3	3	2	2	1	1	1	1	1	1	16	16	9	9	14	14	2	2	5	5	3	3	1	1	2	2	6	6	2	2	2	2	1	1	1	1	2	2	4	4	10	10	234	234	95	95	1	1	1	1	2	2	1	1	3	3	4	4	2	2	2	2	2	2	2	2	1	1	2	2	2	2	4	4	2	2	1	1	1	1	2	2	1	1	3	3	1	1	1	1	1	1	1	1	1	1	4	4	3	3	6	6	1	1	2	2	2	2	1	1	24	24	4	4	2	2	2	2
IND00051	6	6	16	16	1	1	4	4	1	1	4	4	1	1	8	8	26	26	20	20	2	2	4	4	4	4	8	8	4	4	3	3	1	1	3	3	1	1	3	3	4	4	7	7	2	2	1	1	5	5	7	7	1	1	2	2	1	1	2	2	5	5	12	12	6	6	16	16	6	6	2	2	1	1	1	1	2	2	1	1	1	1	1	1	1	1	1	1	9	9	15	15	172	172	137	137	2	2	1	1	1	1	2	2	2	2	4	4	3	3	4	4	1	1	1	1	2	2	1	1	4	4	1	1	1	1	1	1	2	2	3	3	4	4	1	1	1	1	2	2	1	1	2	2	12	12	12	12	3	3	7	7	1	1	1	1	1	1	1	1	64	64	51	51	1	1	1	1
IND00052	13	13	11	11	3	3	3	3	4	4	4	4	8	8	6	6	18	18	4	4	3	3	4	4	5	5	3	3	4	4	3	3	6	6	3	3	4	4	2	2	4	4	6	6	1	1	1	1	3	3	7	7	1	1	2	2	1	1	1	1	7	7	6	6	6	6	7	7	1	1	3	3	2	2	1	1	2	2	4	4	2	2	1	1	2	2	2	2	10	10	1	1	241	241	111	111	2	2	2	2	2	2	2	2	2	2	3	3	3	3	2	2	2	2	2	2	2	2	2	2	2	2	4	4	1	1	3	3	3	3	4	4	4	4	2	2	2	2	2	2	2	2	2	2	5	5	9	9	3	3	5	5	1	1	1	1	1	1	2	2	61	61	56	56	2	2	2	2
IND00053	8	8	10	10	2	2	2	2	1	1	1	1	5	5	1	1	1	1	24	24	2	2	4	4	5	5	1	1	4	4	4	4	3	3	1	1	2	2	2	2	5	5	8	8	2	2	2	2	6	6	1	1	1	1	1	1	1	1	1	1	7	7	1	1	11	11	7	7	6	6	7	7	2	2	1	1	7	7	1	1	2	2	2	2	1	1	1	1	12	12	14	14	19	19	65	65	2	2	1	1	2	2	2	2	2	2	2	2	3	3	3	3	2	2	2	2	2	2	1	1	1	1	4	4	1	1	2	2	2	2	2	2	3	3	3	3	1	1	2	2	2	2	2	2	10	10	16	16	3	3	3	3	1	1	2	2	2	2	2	2	37	37	15	15	2	2	1	1
IND00054	5	5	5	5	1	1	3	3	3	3	2	2	4	4	5	5	10	10	15	15	1	1	2	2	2	2	7	7	2	2	2	2	3	3	2	2	2	2	2	2	5	5	7	7	2	2	2	2	1	1	6	6	2	2	2	2	2	2	2	2	15	15	15	15	9	9	14	14	4	4	4	4	1	1	1	1	4	4	2	2	1	1	1	1	1	1	1	1	14	14	4	4	35	35	254	254	2	2	2	2	2	2	2	2	3	3	4	4	1	1	3	3	2	2	1	1	2	2	1	1	3	3	2	2	2	2	4	4	4	4	1	1	2	2	3	3	2	2	1	1	1	1	2	2	4	4	7	7	4	4	4	4	1	1	2	2	2	2	2	2	41	41	14	14	1	1	1	1
IND00055	16	16	9	9	2	2	2	2	4	4	4	4	5	5	8	8	10	10	18	18	1	1	3	3	5	5	5	5	1	1	4	4	4	4	1	1	4	4	2	2	3	3	6	6	2	2	1	1	2	2	2	2	1	1	2	2	1	1	2	2	15	15	5	5	3	3	2	2	5	5	7	7	1	1	2	2	1	1	6	6	2	2	2	2	1	1	2	2	10	10	4	4	117	117	14	14	1	1	1	1	2	2	2	2	4	4	3	3	1	1	2	2	1	1	1	1	1	1	1	1	4	4	3	3	3	3	4	4	2	2	2	2	3	3	2	2	1	1	1	1	2	2	2	2	11	11	6	6	3	3	2	2	1	1	1	1	2	2	1	1	14	14	15	15	1	1	1	1
IND00056	6	6	13	13	1	1	4	4	1	1	4	4	6	6	2	2	2	2	18	18	4	4	3	3	8	8	2	2	3	3	3	3	3	3	4	4	2	2	2	2	2	2	1	1	2	2	1	1	2	2	1	1	2	2	2	2	1	1	1	1	3	3	14	14	5	5	15	15	8	8	4	4	1	1	2	2	6	6	3	3	2	2	1	1	1	1	2	2	6	6	16	16	170	170	146	146	2	2	1	1	2	2	1	1	1	1	2	2	2	2	4	4	2	2	2	2	2	2	1	1	3	3	1	1	3	3	2	2	3	3	2	2	1	1	2	2	1	1	2	2	2	2	1	1	12	12	10	10	7	7	6	6	1	1	2	2	1	1	1	1	8	8	26	26	2	2	2	2
IND00057	7	7	5	5	1	1	3	3	3	3	1	1	8	8	6	6	30	30	24	24	3	3	3	3	4	4	2	2	3	3	2	2	6	6	4	4	1	1	3	3	5	5	7	7	1	1	2	2	2	2	1	1	2	2	1	1	1	1	1	1	16	16	12	12	1	1	9	9	4	4	5	5	2	2	1	1	5	5	7	7	2	2	1	1	1	1	1	1	10	10	12	12	121	121	241	241	2	2	1	1	2	2	1	1	2	2	3	3	4	4	2	2	2	2	2	2	1	1	2	2	3	3	3	3	4	4	2	2	4	4	2	2	4	4	3	3	1	1	1	1	1	1	2	2	3	3	9	9	7	7	2	2	2	2	1	1	1	1	2	2	58	58	59	59	1	1	2	2
IND00058	8	8	7	7	4	4	1	1	2	2	4	4	8	8	7	7	27	27	10	10	1	1	4	4	1	1	4	4	3	3	1	1	6	6	8	8	2	2	2	2	1	1	5	5	1	1	2	2	5	5	8	8	1	1	1	1	2	2	2	2	12	12	12	12	11	11	1	1	5	5	1	1	1	1	1	1	2	2	8	8	1	1	2	2	2	2	1	1	13	13	4	4	50	50	185	185	2	2	1	1	2	2	2	2	1	1	3	3	3	3	4	4	2	2	2	2	2	2	2	2	4	4	1	1	3	3	2	2	3	3	3	3	1	1	3	3	2	2	2	2	1	1	2	2	1	1	8	8	4	4	3	3	1	1	1	1	2	2	1	1	48	48	9	9	2	2	2	2
IND00059	11	11	6	6	1	1	3	3	4	4	3	3	2	2	6	6	11	11	6	6	3	3	3	3	1	1	7	7	4	4	3	3	6	6	5	5	4	4	2	2	1	1	7	7	1	1	1	1	3	3	3	3	1	1	2	2	1	1	1	1	5	5	6	6	9	9	4	4	6	6	1	1	2	2	1	1	4	4	3	3	2	2	2	2	2	2	2	2	12	12	4	4	122	122	6	6	1	1	2	2	1	1	1	1	4	4	2	2	4	4	1	1	2	2	1	1	1	1	1	1	4	4	3	3	3	3	3	3	1	1	1	1	3	3	3	3	1	1	1	1	1	1	2	2	12	12	16	16	5	5	2	2	2	2	1	1	2	2	1	1	46	46	27	27	2	2	1	1
IND00060	10	10	11	11	3	3	3	3	2	2	4	4	1	1	3	3	20	20	4	4	3	3	1	1	6	6	2	2	4	4	1	1	4	4	7	7	4	4	1	1	6	6	7	7	1	1	2	2	3	3	2	2	1	1	2	2	1	1	1	1	13	13	14	14	16	16	12	12	6	6	8	8	2	2	1	1	3	3	4	4	2	2	1	1	1	1	1	1	15	15	10	10	154	154	58	58	1	1	1	1	2	2	1	1	3	3	2	2	2	2	1	1	2	2	2	2	1	1	1	1	1	1	1	1	3	3	2	2	4	4	1	1	3	3	1	1	1	1	2	2	2	2	2	2	7	7	16	16	7	7	2	2	1	1	1	1	1	1	1	1	32	32	36	36	1	1	1	1
IND00061	11	11	14	14	3	3	3	3	4	4	1	1	8	8	4	4	5	5	25	25	4	4	4	4	6	6	1	1	3	3	2	2	7	7	8	8	3	3	4	4	8	8	8	8	1	1	1	1	5	5	4	4	1	1	1	1	2	2	2	2	6	6	2	2	5	5	4	4	3	3	7	7	2	2	2	2	4	4	7	7	2	2	1	1	2	2	1	1	5	5	15	15	190	190	186	186	1	1	1	1	2	2	1	1	2	2	2	2	3	3	1	1	1	1	2	2	1	1	1	1	2	2	3	3	1	1	3	3	1	1	3	3	4	4	4	4	2	2	2	2	1	1	1	1	13	13	3	3	2	2	5	5	1	1	2	2	1	1	2	2	4	4	9	9	1	1	1	1
IND00062	11	11	11	11	1	1	1	1	2	2	3	3	1	1	6	6	12	12	2	2	4	4	1	1	7	7	8	8	4	4	1	1	4	4	3	3	1	1	4	4	5	5	1	1	2	2	1	1	6	6	4	4	2	2	2	2	1	1	1	1	3	3	12	12	3	3	9	9	5	5	7	7	2	2	1	1	6	6	5	5	2	2	1	1	2	2	1	1	12	12	8	8	183	183	18	18	2	2	1	1	1	1	2	2	3	3	4	4	1	1	3	3	1	1	2	2	1	1	2	2	4	4	2	2	1	1	1	1	3	3	4	4	3	3	1	1	1	1	1	1	2	2	1	1	4	4	15	15	7	7	5	5	2	2	1	1	2	2	1	1	30	30	60	60	2	2	2	2
IND00063	10	10	5	5	1	1	3	3	3	3	2	2	5	5	7	7	11	11	16	16	2	2	2	2	3	3	2	2	2	2	1	1	6	6	6	6	4	4	2	2	5	5	5	5	2	2	2	2	3	3	3	3	2	2	2	2	1	1	2	2	6	6	13	13	2	2	7	7	2	2	8	8	2	2	2	2	6	6	8	8	2	2	1	1	2	2	1	1	6	6	12	12	240	240	72	72	1	1	1	1	2	2	2	2	2	2	2	2	2	2	3	3	1	1	2	2	1	1	2	2	2	2	1	1	1	1	2	2	3	3	4	4	2	2	3	3	2	2	2	2	2	2	2	2	10	10	9	9	4	4	3	3	1	1	2	2	1	1	2	2	52	52	7	7	1	1	2	2
IND00064	11	11	2	2	2	2	4	4	3	3	1	1	8	8	7	7	14	14	9	9	4	4	4	4	8	8	4	4	1	1	1	1	2	2	2	2	2	2	3	3	4	4	7	7	2	2	2	2	4	4	6	6	2	2	1	1	2	2	2	2	8	8	14	14	11	11	1	1	5	5	1	1	1	1	2	2	6	6	3	3	1	1	2	2	2	2	2	2	16	16	2	2	83	83	238	238	2	2	1	1	1	1	1	1	2	2	3	3	4	4	2	2	1	1	1	1	2	2	1	1	2	2	1	1	1	1	1	1	4	4	1	1	4	4	3	3	2	2	1	1	2	2	1	1	13	13	5	5	6	6	6	6	2	2	1	1	2	2	2	2	50	50	49	49	2	2	1	1
IND00065	14	14	4	4	3	3	1	1	1	1	3	3	7	7	7	7	24	24	10	10	4	4	2	2	1	1	1	1	2	2	1	1	5	5	2	2	4	4	4	4	1	1	6	6	2	2	2	2	1	1	8	8	2	2	1	1	2	2	2	2	15	15	5	5	12	12	10	10	8	8	7	7	1	1	1	1	1	1	3	3	1	1	2	2	2	2	2	2	4	4	9	9	245	245	16	16	1	1	1	1	1	1	1	1	4	4	3	3	1	1	3	3	2	2	1	1	1	1	1	1	1	1	3	3	1	1	2	2	4	4	1	1	1	1	4	4	2	2	2	2	1	1	1	1	2	2	3	3	7	7	8	8	1	1	1	1	1	1	2	2	38	38	61	61	2	2	1	1
IND00066	10	10	11	11	3	3	3	3	1	1	3	3	6	6	7	7	7	7	17	17	1	1	3	3	6	6	1	1	4	4	2	2	6	6	1	1	3	3	1	1	2	2	5	5	2	2	2	2	2	2	5	5	2	2	1	1	1	1	2	2	9	9	4	4	16	16	16	16	2	2	8	8	2	2	2	2	1	1	4	4	1	1	1	1	2	2	1	1	1	1	4	4	184	184	21	21	1	1	2	2	2	2	2	2	1	1	2	2	2	2	1	1	1	1	1	1	2	2	1	1	4	4	2	2	4	4	3	3	2	2	4	4	2	2	1	1	1	1	1	1	2	2	1	1	16	16	11	11	4	4	8	8	2	2	1	1	2	2	2	2	9	9	20	20	1	1	1	1
IND00067	15	15	2	2	3	3	4	4	4	4	3	3	2	2	5	5	20	20	13	13	1	1	1	1	4	4	1	1	4	4	1	1	2	2	7	7	1	1	4	4	6	6	3	3	1	1	1	1	4	4	6	6	1	1	1	1	1	1	1	1	10	10	14	14	10	10	16	16	7	7	1	1	2	2	2	2	4	4	8	8	2	2	2	2	2	2	2	2	8	8	1	1	180	180	215	215	1	1	1	1	2	2	1	1	1	1	1	1	3	3	1	1	1	1	2	2	2	2	2	2	1	1	3	3	4	4	2	2	2	2	3	3	4	4	2	2	1	1	1	1	1	1	1	1	9	9	13	13	3	3	2	2	1	1	1	1	2	2	2	2	33	33	13	13	1	1	1	1
IND00068	14	14	3	3	1	1	3	3	2	2	2	2	6	6	6	6	27	27	13	13	1	1	3	3	5	5	4	4	1	1	2	2	3	3	5	5	2	2	1	1	8	8	2	2	2	2	2	2	3	3	6	6	1	1	2	2	2	2	2	2	11	11	13	13	5	5	12	12	7	7	5	5	1	1	2	2	1	1	2	2	2	2	1	1	2	2	1	1	9	9	7	7	237	237	147	147	2	2	2	2	2	2	2	2	1	1	2	2	4	4	2	2	1	1	2	2	1	1	1	1	1	1	2	2	1	1	3	3	3	3	2	2	2	2	3	3	1	1	2	2	1	1	1	1	13	13	3	3	1	1	4	4	1	1	1	1	1	1	1	1	42	42	11	11	1	1	1	1
IND00069	10	10	14	14	3	3	3	3	1	1	3	3	4	4	7	7	28	28	23	23	4	4	1	1	3	3	1	1	4	4	4	4	7	7	5	5	4	4	4	4	7	7	8	8	1	1	1	1	1	1	3	3	2	2	2	2	1	1	1	1	8	8	7	7	9	9	7	7	6	6	5	5	2	2	2	2	6	6	4	4	2	2	2	2	2	2	1	1	8	8	5	5	38	38	174	174	2	2	1	1	1	1	2	2	1	1	1	1	4	4	2	2	2	2	2	2	2	2	2	2	2	2	1	1	2	2	4	4	1	1	1	1	2	2	3	3	2	2	2	2	1	1	1	1	11	11	10	10	7	7	5	5	1	1	2	2	2	2	2	2	21	21	4	4	2	2	2	2
IND00070	4	4	6	6	3	3	4	4	2	2	4	4	8	8	7	7	23	23	19	19	4	4	1	1	8	8	7	7	2	2	1	1	2	2	1	1	2	2	4	4	2	2	5	5	2	2	1	1	8	8	2	2	2	2	2	2	2	2	2	2	11	11	7	7	1	1	13	13	3	3	4	4	2	2	2	2	7	7	2	2	1	1	2	2	2	2	2	2	16	16	1	1	190	190	184	184	2	2	1	1	2	2	2	2	2	2	1	1	3	3	2	2	1	1	1	1	2	2	1	1	4	4	2	2	4	4	2	2	1	1	1	1	3	3	1	1	1	1	2	2	2	2	2	2	16	16	8	8	2	2	7	7	2	2	2	2	2	2	1	1	63	63	1	1	2	2	1	1
IND00071	11	11	13	13	1	1	2	2	3	3	1	1	2	2	2	2	7	7	8	8	4	4	1	1	5	5	8	8	2	2	3	3	4	4	7	7	2	2	4	4	7	7	4	4	2	2	1	1	7	7	8	8	1	1	1	1	1	1	1	1	1	1	10	10	11	11	10	10	5	5	1	1	1	1	2	2	3	3	6	6	2	2	2	2	1	1	1	1	7	7	14	14	245	245	176	176	1	1	1	1	1	1	2	2	1	1	2	2	2	2	3	3	1	1	2	2	2	2	2	2	4	4	1	1	2	2	1	1	1	1	4	4	4	4	1	1	2	2	1	1	1	1	1	1	7	7	5	5	6	6	7	7	1	1	1	1	2	2	2	2	29	29	58	58	2	2	1	1
IND00072	9	9	13	13	2	2	2	2	2	2	4	4	4	4	3	3	32	32	10	10	3	3	2	2	1	1	5	5	4	4	1	1	3	3	6	6	3	3	4	4	6	6	6	6	1	1	2	2	5	5	3	3	2	2	2	2	2	2	2	2	16	16	14	14	10	10	3	3	4	4	7	7	1	1	1	1	4	4	7	7	1	1	1	1	2	2	1	1	6	6	3	3	147	147	111	111	1	1	2	2	2	2	2	2	4	4	3	3	2	2	3	3	2	2	2	2	1	1	2	2	4	4	4	4	2	2	3	3	2	2	1	1	3	3	3	3	1	1	2	2	1	1	1	1	3	3	14	14	7	7	8	8	1	1	2	2	2	2	2	2	50	50	19	19	2	2	1	1
IND00073	14	14	15	15	3	3	1	1	2	2	4	4	8	8	7	7	12	12	16	16	2	2	1	1	1	1	2	2	1	1	4	4	7	7	1	1	1	1	1	1	2	2	5	5	2	2	1	1	3	3	6	6	2	2	2	2	2	2	2	2	1	1	10	10	11	11	14	14	4	4	7	7	2	2	1	1	8	8	8	8	2	2	1	1	1	1	1	1	10	10	10	10	47	47	153	153	1	1	2	2	1	1	2	2	4	4	1	1	3	3	2	2	1	1	2	2	1	1	2	2	3	3	4	4	4	4	4	4	1	1	4	4	2	2	4	4	2	2	2	2	1	1	2	2	8	8	15	15	3	3	3	3	2	2	2	2	2	2	1	1	47	47	3	3	1	1	1	1
IND00074	5	5	2	2	4	4	1	1	2	2	3	3	6	6	5	5	12	12	24	24	2	2	4	4	8	8	2	2	3	3	1	1	8	8	3	3	1	1	1	1	5	5	4	4	2	2	1	1	4	4	3	3	2	2	2	2	1	1	1	1	14	14	13	13	15	15	16	16	7	7	5	5	1	1	1	1	3	3	4	4	2	2	2	2	1	1	2	2	7	7	10	10	156	156	66	66	2	2	2	2	2	2	2	2	3	3	4	4	2	2	2	2	1	1	1	1	1	1	2	2	3	3	4	4	1	1	1	1	1	1	2	2	2	2	1	1	1	1	1	1	1	1	1	1	7	7	8	8	6	6	7	7	1	1	2	2	1	1	1	1	31	31	53	53	2	2	2	2
IND00075	16	16	5	5	1	1	3	3	2	2	1	1	8	8	8	8	27	27	3	3	2	2	4	4	7	7	3	3	2	2	2	2	5	5	5	5	3	3	3	3	7	7	8	8	1	1	1	1	1	1	4	4	2	2	1	1	1	1	1	1	8	8	13	13	14	14	5	5	3	3	7	7	2	2	1	1	6	6	8	8	2	2	2	2	1	1	1	1	12	12	1	1	109	109	218	218	1	1	1	1	2	2	2	2	2	2	2	2	2	2	1	1	2	2	1	1	1	1	2	2	2	2	1	1	4	4	1	1	3	3	3	3	1	1	2	2	2	2	2	2	1	1	2	2	6	6	8	8	5	5	5	5	1	1	1	1	1	1	2	2	49	49	46	46	1	1	2	2
IND00076	5	5	16	16	4	4	1	1	3	3	2	2	6	6	4	4	29	29	10	10	2	2	4	4	4	4	3	3	4	4	4	4	4	4	1	1	3	3	1	1	7	7	3	3	1	1	2	2	5	5	5	5	2	2	2	2	1	1	1	1	16	16	13	13	8	8	9	9	7	7	5	5	1	1	1	1	6	6	3	3	1	1	2	2	1	1	1	1	4	4	3	3	230	230	37	37	1	1	2	2	1	1	2	2	4	4	3	3	3	3	3	3	1	1	2	2	2	2	1	1	1	1	3	3	3	3	3	3	2	2	2	2	4	4	4	4	2	2	2	2	1	1	2	2	4	4	4	4	5	5	1	1	1	1	2	2	1	1	2	2	48	48	64	64	1	1	2	2
IND00077	11	11	11	11	4	4	2	2	3	3	4	4	7	7	2	2	18	18	10	10	1	1	1	1	5	5	2	2	2	2	4	4	7	7	4	4	2	2	1	1	8	8	6	6	2	2	1	1	2	2	8	8	2	2	2	2	2	2	2	2	16	16	1	1	11	11	6	6	7	7	7	7	1	1	2	2	6	6	8	8	1	1	2	2	2	2	2	2	5	5	5	5	117	117	1	1	2	2	1	1	1	1	1	1	1	1	3	3	4	4	2	2	2	2	2	2	1	1	2	2	3	3	3	3	4	4	3	3	4	4	2	2	1	1	4	4	1	1	2	2	1	1	2	2	7	7	1	1	7	7	5	5	2	2	1	1	2	2	2	2	60	60	22	22	2	2	1	1
IND00078	5	5	10	10	1	1	1	1	3	3	3	3	8	8	2	2	11	11	7	7	2	2	3	3	7	7	2	2	2	2	3	3	6	6	7	7	4	4	1	1	6	6	7	7	1	1	1	1	5	5	8	8	1	1	1	1	2	2	2	2	9	9	6	6	11	11	5	5	5	5	7	7	1	1	2	2	1	1	1	1	1	1	1	1	2	2	2	2	2	2	13	13	236	236	51	51	1	1	2	2	2	2	1	1	4	4	4	4	3	3	4	4	1	1	2	2	2	2	1	1	3	3	2	2	3	3	3	3	1	1	3	3	4	4	4	4	2	2	2	2	2	2	2	2	10	10	9	9	5	5	5	5	1	1	2	2	2	2	2	2	7	7	25	25	1	1	2	2
IND00079	15	15	3	3	3	3	4	4	4	4	4	4	4	4	7	7	3	3	30	30	4	4	4	4	4	4	1	1	2	2	1	1	7	7	3	3	3	3	4	4	1	1	7	7	1	1	2	2	7	7	1	1	1	1	1	1	2	2	1	1	4	4	7	7	16	16	6	6	3	3	3	3	2	2	2	2	7	7	6	6	2	2	2	2	2	2	2	2	5	5	14	14	167	167	133	133	1	1	1	1	1	1	1	1	1	1	3	3	4	4	1	1	2	2	2	2	1	1	2	2	1	1	4	4	2	2	2	2	3	3	4	4	3	3	2	2	1	1	1	1	1	1	1	1	8	8	14	14	8	8	7	7	2	2	1	1	1	1	2	2	5	5	55	55	2	2	1	1
IND00080	12	12	1	1	4	4	1	1	2	2	3	3	6	6	8	8	13	13	9	9	1	1	1	1	1	1	5	5	3	3	4	4	5	5	6	6	2	2	1	1	4	4	1	1	1	1	1	1	5	5	7	7	1	1	1	1	1	1	2	2	7	7	14	14	4	4	11	11	6	6	8	8	1	1	2	2	6	6	6	6	2	2	1	1	1	1	1	1	3	3	6	6	233	233	157	157	2	2	2	2	2	2	2	2	1	1	3	3	3	3	3	3	1	1	2	2	1	1	1	1	3	3	3	3	4	4	1	1	3	3	3	3	2	2	1	1	1	1	1	1	1	1	2	2	8	8	3	3	4	4	2	2	1	1	1	1	1	1	1	1	63	63	50	50	1	1	1	1
IND00081	3	3	4	4	4	4	3	3	3	3	1	1	2	2	7	7	21	21	26	26	4	4	1	1	2	2	7	7	1	1	2	2	4	4	8	8	1	1	2	2	8	8	3	3	1	1	1	1	1	1	2	2	1	1	1	1	1	1	2	2	4	4	4	4	5	5	15	15	8	8	1	1	1	1	1	1	4	4	1	1	2	2	1	1	1	1	2	2	14	14	1	1	134	134	123	123	1	1	1	1	1	1	2	2	1	1	3	3	4	4	1	1	1	1	2	2	2	2	2	2	2	2	4	4	1	1	1	1	4	4	1	1	2	2	4	4	2	2	1	1	2	2	1	1	10	10	5	5	1	1	7	7	1	1	1	1	1	1	2	2	32	32	18	18	2	2	2	2
IND00082	11	11	10	10	2	2	1	1	3	3	2	2	7	7	2	2	20	20	30	30	4	4	1	1	1	1	6	6	2	2	4	4	8	8	2	2	3	3	1	1	3	3	4	4	2	2	1	1	7	7	6	6	1	1	1	1	1	1	1	1	15	15	8	8	8	8	3	3	7	7	7	7	1	1	1	1	7	7	1	1	1	1	2	2	1	1	2	2	9	9	9	9	207	207	150	150	2	2	2	2	1	1	2	2	1	1	1	1	1	1	2	2	2	2	2	2	1	1	2	2	3	3	1	1	2	2	3	3	3	3	1	1	1	1	3	3	2	2	2	2	1	1	1	1	12	12	14	14	1	1	7	7	1	1	2	2	2	2	2	2	63	63	31	31	2	2	2	2
IND00083	9	9	12	12	3	3	1	1	3	3	1	1	3	3	7	7	18	18	25	25	4	4	1	1	4	4	1	1	4	4	1	1	2	2	3	3	2	2	1	1	2	2	2	2	1	1	1	1	8	8	4	4	1	1	1	1	1	1	1	1	12	12	2	2	5	5	15	15	4	4	5	5	2	2	1	1	7	7	1	1	1	1	1	1	2	2	1	1	3	3	3	3	149	149	235	235	1	1	2	2	2	2	2	2	3	3	4	4	2	2	4	4	1	1	1	1	1	1	1	1	2	2	3	3	2	2	4	4	3	3	4	4	1	1	4	4	1	1	2	2	1	1	2	2	10	10	13	13	2	2	7	7	1	1	2	2	2	2	2	2	63	63	7	7	1	1	2	2
IND00084	2	2	13	13	1	1	3	3	1	1	1	1	6	6	7	7	29	29	22	22	2	2	1	1	6	6	8	8	2	2	1	1	5	5	5	5	1	1	1	1	3	3	6	6	1	1	2	2	3	3	6	6	1	1	1	1	1	1	1	1	9	9	11	11	16	16	3	3	6	6	7	7	1	1	1	1	6	6	6	6	2	2	2	2	1	1	1	1	11	11	8	8	17	17	196	196	1	1	2	2	2	2	1	1	2	2	1	1	3	3	4	4	1	1	1	1	1	1	1	1	2	2	2	2	4	4	1	1	4	4	4	4	3	3	1	1	2	2	2	2	1	1	2	2	15	15	12	12	3	3	4	4	2	2	1	1	1	1	2	2	33	33	22	22	1	1	2	2
IND00085	5	5	11	11	2	2	4	4	1	1	4	4	6	6	5	5	6	6	18	18	2	2	4	4	6	6	1	1	1	1	2	2	2	2	2	2	4	4	4	4	6	6	5	5	2	2	2	2	7	7	3	3	1	1	2	2	1	1	1	1	5	5	14	14	13	13	9	9	8	8	1	1	1	1	1	1	2	2	1	1	1	1	1	1	2	2	1	1	10	10	7	7	5	5	159	159	1	1	1	1	1	1	2	2	1	1	2	2	2	2	1	1	2	2	2	2	1	1	1	1	1	1	3	3	1	1	4	4	1	1	4	4	4	4	2	2	1	1	2	2	2	2	1	1	9	9	11	11	8	8	3	3	1	1	2	2	1	1	2	2	11	11	29	29	2	2	2	2
IND00086	16	16	15	15	3	3	4	4	1	1	4	4	3	3	6	6	7	7	12	12	4	4	3	3	5	5	7	7	3	3	4	4	1	1	4	4	3	3	4	4	4	4	7	7	2	2	1	1	4	4	5	5	2	2	2	2	2	2	2	2	7	7	1	1	1	1	2	2	2	2	1	1	1	1	2	2	3	3	6	6	1	1	2	2	1	1	1	1	14	14	7	7	86	86	51	51	2	2	2	2	1	1	1	1	3	3	4	4	4	4	3	3	2	2	2	2	1	1	1	1	1	1	4	4	4	4	2	2	4	4	3	3	3	3	1	1	1	1	1	1	2	2	1	1	11	11	13	13	3	3	6	6	2	2	1	1	1	1	2	2	39	39	53	53	1	1	2	2
IND00087	9	9	5	5	3	3	4	4	3	3	1	1	8	8	1	1	17	17	25	25	2	2	3	3	8	8	2	2	2	2	4	4	5	5	4	4	4	4	4	4	2	2	2	2	2	2	2	2	5	5	3	3	2	2	2	2	2	2	1	1	6	6	16	16	12	12	7	7	4	4	7	7	1	1	1	1	6	6	7	7	1	1	2	2	1	1	2	2	7	7	2	2	18	18	111	111	1	1	2	2	2	2	1	1	3	3	4	4	1	1	2	2	1	1	2	2	1	1	1	1	1	1	4	4	4	4	3	3	2	2	2	2	4	4	1	1	1	1	2	2	2	2	2	2	14	14	7	7	7	7	2	2	2	2	2	2	2	2	1	1	26	26	32	32	1	1	2	2
IND00088	9	9	11	11	1	1	3	3	4	4	1	1	1	1	1	1	21	21	14	14	2	2	1	1	7	7	7	7	2	2	1	1	8	8	2	2	2	2	2	2	2	2	2	2	1	1	2	2	3	3	3	3	1	1	1	1	2	2	2	2	1	1	14	14	8	8	15	15	2	2	6	6	1	1	1	1	6	6	7	7	1	1	1	1	1	1	2	2	10	10	8	8	134	134	4	4	2	2	1	1	2	2	2	2	3	3	1	1	4	4	2	2	1	1	2	2	1	1	2	2	2	2	4	4	2	2	1	1	3	3	4	4	3	3	3	3	1	1	2	2	2	2	1	1	5	5	9	9	6	6	3	3	1	1	2	2	2	2	2	2	25	25	48	48	1	1	2	2
IND00089	5	5	8	8	3	3	4	4	2	2	4	4	1	1	4	4	14	14	29	29	2	2	4	4	1	1	6	6	3	3	2	2	7	7	6	6	4	4	2	2	7	7	7	7	2	2	1	1	5	5	7	7	1	1	2	2	1	1	1	1	6	6	3	3	4	4	3	3	4	4	6	6	2	2	2	2	6	6	7	7	2	2	2	2	1	1	2	2	1	1	16	16	195	195	240	240	2	2	2	2	1	1	1	1	1	1	3	3	3	3	2	2	2	2	1	1	2	2	2	2	4	4	1	1	3	3	2	2	3	3	4	4	3	3	2	2	1	1	1	1	1	1	1	1	6	6	4	4	3	3	5	5	1	1	2	2	1	1	1	1	15	15	64	64	2	2	1	1
IND00090	1	1	3	3	3	3	3	3	3	3	4	4	4	4	4	4	7	7	10	10	1	1	3	3	6	6	5	5	1	1	2	2	1	1	4	4	2	2	1	1	2	2	2	2	1	1	2	2	8	8	7	7	2	2	2	2	1	1	1	1	16	16	13	13	7	7	14	14	3	3	3	3	2	2	2	2	2	2	5	5	2	2	1	1	2	2	1	1	5	5	11	11	150	150	43	43	1	1	2	2	2	2	2	2	4	4	3	3	3	3	2	2	2	2	2	2	2	2	1	1	4	4	3	3	2	2	4	4	1	1	2	2	4	4	3	3	1	1	2	2	1	1	2	2	2	2	11	11	1	1	2	2	1	1	1	1	1	1	2	2	53	53	28	28	1	1	1	1
IND00091	5	5	5	5	1	1	2	2	1	1	2	2	7	7	4	4	18	18	27	27	1	1	1	1	4	4	1	1	3	3	1	1	7	7	4	4	2	2	2	2	6	6	4	4	1	1	1	1	2	2	4	4	1	1	1	1	1	1	1	1	1	1	16	16	14	14	4	4	2	2	6	6	1	1	1	1	2	2	5	5	1	1	2	2	1	1	2	2	10	10	7	7	240	240	105	105	1	1	1	1	2	2	2	2	2	2	2	2	1	1	4	4	1	1	2	2	1	1	2	2	1	1	3	3	1	1	1	1	2	2	2	2	2	2	1	1	1	1	1	1	1	1	1	1	11	11	15	15	4	4	4	4	2	2	1	1	1	1	2	2	54	54	45	45	1	1	1	1
IND00092	7	7	3	3	2	2	3	3	4	4	1	1	5	5	7	7	2	2	17	17	1	1	3	3	3	3	5	5	3	3	4	4	1	1	7	7	1	1	1	1	1	1	5	5	2	2	2	2	7	7	8	8	1	1	1	1	1	1	2	2	1	1	8	8	3	3	10	10	5	5	2	2	2	2	2	2	2	2	6	6	1	1	2	2	1	1	1	1	11	11	9	9	27	27	162	162	1	1	2	2	1	1	2	2	2	2	3	3	3	3	4	4	2	2	2	2	2	2	1	1	4	4	1	1	3	3	1	1	2	2	3	3	3	3	2	2	1	1	2	2	2	2	1	1	14	14	16	16	1	1	8	8	1	1	1	1	1	1	2	2	42	42	41	41	2	2	2	2
IND00093	11	11	10	10	3	3	3	3	3	3	3	3	5	5	3	3	19	19	14	14	1	1	3	3	3	3	8	8	2	2	2	2	5	5	3	3	4	4	3	3	7	7	3	3	1	1	1	1	2	2	1	1	2	2	2	2	1	1	1	1	9	9	9	9	9	9	10	10	2	2	7	7	1	1	1	1	5	5	1	1	2	2	1	1	1	1	2	2	6	6	12	12	243	243	111	111	2	2	2	2	2	2	2	2	4	4	2	2	3	3	3	3	1	1	2	2	2	2	1	1	1	1	4	4	2	2	2	2	1	1	3	3	2	2	4	4	2	2	1	1	1	1	2	2	6	6	13	13	3	3	7	7	1	1	1	1	2	2	2	2	19	19	21	21	1	1	2	2
IND00094	12	12	10	10	2	2	2	2	2	2	3	3	7	7	2	2	25	25	16	16	2	2	2	2	4	4	6	6	4	4	2	2	3	3	8	8	3	3	1	1	8	8	7	7	1	1	2	2	1	1	2	2	2	2	1	1	1	1	1	1	7	7	6	6	4	4	16	16	7	7	7	7	2	2	1	1	7	7	5	5	1	1	1	1	2	2	1	1	16	16	9	9	58	58	31	31	2	2	2	2	1	1	2	2	4	4	3	3	1	1	3	3	1	1	2	2	2	2	1	1	1	1	2	2	3	3	2	2	4	4	2	2	2	2	1	1	2	2	2	2	1	1	1	1	10	10	4	4	2	2	2	2	1	1	1	1	2	2	2	2	26	26	39	39	2	2	2	2
IND00095	5	5	1	1	1	1	2	2	1	1	2	2	2	2	2	2	14	14	3	3	3	3	1	1	8	8	6	6	3	3	3	3	3	3	4	4	2	2	4	4	2	2	5	5	1	1	2	2	4	4	6	6	2	2	1	1	2	2	1	1	13	13	15	15	14	14	5	5	1	1	7	7	1	1	1	1	8	8	3	3	2	2	2	2	1	1	2	2	13	13	4	4	112	112	121	121	1	1	1	1	1	1	2	2	2	2	1	1	1	1	3	3	1	1	1	1	2	2	1	1	2	2	4	4	4	4	1	1	4	4	1	1	1	1	2	2	2	2	2	2	2	2	2	2	2	2	8	8	5	5	8	8	2	2	2	2	2	2	1	1	47	47	1	1	2	2	2	2
IND00096	15	15	2	2	2	2	4	4	2	2	4	4	1	1	2	2	30	30	8	8	3	3	4	4	5	5	4	4	1	1	4	4	5	5	6	6	2	2	4	4	2	2	6	6	1	1	2	2	6	6	2	2	1	1	2	2	2	2	1	1	6	6	13	13	14	14	12	12	8	8	1	1	2	2	1	1	8	8	7	7	1	1	2	2	2	2	2	2	2	2	7	7	217	217	8	8	2	2	1	1	1	1	1	1	2	2	2	2	2	2	3	3	2	2	1	1	2	2	1	1	1	1	4	4	1	1	1	1	3	3	2	2	2	2	4	4	1	1	2	2	2	2	2	2	2	2	14	14	8	8	7	7	2	2	2	2	2	2	1	1	44	44	26	26	1	1	1	1
IND00097	1	1	13	13	2	2	1	1	4	4	2	2	8	8	3	3	22	22	26	26	4	4	3	3	4	4	5	5	1	1	3	3	6	6	1	1	4	4	1	1	6	6	2	2	1	1	2	2	5	5	6	6	2	2	1	1	2	2	1	1	8	8	5	5	1	1	14	14	1	1	1	1	2	2	1	1	7	7	3	3	1	1	1	1	1	1	1	1	12	12	7	7	171	171	70	70	2	2	1	1	1	1	1	1	3	3	1	1	4	4	1	1	2	2	2	2	1	1	1	1	2	2	4	4	2	2	1	1	2	2	1	1	1	1	3	3	1	1	2	2	1	1	2	2	6	6	8	8	1	1	3	3	1	1	2	2	1	1	2	2	30	30	4	4	2	2	2	2
IND00098	5	5	7	7	3	3	2	2	3	3	3	3	4	4	5	5	11	11	32	32	4	4	4	4	6	6	4	4	3	3	3	3	8	8	1	1	2	2	4	4	2	2	5	5	1	1	2	2	6	6	3	3	1	1	2	2	2	2	1	1	5	5	8	8	8	8	16	16	2	2	1	1	1	1	1	1	7	7	5	5	1	1	2	2	1	1	1	1	1	1	5	5	199	199	170	170	2	2	2	2	2	2	1	1	4	4	2	2	4	4	1	1	2	2	2	2	2	2	1	1	3	3	1	1	4	4	3	3	4	4	4	4	1	1	2	2	1	1	2	2	1	1	2	2	8	8	10	10	7	7	7	7	2	2	2	2	1	1	1	1	34	34	7	7	1	1	2	2
IND00099	10	10	11	11	4	4	2	2	3	3	1	1	7	7	5	5	25	25	1	1	2	2	3	3	7	7	7	7	2	2	2	2	1	1	2	2	1	1	2	2	6	6	8	8	1	1	1	1	3	3	1	1	2	2	2	2	2	2	1	1	10	10	7	7	15	15	5	5	6	6	8	8	1	1	2	2	3	3	6	6	1	1	2	2	1	1	1	1	12	12	9	9	225	225	118	118	2	2	2	2	2	2	2	2	2	2	2	2	4	4	4	4	2	2	1	1	2	2	1	1	2	2	3	3	2	2	3	3	2	2	3	3	2	2	4	4	2	2	2	2	1	1	1	1	15	15	3	3	8	8	6	6	2	2	1	1	1	1	2	2	51	51	56	56	1	1	2	2
IND00100	5	5	9	9	2	2	3	3	3	3	4	4	2	2	8	8	10	10	27	27	3	3	3	3	2	2	1	1	2	2	1	1	4	4	7	7	4	4	2	2	5	5	3	3	2	2	2	2	1	1	7	7	2	2	1	1	2	2	2	2	1	1	15	15	8	8	3	3	8	8	2	2	1	1	1	1	3	3	7	7	2	2	1	1	1	1	1	1	4	4	1	1	255	255	162	162	1	1	1	1	1	1	1	1	4	4	1	1	3	3	2	2	1	1	1	1	1	1	1	1	2	2	3	3	1	1	1	1	3	3	1	1	1	1	4	4	2	2	1	1	1	1	2	2	6	6	13	13	3	3	7	7	2	2	2	2	1	1	2	2	54	54	11	11	2	2	2	2
IND00101	11	11	5	5	1	1	2	2	3	3	2	2	5	5	2	2	18	18	20	20	3	3	1	1	4	4	8	8	3	3	4	4	4	4	5	5	4	4	1	1	2	2	8	8	1	1	2	2	5	5	4	4	1	1	2	2	1	1	2	2	4	4	9	9	4	4	3	3	5	5	4	4	1	1	1	1	2	2	1	1	2	2	1	1	1	1	1	1	5	5	9	9	3	3	17	17	1	1	2	2	1	1	2	2	4	4	4	4	3	3	2	2	1	1	2	2	2	2	1	1	2	2	4	4	3	3	1	1	1	1	1	1	4	4	2	2	1	1	2	2	1	1	1	1	16	16	6	6	5	5	7	7	1	1	1	1	1	1	1	1	22	22	28	28	1	1	2	2
IND00102	13	13	12	12	4	4	3	3	1	1	2	2	1	1	3	3	1	1	9	9	3	3	3	3	3	3	4	4	3	3	3	3	2	2	5	5	2	2	4	4	2	2	3	3	2	2	1	1	2	2	2	2	1	1	1	1	2	2	1	1	15	15	8	8	9	9	10	10	3	3	6	6	1	1	2	2	5	5	3	3	2	2	1	1	2	2	1	1	7	7	12	12	241	241	173	173	2	2	2	2	1	1	2	2	4	4	1	1	1	1	2	2	2	2	1	1	1	1	2	2	4	4	1	1	3	3	3	3	3	3	3	3	2	2	3	3	1	1	1	1	1	1	1	1	10	10	10	10	2	2	4	4	2	2	2	2	2	2	2	2	55	55	49	49	1	1	1	1
IND00103	8	8	11	11	3	3	1	1	3	3	1	1	4	4	6	6	7	7	22	22	3	3	3	3	6	6	7	7	1	1	4	4	5	5	7	7	1	1	3	3	3	3	2	2	1	1	1	1	1	1	4	4	2	2	1	1	1	1	1	1	3	3	1	1	5	5	11	11	4	4	2	2	1	1	1	1	6	6	3	3	2	2	1	1	1	1	2	2	2	2	1	1	42	42	129	129	1	1	1	1	2	2	2	2	3	3	2	2	4	4	3	3	2	2	2	2	1	1	2	2	1	1	4	4	2	2	2	2	1	1	2	2	4	4	3	3	1	1	2	2	1	1	2	2	15	15	4	4	2	2	8	8	2	2	2	2	1	1	2	2	4	4	15	15	1	1	1	1
IND00104	1	1	3	3	3	3	1	1	4	4	4	4	5	5	2	2	7	7	4	4	4	4	3	3	6	6	2	2	1	1	2	2	3	3	3	3	1	1	2	2	3	3	8	8	1	1	2	2	4	4	6	6	2	2	2	2	1	1	2	2	11	11	12	12	11	11	8	8	4	4	1	1	2	2	1	1	2	2	7	7	2	2	1	1	2	2	1	1	7	7	7	7	170	170	178	178	1	1	2	2	1	1	2	2	2	2	3	3	2	2	2	2	2	2	1	1	1	1	2	2	3	3	2	2	4	4	1	1	3	3	4	4	2	2	1	1	1	1	2	2	1	1	1	1	5	5	9	9	2	2	4	4	2	2	1	1	2	2	2	2	49	49	8	8	2	2	2	2
IND00105	5	5	6	6	2	2	4	4	4	4	2	2	2	2	3	3	30	30	16	16	3	3	3	3	1	1	1	1	2	2	4	4	5	5	5	5	4	4	3	3	2	2	3	3	2	2	2	2	3	3	5	5	2	2	1	1	1	1	2	2	8	8	13	13	11	11	10	10	8	8	5	5	1	1	1	1	6	6	4	4	2	2	1	1	1	1	2	2	2	2	5	5	90	90	167	167	1	1	1	1	1	1	2	2	3	3	1	1	1	1	2	2	1	1	1	1	1	1	1	1	3	3	2	2	1	1	4	4	4	4	2	2	3	3	4	4	1	1	1	1	2	2	2	2	2	2	8	8	1	1	6	6	1	1	1	1	1	1	2	2	29	29	5	5	1	1	1	1
IND00106	14	14	6	6	2	2	2	2	4	4	2	2	5	5	6	6	26	26	19	19	1	1	3	3	2	2	7	7	2	2	1	1	4	4	1	1	2	2	3	3	5	5	6	6	1	1	1	1	7	7	8	8	1	1	2	2	1	1	2	2	8	8	14	14	15	15	1	1	5	5	5	5	1	1	2	2	6	6	8	8	2	2	1	1	2	2	1	1	11	11	16	16	151	151	9	9	1	1	1	1	1	1	2	2	3	3	2	2	3	3	4	4	1	1	2	2	2	2	1	1	1	1	2	2	4	4	3	3	1	1	2	2	3	3	4	4	2	2	2	2	2	2	2	2	12	12	13	13	6	6	4	4	1	1	2	2	2	2	2	2	6	6	24	24	2	2	2	2
IND00107	6	6	16	16	4	4	1	1	3	3	4	4	1	1	7	7	17	17	4	4	2	2	1	1	5	5	5	5	4	4	1	1	1	1	8	8	3	3	2	2	1	1	8	8	1	1	2	2	5	5	2	2	1	1	2	2	2	2	2	2	12	12	9	9	3	3	7	7	8	8	7	7	2	2	2	2	8	8	1	1	1	1	2	2	2	2	1	1	1	1	1	1	103	103	142	142	1	1	2	2	1	1	2	2	3	3	1	1	2	2	4	4	1	1	1	1	1	1	2	2	1	1	4	4	4	4	4	4	3	3	1	1	1	1	3	3	1	1	1	1	1	1	2	2	11	11	13	13	6	6	5	5	2	2	1	1	2	2	1	1	25	25	25	25	1	1	2	2
IND00108	11	11	13	13	2	2	1	1	4	4	2	2	4	4	2	2	1	1	28	28	4	4	2	2	3	3	5	5	1	1	3	3	5	5	4	4	2	2	1	1	3	3	5	5	2	2	1	1	2	2	3	3	1	1	2	2	2	2	2	2	4	4	3	3	8	8	11	11	8	8	5	5	1	1	1	1	2	2	6	6	2	2	1	1	2	2	1	1	7	7	10	10	3	3	115	115	2	2	2	2	1	1	2	2	3	3	1	1	1	1	4	4	2	2	1	1	2	2	2	2	1	1	1	1	2	2	2	2	4	4	1	1	4	4	2	2	2	2	1	1	2	2	2	2	3	3	16	16	4	4	8	8	2	2	1	1	2	2	2	2	46	46	53	53	1	1	2	2
IND00109	9	9	12	12	1	1	2	2	4	4	3	3	6	6	3	3	12	12	25	25	3	3	1	1	6	6	6	6	1	1	4	4	5	5	5	5	4	4	2	2	7	7	4	4	2	2	2	2	4	4	5	5	1	1	1	1	1	1	1	1	12	12	13	13	14	14	10	10	5	5	3	3	1	1	1	1	5	5	6	6	1	1	2	2	1	1	1	1	12	12	4	4	47	47	244	244	2	2	2	2	2	2	1	1	3	3	4	4	2	2	2	2	1	1	2	2	2	2	1	1	2	2	1	1	4	4	3	3	1	1	3	3	1	1	2	2	1	1	1	1	2	2	2	2	5	5	5	5	1	1	1	1	1	1	2	2	1	1	2	2	48	48	42	42	2	2	2	2
IND00110	14	14	15	15	2	2	2	2	3	3	2	2	4	4	7	7	16	16	4	4	3	3	4	4	5	5	7	7	3	3	3	3	7	7	6	6	2	2	1	1	7	7	5	5	2	2	2	2	5	5	5	5	1	1	2	2	2	2	1	1	5	5	12	12	4	4	15	15	6	6	2	2	2	2	2	2	2	2	3	3	1	1	2	2	2	2	1	1	4	4	2	2	26	26	128	128	1	1	2	2	1	1	1	1	1	1	4	4	1	1	3	3	1	1	1	1	1	1	1	1	4	4	2	2	1	1	2	2	4	4	1	1	4	4	2	2	2	2	2	2	1	1	2	2	6	6	13	13	6	6	4	4	1	1	2	2	1	1	2	2	57	57	45	45	2	2	2	2
IND00111	8	8	6	6	4	4	2	2	3	3	4	4	7	7	3	3	31	31	17	17	3	3	1	1	8	8	4	4	4	4	2	2	1	1	4	4	3	3	3	3	2	2	7	7	1	1	2	2	1	1	6	6	1	1	1	1	2	2	2	2	5	5	2	2	6	6	7	7	8	8	4	4	2	2	1	1	1	1	2	2	2	2	2	2	2	2	1	1	15	15	1	1	4	4	168	168	1	1	2	2	1	1	1	1	4	4	3	3	1	1	4	4	1	1	2	2	1	1	2	2	1	1	2	2	3	3	3	3	4	4	4	4	3	3	3	3	2	2	1	1	1	1	1	1	3	3	2	2	7	7	1	1	1	1	2	2	1	1	2	2	5	5	39	39	1	1	2	2
IND00112	1	1	2	2	1	1	3	3	1	1	1	1	2	2	2	2	5	5	27	27	4	4	3	3	2	2	8	8	4	4	4	4	6	6	5	5	2	2	1	1	7	7	2	2	1	1	2	2	2	2	7	7	1	1	1	1	2	2	1	1	11	11	15	15	14	14	8	8	3	3	5	5	2	2	1	1	7	7	7	7	1	1	2	2	1	1	2	2	16	16	7	7	130	130	214	214	1	1	2	2	2	2	1	1	2	2	1	1	2	2	2	2	1	1	1	1	1	1	2	2	1	1	3	3	1	1	1	1	3	3	1	1	4	4	4	4	2	2	2	2	2	2	2	2	9	9	12	12	7	7	4	4	1	1	1	1	1	1	1	1	29	29	17	17	1	1	1	1
IND00113	4	4	7	7	3	3	2	2	2	2	1	1	4	4	8	8	9	9	3	3	4	4	2	2	8	8	5	5	1	1	3	3	3	3	2	2	1	1	1	1	3	3	2	2	2	2	1	1	4	4	8	8	1	1	1	1	2	2	1	1	12	12	4	4	10	10	8	8	3	3	2	2	2	2	2	2	8	8	4	4	1	1	2	2	2	2	2	2	4	4	3	3	124	124	92	92	1	1	1	1	1	1	2	2	4	4	1	1	4	4	1	1	2	2	2	2	1	1	1	1	3	3	3	3	1	1	3	3	4	4	3	3	2	2	1	1	2	2	2	2	1	1	1	1	6	6	4	4	8	8	1	1	1	1	2	2	2	2	2	2	41	41	23	23	1	1	1	1
IND00114	5	5	7	7	4	4	4	4	4	4	4	4	1	1	1	1	31	31	5	5	4	4	2	2	3	3	7	7	1	1	3	3	2	2	2	2	4	4	2	2	4	4	8	8	1	1	1	1	1	1	4	4	1	1	2	2	2	2	2	2	12	12	9	9	8	8	8	8	7	7	2	2	1	1	1	1	7	7	8	8	1	1	1	1	1	1	2	2	5	5	3	3	217	217	87	87	2	2	2	2	2	2	1	1	4	4	1	1	4	4	3	3	2	2	2	2	1	1	1	1	1	1	4	4	3	3	3	3	4	4	2	2	2	2	3	3	1	1	2	2	2	2	1	1	12	12	15	15	5	5	4	4	2	2	2	2	2	2	1	1	10	10	11	11	1	1	2	2
IND00115	9	9	9	9	3	3	2	2	3	3	2	2	1	1	6	6	25	25	20	20	1	1	1	1	2	2	2	2	3	3	2	2	1	1	6	6	4	4	4	4	1	1	4	4	1	1	2	2	5	5	8	8	1	1	1	1	2	2	1	1	5	5	12	12	4	4	7	7	5	5	5	5	2	2	1	1	8	8	8	8	2	2	1	1	2	2	1	1	1	1	4	4	52	52	150	150	1	1	1	1	1	1	2	2	1	1	2	2	2	2	3	3	2	2	2	2	2	2	1	1	4	4	2	2	3	3	1	1	3	3	3	3	1	1	3	3	1	1	1	1	1	1	2	2	15	15	1	1	4	4	7	7	1	1	2	2	2	2	1	1	63	63	25	25	1	1	1	1
IND00116	3	3	13	13	1	1	4	4	1	1	4	4	3	3	7	7	20	20	17	17	4	4	1	1	4	4	1	1	2	2	1	1	2	2	6	6	4	4	1	1	6	6	3	3	2	2	1	1	5	5	4	4	2	2	1	1	1	1	1	1	12	12	11	11	4	4	6	6	6	6	5	5	1	1	2	2	1	1	7	7	2	2	1	1	1	1	1	1	16	16	14	14	119	119	6	6	1	1	1	1	1	1	1	1	3	3	4	4	4	4	1	1	1	1	1	1	1	1	1	1	2	2	1	1	2	2	3	3	3	3	3	3	2	2	3	3	1	1	1	1	2	2	2	2	9	9	3	3	6	6	7	7	2	2	1	1	1	1	1	1	32	32	58	58	1	1	2	2
IND00117	1	1	14	14	1	1	2	2	2	2	4	4	7	7	3	3	8	8	12	12	4	4	1	1	1	1	6	6	2	2	3	3	2	2	3	3	2	2	4	4	2	2	6	6	1	1	1	1	4	4	6	6	1	1	1	1	1	1	1	1	10	10	9	9	2	2	12	12	6	6	1	1	1	1	1	1	7	7	8	8	1	1	2	2	2	2	1	1	10	10	1	1	57	57	2	2	1	1	2	2	1	1	1	1	2	2	4	4	2	2	3	3	2	2	1	1	2	2	1	1	3	3	4	4	2	2	1	1	1	1	3	3	3	3	2	2	1	1	1	1	2	2	1	1	2	2	11	11	8	8	1	1	2	2	1	1	2	2	1	1	20	20	60	60	1	1	1	1
IND00118	11	11	15	15	2	2	3	3	2	2	4	4	5	5	3	3	20	20	5	5	3	3	1	1	4	4	6	6	2	2	3	3	3	3	4	4	1	1	3	3	3	3	8	8	1	1	2	2	3	3	7	7	1	1	2	2	1	1	1	1	8	8	3	3	15	15	16	16	2	2	5	5	1	1	1	1	7	7	3	3	1	1	1	1	2	2	2	2	6	6	6	6	138	138	42	42	1	1	1	1	2	2	2	2	2	2	2	2	3	3	1	1	2	2	1	1	1	1	2	2	3	3	4	4	1	1	2	2	4	4	3	3	1	1	4	4	2	2	2	2	2	2	2	2	13	13	11	11	2	2	2	2	2	2	2	2	1	1	2	2	57	57	49	49	2	2	1	1
IND00119	2	2	7	7	3	3	4	4	3	3	2	2	3	3	4	4	18	18	28	28	1	1	4	4	2	2	5	5	3	3	4	4	3	3	4	4	4	4	4	4	7	7	1	1	1	1	2	2	3	3	6	6	2	2	2	2	2	2	1	1	5	5	14	14	12	12	15	15	2	2	6	6	2	2	1	1	3	3	2	2	2	2	2	2	2	2	2	2	10	10	7	7	15	15	133	133	1	1	1	1	2	2	1	1	4	4	2	2	2	2	2	2	2	2	2	2	2	2	1	1	1	1	3	3	4	4	1	1	2	2	2	2	3	3	3	3	2	2	2	2	1	1	1	1	9	9	3	3	3	3	7	7	1	1	1	1	2	2	2	2	14	14	26	26	1	1	2	2
IND00120	6	6	8	8	1	1	4	4	3	3	1	1	1	1	3	3	2	2	8	8	1	1	3	3	3	3	8	8	4	4	3	3	1	1	2	2	3	3	2	2	4	4	7	7	2	2	1	1	4	4	5	5	1	1	1	1	1	1	1	1	8	8	3	3	1	1	9	9	6	6	5	5	2	2	2	2	7	7	2	2	1	1	1	1	2	2	2	2	4	4	5	5	221	221	229	229	2	2	1	1	1	1	2	2	1	1	3	3	2	2	4	4	2	2	2	2	2	2	1	1	2	2	1	1	3	3	3	3	2	2	2	2	1	1	3	3	2	2	2	2	2	2	2	2	8	8	14	14	1	1	8	8	1	1	2	2	2	2	1	1	18	18	45	45	1	1	1	1
IND00121	5	5	9	9	1	1	1	1	2	2	3	3	8	8	3	3	31	31	7	7	2	2	4	4	5	5	1	1	3	3	2	2	6	6	3	3	4	4	3	3	5	5	4	4	1	1	1	1	8	8	2	2	1	1	1	1	1	1	1	1	7	7	16	16	10	10	9	9	4	4	8	8	2	2	2	2	1	1	2	2	2	2	2	2	1	1	1	1	8	8	2	2	4	4	57	57	1	1	1	1	2	2	1	1	2	2	3	3	3	3	4	4	1	1	2	2	2	2	2	2	3	3	3	3	2	2	4	4	2	2	1	1	4	4	4	4	2	2	2	2	2	2	2	2	10	10	5	5	3	3	8	8	2	2	1	1	1	1	2	2	22	22	26	26	2	2	1	1
IND00122	7	7	14	14	1	1	4	4	2	2	1	1	4	4	6	6	25	25	8	8	3	3	3	3	4	4	6	6	1	1	1	1	8	8	2	2	3	3	4	4	8	8	6	6	1	1	1	1	2	2	5	5	2	2	1	1	1	1	2	2	1	1	3	3	4	4	7	7	7	7	1	1	1	1	1	1	6	6	3	3	2	2	1	1	1	1	1	1	7	7	4	4	212	212	171	171	1	1	2	2	1	1	1	1	3	3	1	1	3	3	2	2	1	1	2	2	1	1	1	1	2	2	4	4	2	2	2	2	4	4	1	1	3	3	2	2	2	2	1	1	2	2	1	1	10	10	15	15	6	6	3	3	1	1	2	2	1	1	2	2	36	36	48	48	2	2	2	2
IND00123	4	4	6	6	4	4	1	1	4	4	4	4	1	1	5	5	3	3	11	11	1	1	3	3	3	3	6	6	3	3	3	3	4	4	2	2	3	3	2	2	3	3	7	7	2	2	1	1	5	5	1	1	1	1	1	1	2	2	1	1	13	13	12	12	16	16	6	6	6	6	7	7	1	1	1	1	6	6	4	4	2	2	1	1	2	2	2	2	6	6	13	13	245	245	19	19	1	1	1	1	2	2	2	2	4	4	4	4	3	3	3	3	2	2	2	2	2	2	2	2	3	3	4	4	1	1	3	3	3	3	4	4	4	4	1	1	1	1	1	1	1	1	1	1	6	6	6	6	8	8	3	3	1	1	1	1	2	2	1	1	60	60	18	18	2	2	1	1
IND00124	9	9	3	3	1	1	4	4	4	4	4	4	8	8	5	5	11	11	1	1	2	2	2	2	5	5	7	7	1	1	3	3	1	1	8	8	4	4	2	2	8	8	1	1	2	2	2	2	6	6	6	6	1	1	1	1	1	1	2	2	5	5	14	14	4	4	3	3	1	1	1	1	2	2	2	2	1	1	5	5	2	2	1	1	2	2	2	2	12	12	1	1	241	241	74	74	2	2	2	2	1	1	1	1	4	4	2	2	3	3	3	3	1	1	1	1	1	1	2	2	4	4	4	4	2	2	4	4	1	1	1	1	2	2	4	4	1	1	1	1	2	2	1	1	12	12	8	8	1	1	8	8	2	2	2	2	2	2	1	1	57	57	38	38	2	2	1	1
IND00125	7	7	8	8	4	4	1	1	2	2	3	3	7	7	2	2	15	15	19	19	3	3	2	2	2	2	4	4	2	2	3	3	6	6	2	2	4	4	1	1	1	1	1	1	2	2	2	2	3	3	8	8	1	1	2	2	2	2	1	1	13	13	15	15	13	13	6	6	3	3	5	5	2	2	1	1	7	7	8	8	1	1	2	2	1	1	1	1	6	6	5	5	232	232	113	113	2	2	1	1	2	2	2	2	1	1	1	1	2	2	2	2	1	1	2	2	1	1	1	1	3	3	1	1	3	3	4	4	1	1	3	3	1	1	4	4	1	1	2	2	1	1	2	2	14	14	6	6	1	1	6	6	2	2	1	1	2	2	2	2	57	57	54	54	1	1	1	1
IND00126	10	10	3	3	1	1	2	2	3	3	3	3	1	1	2	2	6	6	25	25	3	3	1	1	5	5	8	8	1	1	4	4	4	4	4	4	1	1	2	2	2	2	2	2	1	1	2	2	4	4	3	3	1	1	2	2	2	2	1	1	2	2	16	16	11	11	8	8	5	5	2	2	1	1	2	2	6	6	1	1	1	1	1	1	2	2	2	2	3	3	5	5	212	212	66	66	2	2	1	1	2	2	2	2	2	2	2	2	4	4	4	4	2	2	2	2	2	2	1	1	2	2	1	1	2	2	4	4	4	4	3	3	1	1	2	2	2	2	1	1	1	1	1	1	7	7	13	13	1	1	4	4	2	2	1	1	1	1	1	1	22	22	25	25	1	1	2	2
IND00127	5	5	8	8	4	4	1	1	4	4	2	2	2	2	6	6	27	27	15	15	2	2	1	1	8	8	1	1	4	4	4	4	2	2	6	6	3	3	2	2	5	5	3	3	2	2	2	2	4	4	8	8	1	1	1	1	1	1	2	2	9	9	13	13	16	16	1	1	4	4	5	5	1	1	2	2	5	5	6	6	1	1	1	1	2	2	1	1	6	6	10	10	134	134	192	192	2	2	1	1	1	1	1	1	1	1	2	2	2	2	1	1	2	2	1	1	2	2	1	1	4	4	3	3	3	3	4	4	1	1	4	4	2	2	2	2	1	1	2	2	2	2	2	2	2	2	6	6	6	6	8	8	2	2	1	1	2	2	1	1	52	52	45	45	1	1	1	1
IND00128	8	8	13	13	3	3	4	4	2	2	3	3	7	7	6	6	25	25	19	19	4	4	3	3	7	7	6	6	4	4	4	4	6	6	1	1	2	2	2	2	7	7	8	8	2	2	2	2	2	2	6	6	2	2	2	2	2	2	2	2	2	2	5	5	7	7	4	4	2	2	7	7	2	2	1	1	8	8	1	1	2	2	2	2	2	2	2	2	2	2	3	3	46	46	208	208	1	1	2	2	1	1	1	1	2	2	1	1	3	3	3	3	2	2	1	1	2	2	2	2	1	1	3	3	3	3	2	2	1	1	2	2	4	4	4	4	1	1	2	2	1	1	1	1	8	8	3	3	4	4	1	1	2	2	2	2	1	1	2	2	33	33	37	37	2	2	1	1
IND00129	15	15	1	1	4	4	1	1	1	1	2	2	5	5	8	8	17	17	23	23	2	2	4	4	7	7	5	5	2	2	3	3	8	8	6	6	1	1	1	1	5	5	4	4	2	2	2	2	3	3	2	2	1	1	2	2	1	1	1	1	8	8	4	4	7	7	10	10	2	2	5	5	2	2	1	1	6	6	4	4	2	2	1	1	2	2	1	1	4	4	14	14	168	168	123	123	2	2	2	2	2	2	1	1	3	3	1	1	3	3	3	3	2	2	1	1	2	2	2	2	1	1	3	3	2	2	1	1	2	2	4	4	4	4	2	2	1	1	1	1	2	2	1	1	10	10	2	2	6	6	7	7	2	2	2	2	2	2	1	1	17	17	32	32	1	1	1	1
IND00130	4	4	15	15	2	2	1	1	2	2	4	4	3	3	1	1	22	22	15	15	4	4	1	1	6	6	5	5	3	3	2	2	2	2	7	7	2	2	4	4	6	6	7	7	2	2	1	1	7	7	2	2	1	1	1	1	2	2	2	2	8	8	11	11	14	14	16	16	1	1	5	5	2	2	1	1	2	2	5	5	1	1	2	2	1	1	1	1	14	14	15	15	206	206	28	28	1	1	2	2	2	2	1	1	3	3	2	2	2	2	1	1	1	1	1	1	2	2	2	2	2	2	4	4	3	3	3	3	1	1	2	2	4	4	1	1	2	2	2	2	1	1	2	2	5	5	2	2	7	7	3	3	2	2	1	1	2	2	2	2	50	50	14	14	1	1	2	2
IND00131	1	1	10	10	4	4	4	4	4	4	3	3	6	6	1	1	2	2	21	21	3	3	3	3	1	1	3	3	1	1	3	3	3	3	5	5	1	1	1	1	4	4	6	6	2	2	2	2	1	1	6	6	2	2	2	2	1	1	1	1	11	11	10	10	6	6	3	3	6	6	1	1	1	1	1	1	2	2	4	4	2	2	1	1	2	2	2	2	5	5	14	14	213	213	160	160	1	1	2	2	2	2	1	1	1	1	3	3	3	3	1	1	1	1	2	2	2	2	1	1	4	4	3	3	1	1	1	1	4	4	3	3	2	2	4	4	1	1	2	2	2	2	2	2	3	3	7	7	8	8	5	5	2	2	1	1	2	2	2	2	64	64	62	62	2	2	1	1
IND00132	11	11	14	14	1	1	4	4	1	1	4	4	1	1	8	8	16	16	3	3	2	2	1	1	2	2	5	5	3	3	3	3	4	4	3	3	4	4	1	1	5	5	2	2	1	1	1	1	7	7	8	8	1	1	2	2	2	2	1	1	6	6	8	8	12	12	8	8	7	7	4	4	1	1	1	1	1	1	1	1	1	1	1	1	2	2	2	2	4	4	6	6	255	255	227	227	1	1	1	1	1	1	1	1	1	1	4	4	2	2	1	1	2	2	2	2	1	1	2	2	4	4	2	2	2	2	1	1	1	1	2	2	1	1	3	3	1	1	2	2	1	1	1	1	16	16	8	8	1	1	5	5	1	1	1	1	1	1	2	2	63	63	12	12	1	1	2	2
IND00133	11	11	13	13	3	3	2	2	1	1	2	2	2	2	8	8	23	23	6	6	3	3	1	1	3	3	8	8	4	4	2	2	7	7	4	4	3	3	4	4	4	4	5	5	2	2	1	1	7	7	1	1	1	1	1	1	1	1	1	1	7	7	5	5	5	5	15	15	2	2	1	1	1	1	2	2	1	1	2	2	1	1	1	1	1	1	1	1	6	6	15	15	222	222	126	126	2	2	2	2	2	2	2	2	1	1	3	3	3	3	1	1	1	1	2	2	1	1	2	2	2	2	4	4	2	2	1	1	1	1	3	3	3	3	3	3	1	1	1	1	1	1	1	1	16	16	11	11	8	8	3	3	2	2	1	1	1	1	1	1	40	40	9	9	2	2	1	1
IND00134	6	6	6	6	1	1	1	1	3	3	2	2	2	2	3	3	27	27	13	13	4	4	4	4	6	6	8	8	3	3	1	1	4	4	1	1	1	1	1	1	1	1	3	3	1	1	1	1	3	3	5	5	1	1	1	1	2	2	2	2	6	6	13	13	6	6	4	4	4	4	4	4	2	2	1	1	6	6	1	1	2	2	2	2	2	2	2	2	11	11	9	9	12	12	199	199	2	2	1	1	2	2	1	1	4	4	2	2	4	4	3	3	1	1	1	1	2	2	1	1	4	4	2	2	4	4	4	4	3	3	3	3	4	4	2	2	1	1	1	1	2	2	2	2	14	14	5	5	2	2	3	3	2	2	2	2	1	1	2	2	22	22	11	11	1	1	2	2
IND00135	6	6	7	7	3	3	3	3	3	3	4	4	4	4	7	7	19	19	16	16	3	3	3	3	8	8	4	4	2	2	1	1	1	1	2	2	2	2	3	3	1	1	1	1	2	2	2	2	1	1	6	6	1	1	1	1	1	1	2	2	2	2	7	7	3	3	15	15	8	8	7	7	2	2	2	2	8	8	1	1	1	1	2	2	2	2	2	2	16	16	5	5	70	70	242	242	1	1	2	2	2	2	1	1	4	4	1	1	2	2	4	4	1	1	1	1	1	1	1	1	1	1	2	2	1	1	2	2	3	3	3	3	1	1	2	2	1	1	1	1	1	1	2	2	6	6	5	5	7	7	8	8	1	1	2	2	2	2	2	2	59	59	14	14	1	1	2	2
IND00136	5	5	13	13	1	1	4	4	2	2	2	2	4	4	2	2	23	23	20	20	4	4	1	1	3	3	5	5	1	1	4	4	6	6	1	1	2	2	3	3	3	3	4	4	1	1	2	2	3	3	3	3	2	2	2	2	1	1	2	2	11	11	16	16	9	9	6	6	5	5	5	5	1	1	1	1	5	5	2	2	1	1	1	1	2	2	1	1	9	9	10	10	144	144	140	140	2	2	2	2	1	1	1	1	4	4	3	3	4	4	4	4	2	2	1	1	1	1	2	2	3	3	4	4	3	3	1	1	3	3	3	3	2	2	1	1	1	1	2	2	2	2	2	2	13	13	3	3	4	4	3	3	1	1	2	2	1	1	2	2	10	10	48	48	2	2	1	1
IND00137	3	3	1	1	3	3	2	2	3	3	1	1	2	2	2	2	17	17	31	31	1	1	4	4	8	8	5	5	4	4	1	1	4	4	6	6	3	3	4	4	1	1	4	4	1	1	2	2	5	5	2	2	2	2	2	2	2	2	1	1	14	14	16	16	2	2	9	9	2	2	7	7	1	1	1	1	6	6	8	8	2	2	2	2	1	1	1	1	1	1	5	5	188	188	21	21	2	2	1	1	1	1	1	1	4	4	1	1	4	4	3	3	2	2	2	2	2	2	1	1	1	1	3	3	4	4	2	2	4	4	3	3	2	2	2	2	2	2	2	2	1	1	1	1	4	4	15	15	5	5	6	6	1	1	2	2	1	1	2	2	46	46	43	43	1	1	2	2
IND00138	16	16	5	5	4	4	3	3	3	3	1	1	5	5	5	5	23	23	11	11	3	3	3	3	4	4	7	7	3	3	2	2	3	3	4	4	1	1	2	2	6	6	6	6	1	1	2	2	8	8	6	6	1	1	2	2	2	2	2	2	6	6	6	6	15	15	5	5	6	6	6	6	1	1	1	1	8	8	6	6	2	2	1	1	1	1	1	1	11	11	15	15	82	82	146	146	2	2	1	1	1	1	2	2	4	4	4	4	4	4	4	4	1	1	1	1	1	1	2	2	2	2	1	1	2	2	3	3	2	2	1	1	3	3	1	1	2	2	1	1	2	2	1	1	13	13	5	5	2	2	2	2	2	2	1	1	2	2	1	1	27	27	59	59	1	1	1	1
IND00139	12	12	4	4	1	1	2	2	2	2	1	1	7	7	3	3	29	29	9	9	4	4	3	3	7	7	8	8	2	2	2	2	2	2	3	3	2	2	2	2	3	3	3	3	2	2	2	2	2	2	7	7	1	1	2	2	1	1	2	2	4	4	8	8	1	1	9	9	3	3	7	7	2	2	2	2	4	4	5	5	2	2	2	2	2	2	2	2	13	13	2	2	220	220	247	247	2	2	1	1	2	2	2	2	2	2	4	4	1	1	4	4	2	2	2	2	2	2	1	1	1	1	2	2	3	3	2	2	3	3	2	2	1	1	1	1	1	1	1	1	1	1	1	1	11	11	5	5	8	8	3	3	1	1	1	1	1	1	2	2	11	11	64	64	1	1	1	1
IND00140	7	7	9	9	2	2	2	2	3	3	3	3	7	7	1	1	22	22	17	17	2	2	3	3	3	3	6	6	3	3	2	2	4	4	1	1	4	4	2	2	8	8	6	6	2	2	1	1	5	5	8	8	2	2	2	2	2	2	2	2	15	15	10	10	5	5	10	10	5	5	2	2	1	1	1	1	5	5	8	8	2	2	1	1	1	1	2	2	10	10	8	8	148	148	128	128	2	2	2	2	1	1	1	1	1	1	3	3	4	4	3	3	2	2	2	2	1	1	1	1	2	2	4	4	3	3	2	2	3	3	3	3	1	1	1	1	1	1	2	2	2	2	2	2	8	8	6	6	6	6	5	5	2	2	1	1	1	1	2	2	58	58	45	45	1	1	2	2
IND00141	4	4	6	6	3	3	1	1	3	3	3	3	8	8	4	4	24	24	25	25	2	2	1	1	3	3	7	7	1	1	3	3	8	8	2	2	2	2	4	4	6	6	7	7	1	1	1	1	7	7	4	4	1	1	1	1	1	1	1	1	4	4	6	6	7	7	11	11	7	7	8	8	1	1	2	2	8	8	8	8	1	1	2	2	1	1	1	1	10	10	15	15	77	77	72	72	2	2	2	2	2	2	1	1	1	1	2	2	4	4	1	1	1	1	1	1	1	1	1	1	2	2	4	4	3	3	3	3	2	2	3	3	2	2	2	2	1	1	1	1	1	1	1	1	3	3	16	16	6	6	7	7	1	1	2	2	2	2	2	2	33	33	7	7	1	1	2	2
IND00142	3	3	2	2	1	1	2	2	4	4	2	2	4	4	2	2	24	24	10	10	3	3	3	3	6	6	5	5	3	3	2	2	5	5	2	2	4	4	3	3	3	3	2	2	2	2	2	2	1	1	2	2	2	2	1	1	2	2	1	1	10	10	6	6	4	4	15	15	7	7	6	6	2	2	2	2	3	3	7	7	1	1	2	2	1	1	1	1	12	12	6	6	87	87	210	210	1	1	2	2	1	1	1	1	2	2	4	4	3	3	4	4	1	1	2	2	1	1	1	1	3	3	4	4	2	2	1	1	2	2	2	2	1	1	1	1	1	1	2	2	2	2	1	1	13	13	10	10	7	7	2	2	2	2	1	1	2	2	1	1	53	53	48	48	2	2	2	2
IND00143	3	3	5	5	1	1	3	3	4	4	4	4	8	8	2	2	32	32	1	1	4	4	4	4	7	7	2	2	3	3	2	2	7	7	2	2	3	3	1	1	8	8	7	7	2	2	1	1	2	2	5	5	2	2	1	1	2	2	1	1	12	12	16	16	14	14	13	13	2	2	8	8	2	2	1	1	5	5	5	5	2	2	1	1	1	1	1	1	11	11	4	4	201	201	217	217	1	1	2	2	1	1	2	2	1	1	2	2	3	3	2	2	1	1	1	1	1	1	2	2	2	2	4	4	2	2	1	1	3	3	2	2	4	4	1	1	2	2	2	2	1	1	2	2	13	13	9	9	8	8	1	1	1	1	1	1	1	1	1	1	37	37	52	52	2	2	1	1
IND00144	8	8	3	3	2	2	3	3	4	4	2	2	8	8	6	6	15	15	22	22	1	1	2	2	3	3	5	5	2	2	3	3	6	6	7	7	2	2	2	2	6	6	5	5	2	2	1	1	8	8	7	7	2	2	1	1	2	2	2	2	12	12	2	2	12	12	12	12	8	8	3	3	1	1	2	2	7	7	4	4	1	1	1	1	2	2	2	2	9	9	1	1	81	81	102	102	1	1	2	2	1	1	1	1	1	1	1	1	1	1	4	4	1	1	1	1	2	2	1	1	1	1	1	1	4	4	1	1	1	1	2	2	1	1	1	1	2	2	2	2	2	2	2	2	3	3	1	1	2	2	3	3	1	1	2	2	1	1	1	1	22	22	6	6	2	2	2	2
IND00145	5	5	2	2	3	3	1	1	3	3	4	4	1	1	4	4	16	16	18	18	2	2	1	1	7	7	6	6	3	3	2	2	6	6	3	3	4	4	3	3	8	8	8	8	2	2	2	2	2	2	5	5	1	1	2	2	2	2	1	1	16	16	13	13	7	7	14	14	4	4	4	4	1	1	1	1	3	3	6	6	2	2	1	1	2	2	1	1	3	3	7	7	206	206	231	231	2	2	2	2	2	2	2	2	1	1	2	2	3	3	4	4	2	2	2	2	1	1	1	1	1	1	1	1	3	3	4	4	1	1	3	3	2	2	3	3	2	2	1	1	2	2	2	2	8	8	15	15	4	4	3	3	1	1	1	1	1	1	1	1	53	53	10	10	1	1	1	1
IND00146	13	13	12	12	2	2	3	3	1	1	4	4	6	6	1	1	28	28	22	22	4	4	1	1	8	8	1	1	3	3	4	4	7	7	4	4	3	3	1	1	8	8	7	7	2	2	1	1	6	6	3	3	1	1	2	2	2	2	2	2	15	15	14	14	7	7	13	13	1	1	5	5	2	2	2	2	6	6	2	2	2	2	2	2	1	1	1	1	13	13	4	4	137	137	151	151	2	2	2	2	1	1	2	2	3	3	1	1	4	4	1	1	1	1	1	1	1	1	1	1	1	1	3	3	2	2	4	4	2	2	4	4	4	4	1	1	2	2	1	1	2	2	2	2	15	15	6	6	2	2	7	7	1	1	2	2	2	2	2	2	58	58	6	6	1	1	2	2
IND00147	12	12	1	1	3	3	2	2	2	2	1	1	1	1	3	3	10	10	27	27	4	4	2	2	5	5	4	4	3	3	1	1	2	2	5	5	3	3	4	4	7	7	7	7	1	1	1	1	7	7	6	6	2	2	1	1	1	1	1	1	1	1	12	12	13	13	2	2	5	5	3	3	1	1	2	2	3	3	8	8	2	2	1	1	1	1	2	2	15	15	13	13	215	215	83	83	1	1	2	2	2	2	2	2	3	3	3	3	4	4	1	1	2	2	1	1	2	2	2	2	4	4	4	4	3	3	1	1	4	4	2	2	2	2	3	3	2	2	1	1	2	2	2	2	4	4	12	12	6	6	4	4	1	1	1	1	1	1	1	1	7	7	25	25	1	1	1	1
IND00148	8	8	2	2	3	3	2	2	1	1	4	4	4	4	1	1	17	17	25	25	4	4	3	3	6	6	6	6	3	3	3	3	6	6	7	7	3	3	4	4	4	4	5	5	1	1	2	2	8	8	8	8	2	2	2	2	1	1	2	2	3	3	10	10	8	8	6	6	2	2	1	1	1	1	1	1	7	7	1	1	1	1	2	2	1	1	2	2	13	13	9	9	135	135	240	240	1	1	1	1	1	1	2	2	2	2	1	1	3	3	4	4	2	2	1	1	1	1	1	1	3	3	1	1	3	3	1	1	4	4	2	2	3	3	2	2	1	1	1	1	2	2	1	1	13	13	7	7	2	2	5	5	2	2	2	2	1	1	1	1	33	33	27	27	2	2	1	1
IND00149	7	7	5	5	3	3	3	3	1	1	3	3	2	2	2	2	13	13	2	2	1	1	4	4	4	4	3	3	2	2	1	1	4	4	3	3	3	3	3	3	8	8	8	8	2	2	2	2	7	7	5	5	1	1	1	1	2	2	1	1	8	8	3	3	8	8	1	1	6	6	4	4	2	2	2	2	2	2	8	8	1	1	1	1	2	2	1	1	8	8	7	7	49	49	43	43	2	2	2	2	1	1	1	1	1	1	2	2	4	4	1	1	1	1	2	2	2	2	1	1	1	1	1	1	3	3	1	1	3	3	3	3	1	1	2	2	2	2	2	2	1	1	1	1	9	9	11	11	7	7	7	7	2	2	2	2	1	1	1	1	44	44	58	58	1	1	1	1
IND00150	9	9	12	12	1	1	2	2	4	4	2	2	6	6	6	6	19	19	1	1	3	3	1	1	7	7	8	8	1	1	1	1	5	5	8	8	2	2	2	2	6	6	4	4	1	1	1	1	1	1	5	5	1	1	1	1	1	1	2	2	3	3	8	8	2	2	7	7	4	4	4	4	2	2	1	1	7	7	6	6	1	1	1	1	1	1	2	2	6	6	13	13	220	220	215	215	2	2	2	2	2	2	2	2	1	1	4	4	2	2	1	1	2	2	2	2	2	2	2	2	3	3	2	2	3	3	1	1	2	2	3	3	4	4	1	1	1	1	2	2	2	2	2	2	16	16	2	2	2	2	5	5	1	1	1	1	2	2	1	1	34	34	53	53	1	1	2	2
IND00151	7	7	15	15	2	2	1	1	1	1	3	3	4	4	3	3	9	9	25	25	4	4	1	1	6	6	2	2	4	4	4	4	2	2	2	2	3	3	4	4	3	3	8	8	1	1	1	1	7	7	5	5	2	2	2	2	2	2	2	2	7	7	13	13	7	7	4	4	1	1	6	6	2	2	2	2	7	7	7	7	2	2	2	2	2	2	1	1	2	2	8	8	234	234	187	187	2	2	1	1	2	2	2	2	4	4	1	1	4	4	4	4	1	1	2	2	1	1	1	1	1	1	3	3	1	1	1	1	2	2	4	4	4	4	2	2	2	2	1	1	2	2	1	1	7	7	4	4	1	1	1	1	2	2	1	1	1	1	2	2	56	56	53	53	2	2	2	2
IND00152	4	4	4	4	1	1	4	4	4	4	3	3	1	1	8	8	1	1	19	19	3	3	4	4	4	4	4	4	2	2	2	2	1	1	4	4	1	1	3	3	5	5	8	8	2	2	1	1	2	2	4	4	2	2	1	1	2	2	2	2	13	13	4	4	15	15	13	13	8	8	6	6	2	2	2	2	2	2	3	3	2	2	2	2	1	1	2	2	14	14	6	6	218	218	136	136	1	1	1	1	1	1	2	2	2	2	4	4	2	2	1	1	2	2	2	2	1	1	2	2	4	4	1	1	1	1	1	1	3	3	2	2	4	4	4	4	2	2	2	2	1	1	1	1	6	6	11	11	8	8	4	4	1	1	2	2	1	1	1	1	19	19	2	2	1	1	1	1
IND00153	7	7	1	1	4	4	4	4	2	2	4	4	6	6	8	8	23	23	9	9	4	4	2	2	5	5	2	2	4	4	3	3	7	7	1	1	3	3	3	3	2	2	3	3	2	2	1	1	4	4	5	5	2	2	2	2	2	2	1	1	2	2	15	15	12	12	9	9	8	8	2	2	2	2	1	1	6	6	5	5	2	2	2	2	1	1	1	1	10	10	12	12	248	248	59	59	2	2	2	2	1	1	1	1	1	1	2	2	4	4	1	1	2	2	2	2	2	2	2	2	2	2	3	3	3	3	2	2	1	1	2	2	3	3	2	2	2	2	1	1	2	2	2	2	4	4	8	8	7	7	8	8	1	1	2	2	2	2	1	1	43	43	39	39	1	1	2	2
IND00154	16	16	9	9	1	1	2	2	3	3	2	2	8	8	2	2	10	10	24	24	3	3	4	4	1	1	2	2	1	1	3	3	4	4	6	6	2	2	4	4	8	8	3	3	2	2	2	2	6	6	7	7	1	1	2	2	1	1	2	2	5	5	2	2	2	2	3	3	3	3	5	5	1	1	2	2	5	5	3	3	1	1	1	1	2	2	2	2	15	15	12	12	157	157	27	27	1	1	1	1	2	2	1	1	4	4	1	1	4	4	1	1	1	1	2	2	2	2	2	2	2	2	3	3	2	2	3	3	2	2	3	3	2	2	2	2	1	1	2	2	1	1	2	2	14	14	10	10	8	8	7	7	1	1	2	2	2	2	1	1	30	30	20	20	2	2	2	2
IND00155	8	8	12	12	4	4	1	1	3	3	1	1	3	3	8	8	13	13	25	25	1	1	4	4	3	3	3	3	3	3	1	1	7	7	5	5	1	1	4	4	4	4	4	4	2	2	1	1	4	4	6	6	2	2	1	1	1	1	2	2	7	7	14	14	8	8	1	1	2	2	6	6	1	1	2	2	4	4	1	1	1	1	2	2	1	1	1	1	8	8	3	3	5	5	35	35	1	1	2	2	1	1	2	2	3	3	1	1	1	1	3	3	2	2	2	2	2	2	2	2	4	4	4	4	1	1	4	4	2	2	2	2	3	3	4	4	2	2	2	2	2	2	2	2	9	9	2	2	8	8	4	4	1	1	1	1	1	1	2	2	32	32	33	33	2	2	1	1
IND00156	16	16	15	15	3	3	3	3	4	4	3	3	7	7	5	5	13	13	14	14	2	2	4	4	6	6	4	4	2	2	3	3	6	6	5	5	3	3	4	4	8	8	7	7	1	1	2	2	3	3	7	7	1	1	2	2	1	1	2	2	12	12	14	14	4	4	10	10	3	3	2	2	1	1	1	1	7	7	5	5	1	1	2	2	2	2	1	1	9	9	13	13	24	24	105	105	2	2	1	1	2	2	1	1	1	1	2	2	3	3	3	3	1	1	2	2	1	1	1	1	3	3	2	2	3	3	4	4	4	4	4	4	2	2	4	4	1	1	2	2	2	2	1	1	4	4	9	9	5	5	5	5	2	2	2	2	2	2	1	1	36	36	42	42	2	2	2	2
IND00157	16	16	5	5	4	4	1	1	1	1	2	2	1	1	4	4	28	28	20	20	3	3	3	3	8	8	3	3	2	2	4	4	6	6	2	2	1	1	1	1	3	3	8	8	1	1	1	1	2	2	4	4	2	2	1	1	1	1	2	2	1	1	3	3	3	3	2	2	1	1	7	7	1	1	2	2	1	1	6	6	2	2	2	2	2	2	2	2	14	14	3	3	91	91	5	5	2	2	1	1	1	1	2	2	3	3	3	3	4	4	1	1	2	2	1	1	2	2	2	2	1	1	1	1	4	4	4	4	3	3	2	2	4	4	2	2	2	2	2	2	1	1	2	2	9	9	16	16	1	1	3	3	2	2	2	2	2	2	1	1	22	22	20	20	2	2	2	2
IND00158	11	11	5	5	1	1	2	2	4	4	4	4	7	7	6	6	16	16	30	30	3	3	2	2	6	6	8	8	2	2	1	1	2	2	6	6	4	4	3	3	3	3	6	6	1	1	2	2	6	6	3	3	2	2	1	1	1	1	1	1	5	5	11	11	15	15	13	13	4	4	2	2	2	2	2	2	2	2	2	2	1	1	1	1	2	2	2	2	3	3	13	13	232	232	67	67	1	1	2	2	1	1	1	1	2	2	1	1	4	4	4	4	1	1	1	1	2	2	1	1	2	2	2	2	2	2	4	4	2	2	3	3	1	1	3	3	2	2	1	1	2	2	2	2	14	14	5	5	4	4	1	1	2	2	2	2	1	1	2	2	60	60	46	46	1	1	1	1
IND00159	12	12	15	15	4	4	4	4	1	1	4	4	1	1	4	4	12	12	28	28	1	1	1	1	8	8	5	5	2	2	1	1	7	7	8	8	4	4	2	2	5	5	2	2	2	2	2	2	7	7	5	5	1	1	2	2	1	1	1	1	10	10	4	4	10	10	12	12	4	4	6	6	2	2	2	2	1	1	2	2	1	1	2	2	2	2	1	1	5	5	1	1	77	77	31	31	2	2	1	1	1	1	2	2	2	2	1	1	1	1	3	3	2	2	1	1	1	1	2	2	2	2	2	2	4	4	2	2	3	3	2	2	2	2	2	2	2	2	2	2	1	1	2	2	13	13	8	8	1	1	7	7	2	2	2	2	1	1	1	1	57	57	36	36	1	1	1	1
IND00160	14	14	4	4	3	3	4	4	1	1	2	2	3	3	5	5	28	28	4	4	1	1	1	1	4	4	3	3	2	2	2	2	2	2	5	5	1	1	4	4	3	3	6	6	2	2	1	1	6	6	3	3	1	1	1	1	1	1	2	2	4	4	1	1	11	11	1	1	7	7	5	5	2	2	2	2	1	1	7	7	1	1	2	2	1	1	2	2	14	14	9	9	16	16	84	84	1	1	2	2	2	2	2	2	2	2	1	1	4	4	4	4	1	1	1	1	2	2	2	2	3	3	4	4	4	4	1	1	3	3	1	1	4	4	3	3	1	1	2	2	2	2	2	2	7	7	14	14	7	7	7	7	2	2	1	1	2	2	2	2	40	40	18	18	1	1	1	1
IND00161	4	4	13	13	1	1	4	4	2	2	1	1	1	1	3	3	13	13	25	25	1	1	4	4	2	2	8	8	4	4	4	4	8	8	7	7	4	4	1	1	6	6	6	6	2	2	2	2	8	8	5	5	1	1	2	2	1	1	2	2	16	16	7	7	11	11	10	10	2	2	3	3	2	2	2	2	4	4	2	2	2	2	2	2	1	1	2	2	4	4	8	8	77	77	133	133	1	1	1	1	1	1	1	1	2	2	1	1	1	1	1	1	2	2	1	1	1	1	2	2	2	2	1	1	3	3	2	2	1	1	2	2	4	4	1	1	2	2	2	2	1	1	1	1	7	7	7	7	8	8	4	4	2	2	1	1	1	1	2	2	55	55	40	40	1	1	2	2
IND00162	16	16	16	16	3	3	2	2	4	4	4	4	6	6	6	6	18	18	22	22	1	1	1	1	3	3	1	1	2	2	3	3	1	1	2	2	4	4	1	1	7	7	4	4	1	1	2	2	4	4	5	5	2	2	2	2	1	1	1	1	3	3	6	6	2	2	6	6	6	6	3	3	2	2	2	2	7	7	2	2	2	2	2	2	1	1	1	1	12	12	5	5	14	14	15	15	1	1	2	2	1	1	1	1	3	3	2	2	1	1	2	2	1	1	2	2	1	1	2	2	3	3	1	1	2	2	2	2	2	2	1	1	3	3	4	4	1	1	2	2	1	1	1	1	6	6	10	10	2	2	3	3	1	1	1	1	2	2	1	1	45	45	3	3	2	2	2	2
IND00163	13	13	14	14	3	3	1	1	3	3	4	4	2	2	1	1	10	10	22	22	1	1	1	1	7	7	6	6	2	2	2	2	1	1	2	2	1	1	2	2	8	8	4	4	2	2	1	1	8	8	1	1	1	1	2	2	1	1	1	1	7	7	2	2	13	13	5	5	5	5	3	3	2	2	1	1	6	6	4	4	1	1	1	1	2	2	2	2	12	12	10	10	108	108	104	104	1	1	1	1	1	1	1	1	4	4	4	4	3	3	2	2	2	2	2	2	2	2	1	1	4	4	2	2	2	2	3	3	2	2	3	3	4	4	4	4	2	2	1	1	2	2	1	1	5	5	12	12	3	3	2	2	1	1	2	2	1	1	1	1	63	63	46	46	2	2	2	2
IND00164	6	6	7	7	3	3	3	3	3	3	2	2	8	8	8	8	31	31	18	18	3	3	1	1	4	4	7	7	4	4	1	1	6	6	4	4	2	2	2	2	3	3	4	4	1	1	1	1	2	2	1	1	1	1	2	2	2	2	1	1	16	16	8	8	8	8	13	13	1	1	4	4	2	2	1	1	3	3	5	5	1	1	1	1	2	2	2	2	13	13	11	11	127	127	22	22	1	1	1	1	1	1	1	1	4	4	2	2	2	2	3	3	2	2	2	2	2	2	1	1	2	2	4	4	4	4	1	1	1	1	4	4	4	4	1	1	1	1	2	2	2	2	1	1	5	5	9	9	8	8	6	6	1	1	1	1	1	1	2	2	21	21	61	61	1	1	1	1
IND00165	14	14	3	3	2	2	1	1	3	3	3	3	7	7	7	7	17	17	8	8	1	1	3	3	1	1	3	3	1	1	1	1	8	8	3	3	2	2	1	1	3	3	1	1	2	2	1	1	5	5	8	8	2	2	2	2	1	1	1	1	1	1	6	6	7	7	9	9	1	1	7	7	1	1	1	1	6	6	4	4	2	2	2	2	1	1	1	1	11	11	10	10	152	152	231	231	1	1	2	2	2	2	2	2	2	2	3	3	1	1	3	3	2	2	1	1	1	1	1	1	4	4	3	3	1	1	1	1	1	1	3	3	1	1	1	1	1	1	2	2	2	2	1	1	16	16	15	15	4	4	5	5	1	1	2	2	2	2	2	2	31	31	64	64	2	2	1	1
IND00166	14	14	3	3	4	4	4	4	3	3	3	3	8	8	5	5	27	27	14	14	4	4	3	3	7	7	5	5	3	3	1	1	8	8	1	1	1	1	4	4	8	8	5	5	1	1	2	2	3	3	7	7	2	2	1	1	2	2	2	2	13	13	4	4	12	12	4	4	3	3	1	1	1	1	1	1	3	3	2	2	2	2	1	1	1	1	1	1	14	14	11	11	158	158	238	238	2	2	2	2	1	1	1	1	3	3	4	4	4	4	3	3	2	2	2	2	1	1	1	1	2	2	3	3	1	1	3	3	4	4	4	4	2	2	3	3	1	1	2	2	2	2	2	2	5	5	5	5	2	2	2	2	1	1	1	1	1	1	1	1	63	63	19	19	2	2	1	1
IND00167	14	14	5	5	1	1	3	3	1	1	4	4	1	1	5	5	20	20	17	17	3	3	4	4	6	6	5	5	4	4	2	2	2	2	7	7	3	3	4	4	7	7	1	1	2	2	2	2	6	6	3	3	2	2	2	2	2	2	2	2	15	15	10	10	12	12	5	5	1	1	1	1	1	1	2	2	3	3	6	6	1	1	2	2	2	2	1	1	3	3	10	10	70	70	243	243	1	1	2	2	1	1	1	1	4	4	1	1	4	4	1	1	1	1	2	2	1	1	2	2	3	3	3	3	3	3	3	3	4	4	4	4	4	4	3	3	2	2	1	1	2	2	1	1	11	11	16	16	7	7	5	5	1	1	2	2	2	2	1	1	16	16	15	15	2	2	1	1
IND00168	4	4	8	8	3	3	3	3	4	4	4	4	6	6	5	5	23	23	24	24	3	3	3	3	5	5	8	8	3	3	2	2	5	5	7	7	2	2	1	1	4	4	8	8	1	1	1	1	3	3	4	4	1	1	1	1	2	2	2	2	12	12	6	6	6	6	1	1	6	6	1	1	1	1	1	1	7	7	6	6	2	2	1	1	1	1	1	1	8	8	9	9	210	210	87	87	1	1	2	2	1	1	1	1	2	2	1	1	1	1	4	4	2	2	1	1	1	1	2	2	1	1	4	4	3	3	2	2	1	1	1	1	2	2	3	3	2	2	2	2	1	1	2	2	13	13	4	4	8	8	6	6	1	1	1	1	1	1	2	2	2	2	6	6	1	1	2	2
IND00169	15	15	1	1	4	4	3	3	3	3	4	4	3	3	5	5	20	20	2	2	4	4	1	1	3	3	6	6	3	3	1	1	7	7	2	2	2	2	2	2	5	5	1	1	2	2	1	1	5	5	3	3	2	2	2	2	1	1	1	1	2	2	5	5	15	15	5	5	2	2	6	6	1	1	2	2	5	5	2	2	1	1	1	1	2	2	2	2	10	10	16	16	8	8	228	228	1	1	2	2	1	1	2	2	2	2	4	4	1	1	1	1	2	2	1	1	1	1	2	2	4	4	3	3	2	2	4	4	3	3	4	4	3	3	3	3	2	2	2	2	1	1	1	1	3	3	9	9	5	5	7	7	2	2	2	2	2	2	2	2	2	2	16	16	2	2	1	1
IND00170	3	3	16	16	4	4	3	3	4	4	1	1	7	7	8	8	14	14	4	4	2	2	3	3	2	2	2	2	1	1	4	4	6	6	1	1	1	1	3	3	4	4	4	4	1	1	2	2	6	6	7	7	1	1	2	2	1	1	2	2	11	11	8	8	12	12	10	10	4	4	4	4	2	2	2	2	4	4	3	3	2	2	1	1	1	1	1	1	5	5	12	12	102	102	173	173	1	1	1	1	1	1	1	1	3	3	3	3	3	3	2	2	2	2	1	1	2	2	1	1	2	2	2	2	4	4	4	4	3	3	2	2	3	3	1	1	1	1	2	2	1	1	2	2	14	14	1	1	4	4	2	2	2	2	1	1	2	2	1	1	24	24	47	47	1	1	1	1
IND00171	14	14	12	12	4	4	3	3	2	2	3	3	1	1	4	4	7	7	26	26	2	2	3	3	8	8	7	7	2	2	2	2	7	7	6	6	3	3	2	2	2	2	7	7	1	1	2	2	5	5	7	7	2	2	1	1	1	1	2	2	16	16	3	3	1	1	16	16	3	3	2	2	1	1	1	1	7	7	3	3	2	2	2	2	1	1	2	2	3	3	4	4	212	212	236	236	2	2	2	2	1	1	2	2	4	4	1	1	3	3	2	2	1	1	2	2	2	2	1	1	2	2	3	3	4	4	1	1	4	4	4	4	4	4	4	4	1	1	1	1	1	1	2	2	2	2	13	13	6	6	2	2	1	1	2	2	2	2	1	1	40	40	35	35	2	2	1	1
IND00172	16	16	11	11	4	4	4	4	3	3	4	4	5	5	1	1	32	32	27	27	3	3	2	2	7	7	7	7	4	4	3	3	7	7	3	3	1	1	4	4	8	8	1	1	2	2	2	2	8	8	8	8	1	1	1	1	1	1	2	2	5	5	4	4	12	12	6	6	5	5	1	1	1	1	2	2	2	2	4	4	1	1	2	2	2	2	1	1	2	2	7	7	93	93	170	170	1	1	2	2	1	1	2	2	3	3	3	3	1	1	2	2	2	2	2	2	2	2	2	2	2	2	2	2	1	1	2	2	4	4	1	1	4	4	1	1	2	2	2	2	1	1	2	2	14	14	5	5	2	2	8	8	1	1	2	2	1	1	1	1	39	39	21	21	2	2	2	2
IND00173	13	13	14	14	3	3	3	3	2	2	1	1	8	8	2	2	29	29	28	28	2	2	1	1	1	1	3	3	1	1	1	1	3	3	7	7	1	1	3	3	2	2	7	7	2	2	1	1	6	6	7	7	2	2	2	2	1	1	2	2	1	1	10	10	3	3	14	14	4	4	1	1	1	1	1	1	1	1	5	5	1	1	1	1	2	2	2	2	10	10	2	2	221	221	177	177	2	2	1	1	1	1	2	2	4	4	1	1	3	3	4	4	2	2	1	1	2	2	2	2	4	4	2	2	4	4	4	4	3	3	1	1	4	4	3	3	2	2	1	1	1	1	1	1	3	3	8	8	4	4	2	2	1	1	1	1	1	1	1	1	32	32	27	27	1	1	2	2
IND00174	14	14	8	8	2	2	3	3	1	1	2	2	5	5	3	3	14	14	12	12	1	1	2	2	1	1	5	5	1	1	4	4	3	3	1	1	4	4	2	2	5	5	3	3	2	2	2	2	8	8	7	7	2	2	2	2	2	2	1	1	13	13	13	13	1	1	3	3	1	1	5	5	2	2	2	2	1	1	3	3	2	2	1	1	1	1	1	1	9	9	8	8	13	13	6	6	2	2	2	2	1	1	2	2	2	2	2	2	2	2	4	4	2	2	1	1	1	1	1	1	3	3	1	1	2	2	2	2	1	1	1	1	3	3	4	4	2	2	2	2	1	1	2	2	1	1	4	4	2	2	2	2	1	1	1	1	2	2	2	2	36	36	41	41	1	1	2	2
IND00175	10	10	13	13	4	4	2	2	4	4	4	4	2	2	1	1	26	26	11	11	4	4	4	4	4	4	7	7	1	1	3	3	4	4	6	6	1	1	4	4	7	7	6	6	2	2	2	2	1	1	4	4	2	2	1	1	1	1	1	1	5	5	4	4	12	12	4	4	3	3	4	4	1	1	2	2	8	8	3	3	1	1	2	2	2	2	1	1	8	8	1	1	68	68	181	181	1	1	2	2	2	2	1	1	1	1	1	1	2	2	4	4	2	2	1	1	1	1	1	1	1	1	1	1	4	4	2	2	2	2	3	3	2	2	3	3	2	2	1	1	1	1	2	2	3	3	14	14	3	3	7	7	1	1	1	1	1	1	1	1	23	23	17	17	1	1	2	2
IND00176	5	5	13	13	3	3	2	2	1	1	4	4	6	6	4	4	2	2	10	10	2	2	1	1	5	5	5	5	3	3	3	3	6	6	6	6	4	4	4	4	4	4	7	7	2	2	1	1	6	6	5	5	2	2	2	2	2	2	1	1	16	16	9	9	5	5	13	13	6	6	8	8	1	1	2	2	7	7	4	4	2	2	2	2	2	2	2	2	2	2	14	14	215	215	150	150	1	1	1	1	1	1	2	2	3	3	1	1	4	4	2	2	2	2	2	2	2	2	2	2	1	1	3	3	1	1	4	4	4	4	2	2	1	1	1	1	2	2	1	1	1	1	2	2	1	1	13	13	2	2	4	4	1	1	2	2	2	2	1	1	15	15	56	56	2	2	1	1
IND00177	2	2	1	1	4	4	2	2	3	3	1	1	7	7	8	8	8	8	26	26	1	1	4	4	8	8	7	7	4	4	4	4	4	4	2	2	4	4	3	3	2	2	2	2	2	2	1	1	7	7	6	6	2	2	1	1	1	1	1	1	2	2	11	11	2	2	7	7	6	6	5	5	2	2	1	1	7	7	3	3	2	2	2	2	2	2	2	2	6	6	7	7	33	33	118	118	1	1	1	1	2	2	1	1	4	4	4	4	3	3	3	3	2	2	2	2	2	2	1	1	4	4	2	2	4	4	1	1	1	1	1	1	3	3	4	4	1	1	1	1	1	1	2	2	13	13	5	5	7	7	7	7	1	1	1	1	1	1	1	1	36	36	42	42	2	2	2	2
IND00178	3	3	9	9	4	4	4	4	3	3	3	3	5	5	3	3	16	16	24	24	3	3	1	1	3	3	3	3	2	2	2	2	3	3	5	5	4	4	3	3	4	4	4	4	2	2	1	1	7	7	3	3	1	1	2	2	1	1	1	1	7	7	15	15	16	16	6	6	1	1	1	1	2	2	2	2	2	2	2	2	2	2	1	1	2	2	2	2	7	7	14	14	13	13	215	215	2	2	1	1	1	1	2	2	1	1	1	1	3	3	3	3	1	1	2	2	2	2	1	1	1	1	1	1	4	4	3	3	4	4	1	1	1	1	1	1	1	1	2	2	2	2	1	1	5	5	7	7	5	5	5	5	1	1	1	1	2	2	1	1	41	41	44	44	1	1	1	1
IND00179	15	15	6	6	3	3	3	3	4	4	4	4	2	2	2	2	28	28	27	27	3	3	2	2	1	1	4	4	1	1	2	2	8	8	5	5	1	1	2	2	7	7	8	8	2	2	2	2	4	4	1	1	1	1	2	2	1	1	1	1	6	6	5	5	11	11	15	15	7	7	8	8	2	2	2	2	3	3	3	3	2	2	1	1	2	2	1	1	10	10	7	7	105	105	99	99	2	2	1	1	2	2	1	1	4	4	1	1	2	2	3	3	2	2	1	1	1	1	1	1	3	3	4	4	2	2	3	3	2	2	2	2	1	1	4	4	1	1	1	1	2	2	2	2	13	13	2	2	7	7	8	8	1	1	1	1	1	1	2	2	23	23	14	14	2	2	1	1
IND00180	14	14	8	8	3	3	1	1	4	4	3	3	3	3	3	3	18	18	3	3	2	2	2	2	8	8	6	6	1	1	3	3	8	8	4	4	1	1	2	2	5	5	3	3	1	1	1	1	1	1	7	7	2	2	1	1	1	1	1	1	11	11	6	6	5	5	5	5	4	4	3	3	1	1	1	1	8	8	2	2	1	1	2	2	2	2	2	2	6	6	16	16	84	84	100	100	2	2	1	1	1	1	1	1	1	1	4	4	2	2	1	1	1	1	1	1	2	2	1	1	2	2	1	1	4	4	4	4	4	4	4	4	4	4	3	3	1	1	2	2	1	1	2	2	12	12	8	8	4	4	4	4	2	2	1	1	1	1	1	1	1	1	62	62	2	2	1	1
IND00181	2	2	16	16	4	4	2	2	1	1	3	3	5	5	6	6	19	19	9	9	4	4	3	3	3	3	7	7	4	4	3	3	2	2	2	2	2	2	3	3	7	7	7	7	1	1	1	1	5	5	6	6	1	1	2	2	1	1	2	2	7	7	16	16	9	9	4	4	3	3	3	3	1	1	1	1	5	5	7	7	1	1	2	2	2	2	1	1	15	15	1	1	96	96	50	50	2	2	2	2	2	2	2	2	2	2	2	2	1	1	1	1	2	2	1	1	2	2	1	1	1	1	1	1	3	3	4	4	1	1	1	1	4	4	1	1	1	1	2	2	2	2	1	1	14	14	9	9	5	5	3	3	1	1	2	2	1	1	2	2	1	1	57	57	2	2	2	2
IND00182	16	16	10	10	4	4	3	3	1	1	3	3	4	4	4	4	6	6	25	25	3	3	3	3	3	3	5	5	3	3	2	2	8	8	4	4	3	3	1	1	5	5	2	2	1	1	1	1	6	6	1	1	2	2	1	1	2	2	1	1	13	13	16	16	2	2	14	14	2	2	8	8	2	2	1	1	3	3	3	3	1	1	1	1	1	1	1	1	3	3	2	2	148	148	173	173	2	2	1	1	2	2	1	1	3	3	4	4	2	2	4	4	2	2	1	1	2	2	2	2	3	3	1	1	4	4	3	3	3	3	4	4	4	4	4	4	1	1	2	2	2	2	2	2	14	14	10	10	6	6	2	2	1	1	1	1	1	1	2	2	47	47	17	17	1	1	1	1
IND00183	3	3	2	2	1	1	4	4	3	3	4	4	8	8	1	1	16	16	22	22	2	2	2	2	2	2	6	6	1	1	4	4	8	8	1	1	1	1	2	2	8	8	7	7	1	1	2	2	1	1	7	7	1	1	1	1	2	2	1	1	11	11	8	8	8	8	9	9	8	8	7	7	2	2	2	2	4	4	1	1	2	2	1	1	2	2	2	2	11	11	9	9	214	214	101	101	2	2	1	1	1	1	2	2	4	4	1	1	3	3	4	4	2	2	2	2	1	1	2	2	1	1	3	3	1	1	4	4	1	1	4	4	4	4	1	1	1	1	2	2	1	1	1	1	15	15	14	14	2	2	1	1	1	1	2	2	2	2	1	1	2	2	6	6	2	2	2	2
IND00184	16	16	1	1	1	1	1	1	2	2	2	2	7	7	3	3	23	23	13	13	4	4	4	4	4	4	5	5	3	3	1	1	6	6	8	8	4	4	2	2	3	3	3	3	1	1	1	1	7	7	2	2	2	2	2	2	1	1	2	2	8	8	12	12	5	5	16	16	1	1	8	8	2	2	1	1	5	5	5	5	1	1	2	2	2	2	1	1	13	13	1	1	212	212	128	128	1	1	2	2	1	1	2	2	3	3	2	2	2	2	1	1	2	2	1	1	1	1	1	1	1	1	2	2	3	3	4	4	3	3	2	2	2	2	4	4	2	2	2	2	1	1	2	2	16	16	2	2	1	1	6	6	1	1	1	1	1	1	1	1	27	27	25	25	2	2	2	2
IND00185	9	9	16	16	2	2	2	2	3	3	1	1	8	8	4	4	28	28	22	22	4	4	4	4	6	6	2	2	3	3	4	4	7	7	2	2	1	1	1	1	2	2	5	5	1	1	2	2	3	3	6	6	1	1	1	1	2	2	2	2	11	11	10	10	14	14	11	11	2	2	8	8	2	2	1	1	6	6	4	4	2	2	1	1	1	1	1	1	2	2	2	2	223	223	191	191	2	2	2	2	1	1	1	1	2	2	2	2	4	4	3	3	2	2	1	1	2	2	2	2	2	2	4	4	4	4	3	3	1	1	4	4	1	1	3	3	1	1	2	2	1	1	1	1	6	6	16	16	2	2	7	7	1	1	2	2	2	2	2	2	58	58	55	55	2	2	1	1
IND00186	16	16	14	14	3	3	3	3	1	1	4	4	7	7	4	4	30	30	8	8	3	3	2	2	6	6	2	2	3	3	4	4	5	5	4	4	3	3	4	4	6	6	6	6	2	2	1	1	7	7	2	2	1	1	2	2	1	1	2	2	10	10	10	10	7	7	10	10	6	6	1	1	2	2	2	2	4	4	7	7	1	1	1	1	1	1	1	1	2	2	9	9	165	165	119	119	1	1	1	1	1	1	2	2	1	1	4	4	2	2	1	1	1	1	1	1	2	2	1	1	4	4	2	2	4	4	3	3	3	3	3	3	3	3	1	1	1	1	1	1	1	1	1	1	6	6	10	10	4	4	5	5	1	1	2	2	1	1	1	1	11	11	11	11	1	1	1	1
IND00187	6	6	6	6	4	4	1	1	2	2	4	4	2	2	1	1	17	17	1	1	1	1	1	1	4	4	2	2	2	2	3	3	4	4	8	8	4	4	3	3	3	3	6	6	1	1	2	2	1	1	7	7	2	2	2	2	2	2	2	2	5	5	15	15	12	12	12	12	3	3	6	6	2	2	2	2	1	1	7	7	1	1	1	1	2	2	1	1	16	16	10	10	83	83	5	5	1	1	2	2	1	1	2	2	1	1	4	4	1	1	2	2	1	1	1	1	1	1	2	2	1	1	1	1	2	2	1	1	3	3	4	4	2	2	2	2	2	2	1	1	2	2	1	1	10	10	4	4	4	4	2	2	2	2	2	2	2	2	2	2	19	19	40	40	2	2	1	1
IND00188	12	12	6	6	3	3	1	1	1	1	3	3	2	2	3	3	18	18	25	25	3	3	2	2	1	1	2	2	3	3	3	3	4	4	3	3	3	3	4	4	3	3	2	2	2	2	1	1	7	7	6	6	2	2	1	1	2	2	1	1	12	12	7	7	11	11	1	1	6	6	5	5	2	2	2	2	5	5	2	2	1	1	1	1	2	2	1	1	8	8	5	5	55	55	180	180	1	1	1	1	2	2	2	2	3	3	2	2	3	3	4	4	1	1	1	1	2	2	1	1	1	1	2	2	1	1	1	1	4	4	4	4	3	3	3	3	1	1	2	2	1	1	1	1	16	16	11	11	5	5	4	4	1	1	1	1	1	1	2	2	43	43	56	56	1	1	1	1
IND00189	6	6	15	15	1	1	1	1	1	1	1	1	7	7	4	4	12	12	29	29	3	3	3	3	2	2	1	1	4	4	2	2	8	8	4	4	2	2	3	3	4	4	1	1	1	1	2	2	3	3	1	1	1	1	2	2	2	2	1	1	5	5	13	13	15	15	8	8	3	3	3	3	2	2	2	2	2	2	5	5	1	1	1	1	2	2	2	2	6	6	16	16	10	10	236	236	2	2	2	2	2	2	2	2	3	3	2	2	4	4	4	4	2	2	1	1	1	1	2	2	3	3	2	2	1	1	3	3	4	4	4	4	2	2	3	3	2	2	1	1	2	2	1	1	3	3	4	4	5	5	6	6	2	2	2	2	1	1	1	1	6	6	46	46	2	2	2	2
IND00190	15	15	15	15	1	1	4	4	3	3	3	3	3	3	4	4	29	29	2	2	1	1	1	1	2	2	8	8	2	2	4	4	6	6	6	6	1	1	4	4	6	6	2	2	1	1	2	2	8	8	1	1	2	2	1	1	1	1	2	2	14	14	1	1	7	7	6	6	1	1	2	2	1	1	2	2	8	8	3	3	2	2	2	2	1	1	2	2	4	4	6	6	41	41	185	185	1	1	1	1	2	2	2	2	3	3	3	3	1	1	1	1	2	2	1	1	1	1	1	1	2	2	1	1	4	4	4	4	4	4	2	2	2	2	1	1	2	2	1	1	2	2	2	2	12	12	16	16	4	4	4	4	2	2	1	1	2	2	1	1	54	54	35	35	2	2	1	1
IND00191	2	2	2	2	4	4	1	1	2	2	2	2	5	5	8	8	10	10	5	5	2	2	4	4	6	6	6	6	3	3	4	4	4	4	6	6	1	1	4	4	3	3	6	6	2	2	2	2	7	7	5	5	1	1	2	2	2	2	2	2	1	1	8	8	16	16	13	13	2	2	6	6	2	2	1	1	3	3	7	7	2	2	2	2	2	2	2	2	16	16	16	16	182	182	178	178	1	1	2	2	2	2	2	2	2	2	2	2	1	1	4	4	2	2	1	1	2	2	1	1	2	2	3	3	2	2	3	3	2	2	2	2	3	3	4	4	1	1	1	1	1	1	1	1	16	16	4	4	1	1	2	2	1	1	1	1	1	1	1	1	49	49	40	40	1	1	2	2
IND00192	2	2	12	12	1	1	2	2	3	3	1	1	3	3	2	2	10	10	3	3	3	3	4	4	6	6	7	7	4	4	1	1	4	4	3	3	1	1	3	3	4	4	1	1	1	1	1	1	1	1	3	3	1	1	2	2	2	2	2	2	6	6	13	13	2	2	1	1	7	7	5	5	1	1	2	2	2	2	8	8	1	1	2	2	2	2	2	2	14	14	3	3	26	26	131	131	1	1	1	1	1	1	2	2	4	4	3	3	1	1	4	4	1	1	2	2	2	2	1	1	2	2	4	4	1	1	2	2	1	1	4	4	1	1	2	2	2	2	1	1	1	1	1	1	12	12	13	13	3	3	8	8	2	2	2	2	1	1	1	1	20	20	61	61	2	2	2	2
IND00193	6	6	5	5	3	3	1	1	1	1	3	3	2	2	1	1	20	20	9	9	3	3	2	2	4	4	1	1	4	4	3	3	6	6	6	6	3	3	4	4	2	2	3	3	1	1	1	1	1	1	8	8	2	2	2	2	1	1	2	2	1	1	11	11	16	16	2	2	5	5	8	8	2	2	2	2	7	7	4	4	1	1	1	1	1	1	1	1	11	11	5	5	130	130	219	219	1	1	1	1	1	1	2	2	1	1	2	2	4	4	3	3	1	1	2	2	1	1	1	1	4	4	2	2	2	2	1	1	4	4	1	1	2	2	2	2	2	2	1	1	2	2	2	2	6	6	9	9	4	4	4	4	1	1	2	2	1	1	1	1	23	23	43	43	2	2	1	1
IND00194	15	15	15	15	1	1	4	4	2	2	3	3	5	5	8	8	9	9	30	30	1	1	1	1	1	1	7	7	4	4	2	2	7	7	5	5	3	3	3	3	7	7	3	3	2	2	1	1	8	8	7	7	1	1	2	2	2	2	1	1	16	16	13	13	10	10	16	16	1	1	7	7	2	2	1	1	1	1	7	7	1	1	1	1	1	1	2	2	6	6	5	5	253	253	251	251	2	2	1	1	1	1	2	2	4	4	3	3	2	2	3	3	1	1	1	1	1	1	1	1	4	4	3	3	3	3	2	2	4	4	3	3	2	2	4	4	2	2	2	2	1	1	2	2	11	11	11	11	2	2	4	4	2	2	1	1	1	1	2	2	31	31	13	13	2	2	2	2
IND00195	5	5	15	15	2	2	2	2	4	4	1	1	4	4	1	1	11	11	4	4	4	4	4	4	3	3	2	2	3	3	2	2	3	3	6	6	4	4	2	2	7	7	6	6	1	1	1	1	4	4	5	5	1	1	1	1	1	1	1	1	8	8	2	2	13	13	13	13	1	1	3	3	1	1	2	2	2	2	5	5	1	1	1	1	2	2	1	1	4	4	11	11	41	41	84	84	1	1	1	1	2	2	1	1	1	1	2	2	1	1	1	1	2	2	1	1	2	2	1	1	4	4	1	1	1	1	4	4	4	4	1	1	1	1	2	2	1	1	1	1	2	2	1	1	3	3	11	11	8	8	7	7	2	2	1	1	1	1	2	2	62	62	46	46	1	1	2	2
IND00196	15	15	12	12	4	4	4	4	3	3	1	1	8	8	8	8	22	22	17	17	1	1	2	2	6	6	1	1	4	4	3	3	4	4	7	7	1	1	4	4	3	3	1	1	1	1	1	1	8	8	3	3	1	1	2	2	1	1	1	1	4	4	12	12	3	3	7	7	2	2	3	3	1	1	2	2	6	6	1	1	1	1	2	2	1	1	1	1	6	6	3	3	71	71	241	241	1	1	2	2	2	2	1	1	2	2	2	2	3	3	4	4	2	2	2	2	2	2	1	1	2	2	3	3	4	4	2	2	3	3	4	4	1	1	3	3	2	2	1	1	1	1	1	1	2	2	14	14	2	2	7	7	2	2	1	1	2	2	1	1	31	31	61	61	2	2	1	1
IND00197	10	10	12	12	1	1	4	4	3	3	1	1	7	7	7	7	30	30	25	25	1	1	4	4	7	7	3	3	1	1	3	3	4	4	6	6	4	4	2	2	4	4	8	8	2	2	2	2	3	3	4	4	2	2	2	2	1	1	1	1	8	8	12	12	11	11	8	8	2	2	5	5	1	1	2	2	4	4	7	7	1	1	1	1	1	1	1	1	1	1	9	9	188	188	77	77	2	2	2	2	1	1	2	2	3	3	1	1	1	1	1	1	2	2	1	1	2	2	1	1	2	2	2	2	4	4	2	2	4	4	3	3	4	4	4	4	1	1	2	2	2	2	1	1	11	11	8	8	2	2	8	8	1	1	1	1	2	2	2	2	18	18	5	5	1	1	2	2
IND00198	7	7	11	11	4	4	1	1	1	1	3	3	4	4	1	1	29	29	4	4	2	2	2	2	7	7	1	1	1	1	1	1	2	2	7	7	1	1	2	2	8	8	8	8	2	2	1	1	5	5	2	2	1	1	1	1	1	1	2	2	1	1	15	15	4	4	10	10	2	2	7	7	2	2	1	1	8	8	7	7	2	2	2	2	2	2	1	1	6	6	3	3	55	55	120	120	1	1	2	2	2	2	2	2	3	3	1	1	3	3	1	1	2	2	1	1	1	1	2	2	3	3	4	4	1	1	3	3	1	1	1	1	1	1	4	4	1	1	1	1	1	1	1	1	13	13	3	3	8	8	3	3	1	1	2	2	1	1	2	2	22	22	46	46	1	1	1	1
IND00199	15	15	3	3	2	2	3	3	4	4	2	2	1	1	4	4	14	14	22	22	2	2	1	1	7	7	8	8	2	2	1	1	8	8	2	2	3	3	2	2	2	2	4	4	1	1	1	1	1	1	1	1	1	1	2	2	1	1	1	1	2	2	13	13	7	7	7	7	8	8	8	8	1	1	1	1	3	3	5	5	1	1	1	1	1	1	2	2	1	1	5	5	143	143	31	31	1	1	2	2	2	2	1	1	1	1	3	3	1	1	1	1	1	1	1	1	1	1	1	1	2	2	1	1	1	1	4	4	2	2	1	1	3	3	3	3	1	1	2	2	1	1	2	2	16	16	4	4	4	4	1	1	2	2	2	2	2	2	1	1	49	49	17	17	2	2	2	2
IND00200	16	16	16	16	1	1	2	2	3	3	3	3	5	5	3	3	4	4	15	15	2	2	1	1	6	6	4	4	4	4	3	3	3	3	7	7	1	1	2	2	8	8	4	4	1	1	2	2	2	2	1	1	1	1	1	1	1	1	2	2	11	11	7	7	16	16	9	9	4	4	8	8	2	2	2	2	7	7	5	5	1	1	2	2	1	1	1	1	10	10	12	12	35	35	22	22	2	2	1	1	1	1	1	1	1	1	2	2	1	1	4	4	1	1	1	1	2	2	1	1	3	3	2	2	3	3	4	4	3	3	2	2	2	2	3	3	1	1	1	1	2	2	2	2	4	4	13	13	2	2	1	1	2	2	2	2	2	2	1	1	31	31	60	60	2	2	2	2
