ID	hap_1_1	hap_1_1	hap_1_2	hap_1_2	hap_2_1	hap_2_1	hap_2_2	hap_2_2	hap_3_1	hap_3_1	hap_3_2	hap_3_2	hap_4_1	hap_4_1	hap_4_2	hap_4_2	hap_5_1	hap_5_1	hap_5_2	hap_5_2	hap_6_1	hap_6_1	hap_6_2	hap_6_2	hap_7_1	hap_7_1	hap_7_2	hap_7_2	hap_8_1	hap_8_1	hap_8_2	hap_8_2	hap_9_1	hap_9_1	hap_9_2	hap_9_2	hap_10_1	hap_10_1	hap_10_2	hap_10_2	hap_11_1	hap_11_1	hap_11_2	hap_11_2	hap_12_1	hap_12_1	hap_12_2	hap_12_2	hap_13_1	hap_13_1	hap_13_2	hap_13_2	hap_14_1	hap_14_1	hap_14_2	hap_14_2	hap_15_1	hap_15_1	hap_15_2	hap_15_2	hap_16_1	hap_16_1	hap_16_2	hap_16_2	hap_17_1	hap_17_1	hap_17_2	hap_17_2	hap_18_1	hap_18_1	hap_18_2	hap_18_2	hap_19_1	hap_19_1	hap_19_2	hap_19_2	hap_20_1	hap_20_1	hap_20_2	hap_20_2	hap_21_1	hap_21_1	hap_21_2	hap_21_2	hap_22_1	hap_22_1	hap_22_2	hap_22_2	hap_23_1	hap_23_1	hap_23_2	hap_23_2	hap_24_1	hap_24_1	hap_24_2	hap_24_2	hap_25_1	hap_25_1	hap_25_2	hap_25_2	hap_26_1	hap_26_1	hap_26_2	hap_26_2	hap_27_1	hap_27_1	hap_27_2	hap_27_2	hap_28_1	hap_28_1	hap_28_2	hap_28_2	hap_29_1	hap_29_1	hap_29_2	hap_29_2	hap_30_1	hap_30_1	hap_30_2	hap_30_2	hap_31_1	hap_31_1	hap_31_2	hap_31_2	hap_32_1	hap_32_1	hap_32_2	hap_32_2	hap_33_1	hap_33_1	hap_33_2	hap_33_2	hap_34_1	hap_34_1	hap_34_2	hap_34_2	hap_35_1	hap_35_1	hap_35_2	hap_35_2	hap_36_1	hap_36_1	hap_36_2	hap_36_2	hap_37_1	hap_37_1	hap_37_2	hap_37_2	hap_38_1	hap_38_1	hap_38_2	hap_38_2	hap_39_1	hap_39_1	hap_39_2	hap_39_2	hap_40_1	hap_40_1	hap_40_2	hap_40_2	hap_41_1	hap_41_1	hap_41_2	hap_41_2	hap_42_1	hap_42_1	hap_42_2	hap_42_2	hap_43_1	hap_43_1	hap_43_2	hap_43_2
IND00001	3	3	1	1	1	1	2	2	1	1	2	2	8	8	7	7	3	3	1	1	3	3	3	3	2	2	3	3	1	1	2	2	2	2	2	2	1	1	1	1	3	3	1	1	17	17	7	7	2	2	1	1	7	7	7	7	1	1	2	2	2	2	4	4	6	6	2	2	2	2	4	4	38	38	36	36	6	6	8	8	2	2	3	3	2	2	1	1	2	2	5	5	5	5	5	5	3	3	1	1	1	1	1	1	2	2	2	2	4	4	3	3	40	40	64	64	1	1	3	3	26	26	29	29	12	12	12	12	5	5	4	4	2	2	2	2	3	3	2	2	4	4	3	3	6	6	4	4	2	2	4	4	1	1	1	1	1	1	1	1	2	2	2	2	2	2	1	1	1	1	1	1
IND00002	2	2	4	4	4	4	1	1	1	1	2	2	3	3	6	6	8	8	3	3	1	1	4	4	1	1	2	2	1	1	1	1	2	2	2	2	1	1	2	2	4	4	3	3	22	22	18	18	2	2	1	1	3	3	2	2	2	2	1	1	4	4	1	1	4	4	7	7	3	3	4	4	48	48	56	56	8	8	3	3	3	3	4	4	1	1	1	1	2	2	6	6	5	5	8	8	4	4	4	4	3	3	1	1	2	2	1	1	4	4	3	3	13	13	27	27	4	4	1	1	11	11	4	4	8	8	16	16	8	8	2	2	2	2	2	2	3	3	4	4	4	4	1	1	8	8	2	2	3	3	4	4	1	1	1	1	2	2	2	2	3	3	2	2	4	4	1	1	1	1	2	2
IND00003	2	2	2	2	2	2	2	2	1	1	1	1	4	4	7	7	5	5	2	2	4	4	3	3	3	3	2	2	1	1	1	1	1	1	1	1	2	2	1	1	1	1	4	4	11	11	14	14	1	1	1	1	5	5	4	4	1	1	1	1	8	8	4	4	7	7	2	2	4	4	3	3	4	4	61	61	4	4	7	7	3	3	4	4	1	1	1	1	6	6	1	1	5	5	1	1	2	2	3	3	4	4	1	1	2	2	1	1	3	3	1	1	44	44	46	46	4	4	2	2	23	23	18	18	11	11	12	12	4	4	7	7	2	2	2	2	1	1	3	3	4	4	3	3	3	3	5	5	1	1	1	1	1	1	2	2	1	1	1	1	2	2	4	4	2	2	3	3	2	2	1	1
IND00004	4	4	4	4	2	2	2	2	1	1	2	2	7	7	3	3	1	1	3	3	1	1	4	4	1	1	2	2	2	2	1	1	2	2	2	2	2	2	2	2	1	1	2	2	24	24	27	27	1	1	2	2	1	1	8	8	2	2	1	1	7	7	5	5	5	5	6	6	3	3	2	2	61	61	29	29	8	8	4	4	3	3	2	2	1	1	2	2	5	5	2	2	3	3	4	4	1	1	2	2	4	4	4	4	1	1	2	2	4	4	4	4	24	24	26	26	4	4	2	2	29	29	24	24	15	15	13	13	7	7	8	8	2	2	2	2	3	3	2	2	2	2	1	1	7	7	8	8	2	2	3	3	1	1	2	2	2	2	2	2	1	1	4	4	2	2	3	3	1	1	1	1
IND00005	3	3	1	1	1	1	3	3	2	2	2	2	1	1	5	5	1	1	2	2	1	1	1	1	1	1	3	3	1	1	1	1	2	2	2	2	2	2	2	2	2	2	1	1	6	6	19	19	1	1	2	2	6	6	7	7	1	1	2	2	3	3	6	6	6	6	6	6	4	4	3	3	37	37	5	5	1	1	8	8	2	2	4	4	2	2	2	2	5	5	7	7	5	5	1	1	2	2	4	4	2	2	4	4	2	2	1	1	4	4	2	2	38	38	56	56	4	4	4	4	14	14	12	12	1	1	4	4	6	6	5	5	2	2	1	1	1	1	1	1	1	1	3	3	5	5	2	2	1	1	1	1	2	2	1	1	1	1	1	1	4	4	3	3	2	2	4	4	2	2	2	2
IND00006	4	4	4	4	2	2	2	2	2	2	2	2	6	6	8	8	7	7	8	8	3	3	4	4	4	4	4	4	2	2	2	2	2	2	2	2	2	2	1	1	4	4	2	2	1	1	11	11	2	2	1	1	4	4	2	2	1	1	1	1	8	8	7	7	2	2	5	5	3	3	3	3	3	3	28	28	5	5	1	1	1	1	4	4	1	1	1	1	8	8	6	6	2	2	3	3	3	3	4	4	2	2	2	2	1	1	1	1	4	4	4	4	54	54	15	15	2	2	1	1	12	12	17	17	5	5	16	16	2	2	1	1	2	2	2	2	1	1	1	1	3	3	2	2	4	4	5	5	2	2	3	3	1	1	1	1	2	2	1	1	2	2	1	1	1	1	2	2	2	2	1	1
IND00007	2	2	3	3	2	2	4	4	2	2	1	1	1	1	6	6	8	8	7	7	2	2	2	2	3	3	4	4	1	1	2	2	1	1	2	2	2	2	2	2	3	3	4	4	11	11	28	28	1	1	1	1	3	3	7	7	2	2	1	1	6	6	6	6	2	2	5	5	3	3	2	2	34	34	7	7	3	3	5	5	1	1	4	4	1	1	2	2	4	4	2	2	8	8	2	2	3	3	3	3	2	2	3	3	1	1	1	1	2	2	4	4	26	26	9	9	2	2	2	2	28	28	23	23	3	3	8	8	4	4	5	5	2	2	2	2	1	1	2	2	3	3	4	4	1	1	2	2	4	4	4	4	2	2	2	2	1	1	1	1	4	4	2	2	1	1	3	3	2	2	1	1
IND00008	1	1	2	2	2	2	3	3	2	2	2	2	1	1	5	5	5	5	6	6	2	2	3	3	2	2	1	1	1	1	2	2	2	2	1	1	2	2	2	2	4	4	2	2	23	23	2	2	1	1	1	1	2	2	7	7	1	1	2	2	4	4	8	8	1	1	2	2	2	2	3	3	53	53	24	24	3	3	6	6	1	1	2	2	1	1	2	2	5	5	2	2	4	4	4	4	2	2	2	2	2	2	4	4	2	2	2	2	3	3	3	3	4	4	6	6	1	1	3	3	24	24	29	29	16	16	15	15	6	6	4	4	2	2	2	2	1	1	4	4	3	3	3	3	4	4	7	7	3	3	3	3	1	1	1	1	1	1	1	1	4	4	4	4	2	2	3	3	2	2	2	2
IND00009	3	3	4	4	4	4	2	2	2	2	2	2	8	8	3	3	6	6	2	2	3	3	3	3	1	1	1	1	2	2	2	2	2	2	1	1	2	2	1	1	1	1	2	2	27	27	31	31	2	2	2	2	7	7	1	1	2	2	2	2	3	3	6	6	6	6	5	5	4	4	4	4	60	60	54	54	6	6	8	8	4	4	2	2	1	1	1	1	6	6	6	6	7	7	4	4	1	1	4	4	2	2	4	4	1	1	2	2	2	2	3	3	54	54	48	48	4	4	2	2	12	12	25	25	2	2	15	15	8	8	6	6	2	2	2	2	3	3	1	1	1	1	2	2	4	4	5	5	3	3	3	3	1	1	1	1	1	1	2	2	2	2	1	1	2	2	1	1	2	2	1	1
IND00010	2	2	2	2	3	3	1	1	2	2	2	2	8	8	3	3	7	7	4	4	1	1	3	3	4	4	1	1	1	1	2	2	2	2	1	1	1	1	1	1	2	2	2	2	4	4	14	14	2	2	1	1	5	5	3	3	2	2	2	2	7	7	8	8	2	2	6	6	4	4	4	4	48	48	38	38	4	4	3	3	4	4	1	1	1	1	1	1	3	3	6	6	6	6	8	8	3	3	4	4	3	3	3	3	2	2	2	2	2	2	1	1	40	40	15	15	2	2	4	4	31	31	6	6	6	6	16	16	7	7	5	5	2	2	1	1	2	2	1	1	3	3	4	4	5	5	6	6	2	2	1	1	2	2	1	1	1	1	1	1	3	3	4	4	4	4	2	2	2	2	1	1
IND00011	3	3	3	3	1	1	3	3	1	1	2	2	2	2	8	8	5	5	5	5	3	3	2	2	4	4	2	2	2	2	1	1	1	1	1	1	1	1	2	2	4	4	1	1	32	32	4	4	2	2	2	2	3	3	4	4	1	1	2	2	4	4	3	3	4	4	1	1	4	4	2	2	33	33	23	23	5	5	5	5	1	1	4	4	1	1	1	1	5	5	1	1	4	4	2	2	1	1	3	3	3	3	3	3	2	2	2	2	4	4	3	3	22	22	49	49	2	2	2	2	1	1	2	2	3	3	7	7	8	8	5	5	1	1	2	2	4	4	2	2	3	3	4	4	7	7	4	4	2	2	2	2	2	2	1	1	1	1	2	2	4	4	4	4	4	4	4	4	2	2	1	1
IND00012	2	2	1	1	2	2	3	3	1	1	1	1	7	7	8	8	8	8	7	7	1	1	1	1	3	3	1	1	1	1	2	2	1	1	1	1	2	2	2	2	4	4	4	4	23	23	21	21	2	2	2	2	2	2	8	8	2	2	1	1	2	2	2	2	4	4	3	3	2	2	2	2	22	22	62	62	7	7	4	4	4	4	3	3	1	1	2	2	7	7	6	6	1	1	4	4	2	2	1	1	4	4	1	1	1	1	2	2	3	3	2	2	27	27	18	18	3	3	3	3	28	28	19	19	14	14	7	7	7	7	1	1	2	2	1	1	1	1	1	1	4	4	4	4	7	7	7	7	1	1	1	1	1	1	1	1	2	2	2	2	2	2	2	2	3	3	3	3	1	1	2	2
IND00013	1	1	1	1	3	3	4	4	2	2	2	2	3	3	8	8	8	8	6	6	3	3	4	4	4	4	2	2	1	1	1	1	1	1	1	1	1	1	1	1	3	3	3	3	2	2	29	29	1	1	2	2	3	3	8	8	1	1	1	1	8	8	8	8	4	4	6	6	1	1	4	4	63	63	19	19	8	8	8	8	3	3	4	4	1	1	1	1	8	8	3	3	5	5	2	2	2	2	2	2	4	4	1	1	1	1	1	1	2	2	3	3	14	14	55	55	2	2	2	2	23	23	14	14	6	6	12	12	5	5	6	6	1	1	1	1	1	1	1	1	2	2	2	2	7	7	7	7	1	1	4	4	2	2	2	2	1	1	2	2	3	3	4	4	3	3	1	1	2	2	1	1
IND00014	4	4	4	4	4	4	3	3	1	1	2	2	3	3	1	1	8	8	5	5	1	1	3	3	3	3	4	4	2	2	2	2	1	1	2	2	2	2	1	1	1	1	2	2	12	12	2	2	2	2	2	2	5	5	7	7	2	2	1	1	6	6	2	2	5	5	5	5	2	2	3	3	18	18	7	7	5	5	2	2	2	2	1	1	2	2	2	2	7	7	5	5	4	4	4	4	1	1	1	1	2	2	1	1	2	2	1	1	2	2	4	4	35	35	17	17	4	4	3	3	27	27	14	14	16	16	4	4	6	6	4	4	2	2	1	1	1	1	3	3	3	3	1	1	3	3	3	3	2	2	4	4	2	2	2	2	2	2	1	1	2	2	2	2	3	3	3	3	1	1	1	1
IND00015	3	3	4	4	3	3	2	2	1	1	1	1	2	2	1	1	3	3	7	7	1	1	3	3	3	3	2	2	2	2	1	1	2	2	2	2	1	1	1	1	4	4	4	4	14	14	21	21	1	1	1	1	8	8	1	1	2	2	2	2	8	8	6	6	1	1	1	1	2	2	3	3	39	39	21	21	6	6	5	5	1	1	2	2	1	1	2	2	4	4	6	6	4	4	5	5	2	2	1	1	3	3	3	3	2	2	2	2	1	1	3	3	1	1	28	28	1	1	2	2	29	29	25	25	4	4	9	9	4	4	6	6	1	1	2	2	1	1	3	3	3	3	3	3	5	5	8	8	4	4	2	2	2	2	1	1	2	2	2	2	3	3	3	3	2	2	4	4	1	1	2	2
IND00016	1	1	4	4	4	4	2	2	2	2	1	1	5	5	1	1	5	5	5	5	3	3	4	4	1	1	2	2	1	1	1	1	2	2	2	2	2	2	2	2	4	4	2	2	2	2	27	27	2	2	2	2	7	7	5	5	1	1	1	1	1	1	5	5	4	4	3	3	2	2	2	2	20	20	36	36	6	6	5	5	4	4	1	1	1	1	2	2	5	5	4	4	1	1	4	4	1	1	1	1	4	4	3	3	1	1	1	1	3	3	3	3	35	35	53	53	1	1	4	4	9	9	10	10	14	14	14	14	8	8	7	7	1	1	2	2	4	4	2	2	2	2	4	4	1	1	4	4	1	1	4	4	2	2	1	1	2	2	1	1	1	1	2	2	1	1	4	4	2	2	2	2
IND00017	2	2	1	1	2	2	3	3	1	1	2	2	8	8	1	1	2	2	8	8	2	2	4	4	3	3	4	4	1	1	2	2	2	2	1	1	1	1	1	1	3	3	2	2	20	20	10	10	2	2	1	1	1	1	1	1	1	1	2	2	7	7	3	3	6	6	4	4	2	2	2	2	36	36	49	49	6	6	5	5	4	4	1	1	1	1	2	2	3	3	7	7	1	1	8	8	4	4	1	1	2	2	4	4	1	1	1	1	4	4	3	3	25	25	12	12	2	2	2	2	22	22	18	18	12	12	2	2	1	1	8	8	2	2	1	1	4	4	2	2	4	4	2	2	7	7	2	2	1	1	4	4	1	1	2	2	1	1	1	1	3	3	4	4	2	2	4	4	1	1	2	2
IND00018	2	2	3	3	2	2	1	1	1	1	1	1	7	7	5	5	2	2	1	1	1	1	1	1	3	3	2	2	2	2	2	2	1	1	1	1	1	1	1	1	4	4	4	4	19	19	5	5	2	2	2	2	3	3	5	5	1	1	1	1	4	4	4	4	7	7	2	2	1	1	4	4	46	46	22	22	1	1	1	1	4	4	3	3	2	2	1	1	2	2	4	4	1	1	1	1	3	3	3	3	3	3	1	1	2	2	1	1	2	2	3	3	3	3	17	17	3	3	3	3	28	28	22	22	15	15	16	16	5	5	6	6	2	2	1	1	3	3	2	2	1	1	4	4	5	5	4	4	2	2	1	1	2	2	2	2	2	2	2	2	3	3	2	2	3	3	1	1	1	1	2	2
IND00019	2	2	2	2	2	2	2	2	1	1	2	2	8	8	6	6	1	1	8	8	4	4	1	1	4	4	4	4	2	2	1	1	1	1	2	2	2	2	2	2	3	3	3	3	15	15	22	22	1	1	2	2	8	8	6	6	1	1	2	2	2	2	8	8	1	1	5	5	2	2	1	1	43	43	58	58	6	6	4	4	3	3	3	3	1	1	2	2	5	5	2	2	3	3	8	8	3	3	1	1	4	4	1	1	2	2	2	2	1	1	3	3	63	63	61	61	1	1	4	4	16	16	21	21	11	11	10	10	6	6	5	5	2	2	2	2	4	4	4	4	4	4	4	4	8	8	8	8	3	3	1	1	1	1	2	2	1	1	2	2	1	1	4	4	1	1	1	1	2	2	1	1
IND00020	2	2	1	1	1	1	3	3	2	2	1	1	5	5	3	3	8	8	1	1	4	4	3	3	3	3	3	3	1	1	1	1	2	2	2	2	1	1	2	2	1	1	1	1	27	27	9	9	1	1	2	2	3	3	2	2	1	1	2	2	2	2	7	7	7	7	2	2	2	2	2	2	41	41	37	37	3	3	2	2	4	4	1	1	2	2	2	2	8	8	1	1	8	8	4	4	2	2	3	3	4	4	3	3	2	2	1	1	4	4	1	1	23	23	57	57	1	1	1	1	8	8	12	12	12	12	10	10	1	1	8	8	1	1	2	2	1	1	4	4	4	4	2	2	7	7	7	7	1	1	3	3	2	2	1	1	2	2	2	2	3	3	2	2	3	3	2	2	1	1	1	1
IND00021	3	3	2	2	4	4	3	3	2	2	1	1	4	4	8	8	4	4	2	2	3	3	1	1	1	1	2	2	2	2	1	1	2	2	1	1	2	2	2	2	1	1	1	1	30	30	2	2	2	2	2	2	7	7	8	8	1	1	2	2	3	3	1	1	6	6	6	6	3	3	3	3	37	37	1	1	6	6	7	7	4	4	4	4	1	1	1	1	8	8	1	1	8	8	8	8	1	1	1	1	4	4	2	2	1	1	2	2	2	2	3	3	14	14	58	58	3	3	1	1	25	25	9	9	6	6	14	14	2	2	5	5	1	1	2	2	1	1	4	4	4	4	2	2	1	1	6	6	4	4	1	1	2	2	2	2	2	2	1	1	3	3	4	4	1	1	2	2	1	1	1	1
IND00022	1	1	2	2	1	1	2	2	2	2	1	1	8	8	2	2	1	1	3	3	4	4	1	1	4	4	4	4	1	1	1	1	2	2	2	2	2	2	1	1	4	4	1	1	18	18	14	14	1	1	2	2	4	4	8	8	2	2	2	2	4	4	1	1	5	5	3	3	2	2	3	3	40	40	63	63	2	2	4	4	4	4	4	4	2	2	1	1	7	7	6	6	1	1	4	4	2	2	3	3	4	4	3	3	1	1	1	1	4	4	1	1	23	23	27	27	1	1	1	1	16	16	22	22	3	3	3	3	6	6	7	7	1	1	2	2	4	4	1	1	2	2	4	4	2	2	7	7	3	3	3	3	2	2	1	1	1	1	1	1	1	1	1	1	2	2	3	3	2	2	1	1
IND00023	1	1	2	2	4	4	1	1	1	1	2	2	5	5	7	7	3	3	8	8	3	3	1	1	3	3	2	2	2	2	2	2	1	1	1	1	1	1	2	2	3	3	4	4	28	28	2	2	2	2	2	2	2	2	4	4	2	2	2	2	1	1	6	6	1	1	3	3	2	2	4	4	28	28	62	62	3	3	6	6	2	2	2	2	2	2	1	1	2	2	1	1	8	8	3	3	2	2	3	3	3	3	2	2	2	2	1	1	3	3	3	3	46	46	28	28	1	1	4	4	22	22	2	2	15	15	5	5	8	8	7	7	1	1	2	2	2	2	4	4	4	4	3	3	2	2	7	7	1	1	4	4	2	2	1	1	2	2	2	2	4	4	4	4	2	2	4	4	1	1	1	1
IND00024	3	3	2	2	3	3	4	4	1	1	1	1	4	4	4	4	3	3	3	3	3	3	2	2	1	1	4	4	2	2	1	1	2	2	2	2	1	1	1	1	3	3	2	2	24	24	19	19	1	1	2	2	1	1	7	7	1	1	1	1	2	2	1	1	2	2	8	8	2	2	4	4	30	30	52	52	1	1	4	4	2	2	1	1	1	1	1	1	1	1	6	6	6	6	6	6	3	3	4	4	4	4	4	4	2	2	2	2	2	2	2	2	51	51	39	39	1	1	4	4	13	13	32	32	14	14	7	7	3	3	1	1	2	2	1	1	1	1	1	1	1	1	3	3	3	3	6	6	2	2	1	1	1	1	1	1	1	1	1	1	2	2	2	2	1	1	1	1	2	2	1	1
IND00025	2	2	4	4	1	1	2	2	1	1	2	2	4	4	2	2	7	7	3	3	3	3	1	1	2	2	4	4	2	2	2	2	1	1	2	2	1	1	2	2	3	3	4	4	28	28	11	11	1	1	2	2	1	1	6	6	2	2	1	1	5	5	3	3	6	6	3	3	3	3	4	4	15	15	10	10	3	3	6	6	3	3	4	4	2	2	1	1	2	2	6	6	2	2	7	7	1	1	3	3	3	3	4	4	1	1	2	2	2	2	4	4	12	12	14	14	1	1	2	2	15	15	2	2	16	16	1	1	3	3	8	8	1	1	1	1	4	4	4	4	3	3	1	1	6	6	5	5	1	1	3	3	1	1	2	2	2	2	2	2	2	2	2	2	4	4	4	4	2	2	2	2
IND00026	1	1	4	4	1	1	4	4	2	2	1	1	5	5	5	5	5	5	8	8	2	2	4	4	3	3	2	2	2	2	2	2	1	1	1	1	1	1	1	1	3	3	3	3	12	12	5	5	1	1	1	1	3	3	7	7	1	1	2	2	7	7	1	1	1	1	3	3	4	4	2	2	3	3	26	26	2	2	2	2	1	1	4	4	2	2	1	1	1	1	7	7	8	8	6	6	2	2	1	1	2	2	4	4	2	2	1	1	1	1	2	2	19	19	32	32	4	4	2	2	3	3	27	27	7	7	12	12	6	6	4	4	2	2	1	1	2	2	1	1	2	2	3	3	8	8	2	2	3	3	2	2	2	2	1	1	2	2	2	2	1	1	2	2	1	1	4	4	2	2	1	1
IND00027	2	2	1	1	2	2	1	1	2	2	2	2	5	5	8	8	8	8	7	7	3	3	4	4	1	1	1	1	2	2	2	2	1	1	1	1	2	2	1	1	4	4	2	2	7	7	17	17	1	1	1	1	3	3	1	1	1	1	2	2	3	3	1	1	3	3	1	1	3	3	3	3	30	30	47	47	1	1	6	6	3	3	1	1	2	2	2	2	8	8	8	8	2	2	6	6	2	2	3	3	2	2	2	2	2	2	1	1	3	3	1	1	11	11	53	53	2	2	2	2	14	14	3	3	10	10	12	12	6	6	3	3	1	1	2	2	3	3	2	2	3	3	2	2	7	7	2	2	4	4	2	2	2	2	1	1	2	2	2	2	2	2	4	4	2	2	4	4	2	2	1	1
IND00028	1	1	1	1	4	4	1	1	2	2	2	2	1	1	7	7	2	2	5	5	4	4	1	1	1	1	2	2	1	1	2	2	1	1	2	2	2	2	2	2	1	1	3	3	19	19	21	21	2	2	1	1	2	2	3	3	2	2	1	1	3	3	4	4	7	7	2	2	1	1	3	3	11	11	6	6	6	6	6	6	3	3	3	3	1	1	2	2	4	4	3	3	3	3	8	8	2	2	4	4	1	1	4	4	1	1	2	2	4	4	3	3	43	43	39	39	4	4	4	4	23	23	27	27	1	1	10	10	3	3	1	1	1	1	1	1	4	4	1	1	4	4	1	1	8	8	5	5	2	2	1	1	1	1	1	1	2	2	2	2	1	1	4	4	3	3	1	1	2	2	1	1
IND00029	2	2	4	4	2	2	2	2	2	2	1	1	1	1	2	2	7	7	8	8	1	1	4	4	3	3	2	2	2	2	2	2	2	2	2	2	2	2	1	1	3	3	2	2	27	27	24	24	2	2	2	2	7	7	3	3	2	2	1	1	8	8	7	7	8	8	7	7	2	2	1	1	1	1	51	51	7	7	5	5	3	3	3	3	2	2	2	2	6	6	8	8	7	7	7	7	1	1	2	2	2	2	1	1	2	2	1	1	3	3	4	4	8	8	25	25	4	4	4	4	5	5	17	17	12	12	12	12	3	3	7	7	2	2	1	1	3	3	3	3	3	3	2	2	7	7	1	1	1	1	2	2	1	1	1	1	2	2	1	1	3	3	1	1	2	2	1	1	1	1	2	2
IND00030	1	1	2	2	1	1	1	1	2	2	2	2	5	5	7	7	3	3	2	2	3	3	3	3	4	4	4	4	2	2	1	1	2	2	1	1	2	2	2	2	4	4	3	3	13	13	31	31	1	1	2	2	2	2	5	5	1	1	1	1	7	7	2	2	1	1	3	3	1	1	1	1	35	35	49	49	5	5	3	3	2	2	4	4	2	2	1	1	1	1	7	7	8	8	7	7	1	1	2	2	4	4	3	3	1	1	1	1	2	2	2	2	5	5	24	24	2	2	1	1	12	12	13	13	13	13	3	3	6	6	1	1	1	1	2	2	4	4	2	2	2	2	3	3	6	6	1	1	2	2	3	3	1	1	1	1	1	1	1	1	2	2	3	3	2	2	2	2	1	1	1	1
IND00031	4	4	1	1	2	2	4	4	2	2	2	2	5	5	5	5	4	4	2	2	3	3	4	4	2	2	1	1	1	1	2	2	2	2	1	1	1	1	2	2	1	1	2	2	27	27	7	7	2	2	2	2	6	6	2	2	2	2	1	1	1	1	7	7	2	2	3	3	4	4	4	4	3	3	55	55	4	4	5	5	4	4	1	1	2	2	2	2	4	4	4	4	8	8	7	7	4	4	1	1	3	3	3	3	1	1	1	1	4	4	4	4	16	16	19	19	1	1	3	3	32	32	14	14	16	16	16	16	7	7	4	4	2	2	1	1	3	3	1	1	4	4	2	2	6	6	8	8	2	2	1	1	1	1	2	2	2	2	1	1	4	4	2	2	1	1	4	4	2	2	1	1
IND00032	4	4	1	1	3	3	1	1	2	2	1	1	8	8	6	6	8	8	2	2	1	1	4	4	1	1	4	4	2	2	1	1	1	1	2	2	2	2	2	2	3	3	3	3	2	2	18	18	1	1	1	1	5	5	2	2	1	1	1	1	1	1	3	3	6	6	5	5	2	2	2	2	13	13	46	46	5	5	2	2	3	3	4	4	2	2	1	1	8	8	8	8	7	7	5	5	1	1	3	3	3	3	1	1	2	2	1	1	3	3	4	4	34	34	14	14	3	3	4	4	31	31	14	14	6	6	8	8	8	8	5	5	1	1	1	1	3	3	1	1	2	2	3	3	8	8	6	6	1	1	2	2	1	1	1	1	1	1	1	1	4	4	1	1	3	3	3	3	2	2	2	2
IND00033	4	4	2	2	1	1	2	2	1	1	1	1	8	8	2	2	5	5	8	8	3	3	3	3	2	2	3	3	1	1	1	1	1	1	1	1	1	1	1	1	4	4	2	2	21	21	31	31	1	1	1	1	6	6	2	2	2	2	1	1	8	8	4	4	5	5	6	6	1	1	1	1	54	54	5	5	4	4	7	7	1	1	1	1	2	2	2	2	6	6	7	7	5	5	4	4	3	3	1	1	1	1	4	4	1	1	2	2	1	1	1	1	51	51	11	11	4	4	2	2	17	17	3	3	5	5	9	9	2	2	1	1	1	1	1	1	3	3	3	3	1	1	4	4	8	8	7	7	3	3	3	3	2	2	1	1	2	2	1	1	2	2	4	4	2	2	4	4	2	2	2	2
IND00034	2	2	3	3	3	3	3	3	1	1	2	2	2	2	3	3	7	7	3	3	4	4	2	2	4	4	4	4	1	1	2	2	2	2	2	2	2	2	2	2	2	2	4	4	4	4	15	15	2	2	1	1	2	2	3	3	1	1	1	1	3	3	6	6	7	7	6	6	3	3	2	2	16	16	30	30	4	4	1	1	3	3	2	2	2	2	2	2	2	2	6	6	5	5	1	1	1	1	1	1	4	4	4	4	2	2	2	2	1	1	2	2	57	57	11	11	3	3	3	3	18	18	9	9	10	10	10	10	8	8	3	3	2	2	1	1	2	2	2	2	3	3	3	3	5	5	7	7	2	2	1	1	2	2	2	2	1	1	1	1	3	3	2	2	1	1	2	2	1	1	1	1
IND00035	2	2	1	1	4	4	2	2	2	2	2	2	5	5	5	5	2	2	1	1	4	4	3	3	3	3	3	3	1	1	1	1	2	2	1	1	2	2	1	1	3	3	2	2	21	21	10	10	1	1	2	2	5	5	4	4	2	2	2	2	1	1	6	6	3	3	3	3	2	2	4	4	37	37	53	53	4	4	3	3	3	3	1	1	1	1	1	1	3	3	7	7	3	3	1	1	3	3	1	1	1	1	4	4	2	2	1	1	3	3	2	2	45	45	64	64	3	3	3	3	17	17	31	31	16	16	13	13	2	2	8	8	2	2	2	2	1	1	4	4	3	3	3	3	8	8	3	3	1	1	1	1	1	1	2	2	2	2	2	2	4	4	4	4	1	1	1	1	2	2	2	2
IND00036	1	1	4	4	1	1	2	2	1	1	2	2	7	7	3	3	3	3	4	4	3	3	2	2	2	2	1	1	1	1	1	1	2	2	2	2	1	1	1	1	1	1	1	1	5	5	6	6	1	1	2	2	4	4	2	2	1	1	2	2	1	1	3	3	5	5	7	7	3	3	4	4	8	8	32	32	4	4	6	6	2	2	1	1	1	1	1	1	5	5	1	1	2	2	3	3	2	2	3	3	1	1	2	2	1	1	2	2	3	3	3	3	9	9	9	9	1	1	1	1	14	14	31	31	15	15	14	14	8	8	2	2	2	2	1	1	2	2	4	4	2	2	4	4	1	1	2	2	4	4	3	3	1	1	1	1	2	2	1	1	3	3	2	2	4	4	2	2	2	2	2	2
IND00037	2	2	4	4	4	4	4	4	2	2	1	1	7	7	2	2	5	5	3	3	1	1	4	4	1	1	2	2	2	2	1	1	2	2	2	2	2	2	1	1	4	4	1	1	28	28	1	1	1	1	2	2	8	8	1	1	2	2	1	1	2	2	5	5	8	8	2	2	1	1	1	1	9	9	13	13	8	8	7	7	1	1	3	3	1	1	1	1	7	7	5	5	3	3	3	3	2	2	4	4	2	2	2	2	1	1	2	2	2	2	4	4	27	27	50	50	1	1	2	2	26	26	14	14	10	10	13	13	8	8	1	1	2	2	2	2	2	2	4	4	3	3	4	4	4	4	6	6	2	2	4	4	1	1	1	1	1	1	1	1	2	2	2	2	3	3	3	3	2	2	1	1
IND00038	4	4	2	2	1	1	4	4	2	2	1	1	6	6	6	6	1	1	6	6	4	4	1	1	1	1	2	2	2	2	2	2	1	1	2	2	2	2	2	2	4	4	3	3	24	24	6	6	2	2	2	2	1	1	4	4	1	1	1	1	5	5	6	6	2	2	7	7	4	4	3	3	63	63	6	6	1	1	2	2	3	3	4	4	2	2	2	2	4	4	1	1	2	2	6	6	4	4	3	3	2	2	1	1	2	2	2	2	3	3	4	4	1	1	36	36	4	4	2	2	2	2	25	25	10	10	4	4	8	8	6	6	2	2	2	2	3	3	1	1	4	4	2	2	5	5	8	8	2	2	4	4	1	1	1	1	1	1	2	2	4	4	1	1	4	4	4	4	1	1	1	1
IND00039	1	1	3	3	4	4	3	3	2	2	1	1	3	3	3	3	8	8	8	8	4	4	4	4	1	1	3	3	2	2	2	2	2	2	1	1	2	2	2	2	3	3	1	1	8	8	3	3	2	2	2	2	7	7	2	2	2	2	1	1	5	5	6	6	5	5	6	6	3	3	2	2	54	54	23	23	4	4	7	7	1	1	4	4	2	2	2	2	4	4	6	6	5	5	3	3	3	3	4	4	4	4	4	4	2	2	2	2	3	3	2	2	41	41	32	32	4	4	1	1	20	20	31	31	14	14	15	15	1	1	2	2	1	1	2	2	1	1	3	3	3	3	3	3	2	2	4	4	1	1	2	2	2	2	2	2	1	1	2	2	3	3	3	3	1	1	3	3	1	1	1	1
IND00040	4	4	4	4	2	2	3	3	2	2	2	2	5	5	8	8	2	2	3	3	1	1	3	3	1	1	4	4	1	1	2	2	2	2	1	1	1	1	1	1	1	1	3	3	11	11	30	30	2	2	2	2	6	6	7	7	1	1	1	1	4	4	1	1	2	2	5	5	4	4	1	1	63	63	61	61	5	5	6	6	1	1	2	2	2	2	1	1	3	3	3	3	8	8	5	5	3	3	4	4	4	4	1	1	2	2	2	2	2	2	1	1	52	52	17	17	2	2	4	4	18	18	11	11	16	16	13	13	1	1	2	2	2	2	2	2	4	4	2	2	1	1	2	2	5	5	8	8	4	4	1	1	1	1	2	2	2	2	2	2	1	1	3	3	1	1	2	2	1	1	2	2
IND00041	3	3	1	1	1	1	3	3	1	1	1	1	1	1	1	1	8	8	4	4	4	4	1	1	2	2	4	4	2	2	2	2	1	1	1	1	1	1	2	2	3	3	3	3	32	32	11	11	1	1	1	1	4	4	5	5	2	2	1	1	1	1	2	2	1	1	3	3	1	1	1	1	3	3	8	8	6	6	4	4	4	4	3	3	1	1	1	1	2	2	6	6	3	3	4	4	2	2	2	2	3	3	1	1	1	1	2	2	3	3	3	3	4	4	38	38	2	2	3	3	10	10	24	24	10	10	16	16	3	3	5	5	1	1	1	1	1	1	4	4	2	2	2	2	6	6	3	3	1	1	2	2	2	2	2	2	2	2	1	1	4	4	1	1	3	3	2	2	1	1	2	2
IND00042	3	3	3	3	4	4	1	1	2	2	2	2	5	5	1	1	5	5	5	5	2	2	1	1	4	4	3	3	2	2	1	1	2	2	1	1	1	1	1	1	1	1	3	3	25	25	14	14	2	2	1	1	3	3	7	7	2	2	1	1	7	7	3	3	8	8	5	5	3	3	1	1	14	14	12	12	8	8	2	2	3	3	3	3	1	1	2	2	7	7	5	5	6	6	1	1	2	2	1	1	1	1	1	1	2	2	2	2	4	4	4	4	39	39	26	26	2	2	3	3	2	2	14	14	1	1	16	16	5	5	8	8	2	2	1	1	3	3	3	3	1	1	4	4	4	4	8	8	4	4	4	4	2	2	2	2	1	1	1	1	3	3	2	2	4	4	4	4	2	2	1	1
IND00043	2	2	3	3	2	2	4	4	2	2	1	1	1	1	7	7	5	5	4	4	1	1	3	3	3	3	2	2	2	2	2	2	1	1	2	2	1	1	2	2	1	1	3	3	32	32	32	32	1	1	2	2	2	2	3	3	2	2	2	2	2	2	2	2	7	7	6	6	4	4	3	3	3	3	21	21	3	3	6	6	1	1	1	1	1	1	1	1	6	6	3	3	4	4	6	6	3	3	4	4	3	3	2	2	2	2	1	1	4	4	2	2	45	45	17	17	4	4	3	3	1	1	16	16	1	1	14	14	7	7	7	7	1	1	1	1	4	4	1	1	3	3	2	2	3	3	1	1	1	1	1	1	2	2	1	1	1	1	2	2	4	4	4	4	2	2	2	2	1	1	1	1
IND00044	2	2	2	2	4	4	3	3	1	1	2	2	3	3	4	4	6	6	5	5	1	1	2	2	2	2	1	1	2	2	2	2	1	1	2	2	1	1	1	1	3	3	4	4	14	14	26	26	2	2	2	2	1	1	6	6	2	2	1	1	7	7	2	2	2	2	7	7	1	1	4	4	59	59	22	22	1	1	3	3	4	4	1	1	1	1	1	1	3	3	7	7	4	4	8	8	1	1	2	2	1	1	2	2	2	2	1	1	4	4	4	4	28	28	54	54	1	1	2	2	20	20	31	31	1	1	13	13	2	2	7	7	1	1	2	2	1	1	2	2	3	3	1	1	8	8	4	4	4	4	4	4	2	2	1	1	2	2	2	2	4	4	3	3	3	3	2	2	1	1	2	2
IND00045	2	2	3	3	4	4	2	2	1	1	1	1	6	6	2	2	3	3	5	5	1	1	3	3	3	3	2	2	1	1	2	2	1	1	2	2	1	1	1	1	4	4	2	2	3	3	14	14	1	1	1	1	3	3	3	3	2	2	2	2	8	8	8	8	3	3	4	4	4	4	1	1	56	56	41	41	6	6	4	4	3	3	2	2	2	2	2	2	6	6	7	7	1	1	1	1	1	1	1	1	4	4	4	4	1	1	2	2	4	4	1	1	7	7	2	2	1	1	3	3	17	17	21	21	13	13	2	2	7	7	6	6	1	1	1	1	3	3	4	4	4	4	1	1	7	7	5	5	1	1	3	3	1	1	1	1	2	2	2	2	1	1	4	4	3	3	4	4	2	2	1	1
IND00046	1	1	2	2	1	1	2	2	2	2	2	2	6	6	4	4	7	7	3	3	1	1	3	3	2	2	1	1	1	1	2	2	1	1	2	2	1	1	2	2	2	2	4	4	26	26	29	29	2	2	1	1	8	8	5	5	2	2	1	1	1	1	4	4	4	4	2	2	2	2	2	2	12	12	27	27	4	4	7	7	3	3	1	1	2	2	2	2	3	3	8	8	5	5	6	6	1	1	1	1	3	3	4	4	1	1	1	1	4	4	2	2	42	42	50	50	3	3	1	1	27	27	14	14	13	13	16	16	2	2	8	8	2	2	1	1	4	4	2	2	3	3	3	3	3	3	2	2	1	1	3	3	2	2	1	1	1	1	1	1	3	3	3	3	2	2	4	4	2	2	1	1
IND00047	1	1	2	2	3	3	3	3	2	2	2	2	2	2	3	3	4	4	7	7	3	3	4	4	2	2	2	2	2	2	2	2	2	2	2	2	1	1	1	1	2	2	1	1	20	20	4	4	1	1	2	2	7	7	8	8	2	2	2	2	3	3	1	1	4	4	1	1	4	4	4	4	42	42	44	44	7	7	2	2	4	4	1	1	1	1	2	2	2	2	6	6	8	8	5	5	2	2	4	4	3	3	1	1	2	2	2	2	4	4	4	4	64	64	17	17	3	3	1	1	9	9	10	10	8	8	8	8	6	6	1	1	1	1	2	2	3	3	4	4	1	1	2	2	4	4	3	3	3	3	3	3	1	1	2	2	2	2	2	2	4	4	2	2	2	2	3	3	1	1	1	1
IND00048	1	1	3	3	1	1	3	3	1	1	1	1	4	4	2	2	5	5	1	1	4	4	3	3	3	3	1	1	2	2	1	1	1	1	2	2	2	2	2	2	1	1	2	2	15	15	15	15	2	2	2	2	6	6	8	8	2	2	1	1	4	4	8	8	5	5	3	3	3	3	2	2	16	16	59	59	7	7	6	6	4	4	3	3	1	1	2	2	1	1	3	3	2	2	4	4	2	2	3	3	3	3	2	2	2	2	2	2	2	2	2	2	51	51	27	27	4	4	1	1	4	4	28	28	9	9	4	4	2	2	3	3	2	2	2	2	4	4	2	2	1	1	4	4	6	6	5	5	2	2	3	3	1	1	2	2	1	1	2	2	4	4	4	4	2	2	4	4	2	2	1	1
IND00049	3	3	4	4	1	1	1	1	1	1	1	1	8	8	4	4	3	3	5	5	2	2	3	3	2	2	4	4	2	2	1	1	1	1	1	1	1	1	1	1	2	2	3	3	16	16	25	25	2	2	1	1	5	5	2	2	1	1	1	1	2	2	2	2	7	7	8	8	1	1	2	2	32	32	57	57	2	2	8	8	3	3	4	4	1	1	1	1	5	5	3	3	4	4	1	1	1	1	3	3	1	1	2	2	1	1	2	2	4	4	3	3	16	16	9	9	3	3	2	2	10	10	4	4	7	7	12	12	5	5	5	5	2	2	1	1	3	3	4	4	4	4	1	1	8	8	1	1	4	4	2	2	1	1	1	1	2	2	2	2	1	1	3	3	1	1	2	2	2	2	2	2
IND00050	1	1	1	1	2	2	2	2	2	2	2	2	4	4	1	1	6	6	3	3	3	3	4	4	1	1	1	1	2	2	1	1	2	2	1	1	1	1	2	2	4	4	2	2	25	25	25	25	1	1	1	1	3	3	5	5	1	1	1	1	2	2	4	4	3	3	2	2	1	1	2	2	32	32	6	6	8	8	3	3	3	3	3	3	2	2	2	2	5	5	3	3	4	4	3	3	1	1	3	3	2	2	4	4	1	1	2	2	2	2	3	3	48	48	18	18	2	2	2	2	29	29	15	15	15	15	6	6	7	7	8	8	2	2	1	1	1	1	2	2	4	4	4	4	3	3	6	6	2	2	2	2	2	2	1	1	2	2	2	2	2	2	3	3	2	2	1	1	1	1	1	1
IND00051	4	4	2	2	3	3	4	4	1	1	1	1	1	1	3	3	5	5	1	1	4	4	4	4	2	2	1	1	1	1	1	1	1	1	1	1	1	1	2	2	4	4	2	2	22	22	25	25	1	1	1	1	8	8	3	3	1	1	2	2	7	7	8	8	8	8	2	2	4	4	4	4	27	27	36	36	1	1	4	4	2	2	4	4	1	1	1	1	4	4	2	2	7	7	4	4	4	4	3	3	2	2	2	2	1	1	1	1	2	2	3	3	44	44	25	25	2	2	4	4	11	11	27	27	1	1	9	9	5	5	1	1	1	1	1	1	2	2	4	4	2	2	2	2	7	7	2	2	2	2	4	4	1	1	1	1	1	1	2	2	4	4	3	3	2	2	3	3	1	1	1	1
IND00052	3	3	4	4	1	1	3	3	2	2	2	2	1	1	4	4	2	2	3	3	3	3	4	4	3	3	3	3	1	1	2	2	1	1	1	1	2	2	1	1	1	1	2	2	16	16	25	25	1	1	1	1	4	4	3	3	1	1	2	2	8	8	7	7	3	3	3	3	3	3	3	3	52	52	24	24	6	6	1	1	1	1	4	4	1	1	2	2	6	6	3	3	5	5	3	3	3	3	1	1	2	2	2	2	2	2	2	2	2	2	4	4	37	37	13	13	1	1	4	4	12	12	15	15	1	1	3	3	8	8	5	5	1	1	1	1	3	3	2	2	3	3	3	3	5	5	1	1	3	3	1	1	1	1	1	1	1	1	2	2	3	3	2	2	3	3	4	4	2	2	1	1
IND00053	1	1	4	4	3	3	3	3	1	1	1	1	1	1	7	7	1	1	6	6	3	3	2	2	3	3	2	2	1	1	2	2	2	2	1	1	2	2	1	1	1	1	4	4	16	16	2	2	1	1	2	2	8	8	7	7	2	2	1	1	4	4	7	7	4	4	3	3	3	3	4	4	54	54	39	39	2	2	4	4	3	3	2	2	1	1	1	1	6	6	4	4	6	6	3	3	4	4	2	2	3	3	2	2	2	2	1	1	1	1	2	2	29	29	22	22	3	3	2	2	1	1	7	7	5	5	15	15	6	6	7	7	1	1	2	2	4	4	3	3	3	3	2	2	2	2	3	3	2	2	1	1	1	1	1	1	2	2	1	1	3	3	4	4	2	2	2	2	1	1	2	2
IND00054	4	4	3	3	2	2	2	2	2	2	2	2	4	4	7	7	3	3	4	4	1	1	1	1	2	2	4	4	1	1	2	2	2	2	2	2	2	2	2	2	3	3	1	1	27	27	9	9	1	1	1	1	7	7	1	1	1	1	2	2	7	7	4	4	3	3	3	3	4	4	1	1	63	63	24	24	6	6	7	7	2	2	2	2	1	1	1	1	7	7	7	7	8	8	1	1	1	1	4	4	2	2	4	4	1	1	2	2	3	3	1	1	9	9	47	47	2	2	1	1	31	31	12	12	14	14	10	10	4	4	7	7	1	1	1	1	2	2	1	1	3	3	1	1	7	7	6	6	4	4	4	4	2	2	1	1	1	1	2	2	4	4	1	1	4	4	2	2	2	2	2	2
IND00055	4	4	4	4	1	1	1	1	2	2	2	2	3	3	6	6	2	2	6	6	1	1	4	4	4	4	3	3	2	2	2	2	1	1	1	1	2	2	1	1	4	4	1	1	32	32	4	4	1	1	2	2	3	3	1	1	1	1	2	2	3	3	6	6	7	7	8	8	4	4	4	4	22	22	29	29	4	4	2	2	2	2	4	4	1	1	2	2	8	8	6	6	4	4	2	2	2	2	4	4	3	3	3	3	1	1	2	2	4	4	2	2	21	21	16	16	4	4	1	1	2	2	22	22	2	2	7	7	6	6	7	7	1	1	1	1	2	2	1	1	4	4	3	3	7	7	8	8	4	4	4	4	1	1	1	1	2	2	1	1	2	2	3	3	4	4	2	2	2	2	1	1
IND00056	2	2	3	3	2	2	3	3	2	2	2	2	4	4	4	4	5	5	8	8	1	1	4	4	4	4	3	3	1	1	2	2	1	1	1	1	2	2	1	1	1	1	2	2	3	3	20	20	1	1	2	2	6	6	8	8	1	1	1	1	2	2	3	3	2	2	7	7	1	1	3	3	27	27	14	14	2	2	2	2	3	3	1	1	1	1	1	1	3	3	7	7	2	2	6	6	1	1	3	3	3	3	3	3	2	2	1	1	1	1	4	4	50	50	52	52	4	4	4	4	10	10	6	6	8	8	1	1	4	4	2	2	1	1	1	1	3	3	4	4	3	3	2	2	2	2	7	7	4	4	4	4	2	2	1	1	1	1	2	2	4	4	4	4	1	1	1	1	1	1	2	2
IND00057	4	4	1	1	2	2	3	3	1	1	2	2	5	5	3	3	5	5	1	1	4	4	1	1	4	4	2	2	2	2	1	1	1	1	1	1	2	2	1	1	2	2	1	1	16	16	13	13	1	1	2	2	2	2	3	3	1	1	2	2	2	2	3	3	3	3	1	1	3	3	1	1	54	54	14	14	3	3	3	3	1	1	2	2	1	1	1	1	5	5	7	7	3	3	6	6	4	4	2	2	4	4	2	2	2	2	2	2	3	3	1	1	33	33	1	1	3	3	2	2	8	8	14	14	10	10	2	2	6	6	2	2	2	2	1	1	4	4	1	1	1	1	4	4	7	7	7	7	4	4	1	1	2	2	1	1	1	1	2	2	3	3	1	1	3	3	4	4	2	2	1	1
IND00058	4	4	4	4	1	1	4	4	2	2	2	2	6	6	3	3	5	5	2	2	4	4	2	2	3	3	2	2	1	1	2	2	2	2	2	2	2	2	2	2	2	2	4	4	22	22	23	23	2	2	1	1	7	7	3	3	2	2	1	1	2	2	8	8	1	1	2	2	4	4	1	1	6	6	41	41	5	5	2	2	3	3	3	3	1	1	2	2	4	4	2	2	7	7	4	4	1	1	4	4	4	4	1	1	2	2	2	2	4	4	1	1	38	38	1	1	3	3	2	2	5	5	5	5	2	2	15	15	2	2	7	7	2	2	2	2	2	2	4	4	1	1	4	4	7	7	5	5	2	2	3	3	1	1	2	2	1	1	1	1	1	1	4	4	3	3	3	3	2	2	2	2
IND00059	3	3	1	1	1	1	3	3	2	2	2	2	3	3	7	7	4	4	6	6	1	1	3	3	1	1	2	2	2	2	1	1	2	2	1	1	2	2	1	1	3	3	4	4	9	9	11	11	1	1	1	1	5	5	8	8	1	1	1	1	5	5	8	8	5	5	5	5	3	3	4	4	13	13	29	29	8	8	6	6	3	3	4	4	2	2	2	2	5	5	8	8	4	4	1	1	1	1	2	2	4	4	2	2	2	2	2	2	3	3	2	2	17	17	40	40	1	1	2	2	23	23	22	22	16	16	12	12	3	3	6	6	2	2	1	1	2	2	4	4	2	2	1	1	3	3	4	4	4	4	3	3	1	1	2	2	1	1	2	2	3	3	4	4	2	2	4	4	2	2	2	2
IND00060	4	4	2	2	2	2	2	2	1	1	1	1	5	5	5	5	6	6	6	6	2	2	3	3	2	2	3	3	2	2	2	2	1	1	2	2	2	2	2	2	2	2	1	1	8	8	27	27	2	2	2	2	3	3	3	3	1	1	1	1	1	1	2	2	3	3	3	3	2	2	4	4	15	15	33	33	2	2	2	2	3	3	4	4	1	1	2	2	5	5	3	3	5	5	1	1	2	2	3	3	4	4	3	3	2	2	2	2	1	1	2	2	31	31	50	50	2	2	1	1	21	21	19	19	16	16	10	10	6	6	6	6	1	1	2	2	1	1	3	3	3	3	1	1	6	6	6	6	1	1	4	4	2	2	2	2	1	1	2	2	4	4	4	4	1	1	4	4	1	1	2	2
IND00061	1	1	4	4	3	3	1	1	1	1	1	1	6	6	4	4	4	4	7	7	1	1	4	4	2	2	4	4	1	1	2	2	2	2	1	1	1	1	2	2	1	1	2	2	13	13	9	9	1	1	1	1	1	1	8	8	2	2	2	2	2	2	3	3	4	4	7	7	2	2	3	3	8	8	36	36	5	5	8	8	3	3	4	4	1	1	1	1	3	3	1	1	6	6	4	4	1	1	1	1	4	4	3	3	2	2	1	1	2	2	4	4	53	53	17	17	3	3	1	1	7	7	4	4	12	12	1	1	5	5	7	7	2	2	1	1	3	3	3	3	3	3	3	3	7	7	5	5	2	2	2	2	1	1	2	2	1	1	1	1	2	2	4	4	2	2	2	2	1	1	1	1
IND00062	4	4	1	1	1	1	1	1	2	2	2	2	5	5	7	7	2	2	3	3	4	4	1	1	4	4	2	2	1	1	1	1	2	2	1	1	2	2	2	2	2	2	3	3	32	32	28	28	1	1	2	2	3	3	1	1	2	2	2	2	6	6	7	7	5	5	6	6	2	2	4	4	41	41	38	38	6	6	5	5	1	1	4	4	2	2	2	2	8	8	5	5	3	3	3	3	4	4	1	1	1	1	4	4	1	1	1	1	2	2	1	1	35	35	34	34	1	1	2	2	21	21	17	17	15	15	1	1	5	5	7	7	2	2	2	2	4	4	4	4	4	4	4	4	8	8	4	4	4	4	1	1	2	2	2	2	1	1	1	1	2	2	1	1	3	3	4	4	1	1	1	1
IND00063	2	2	4	4	4	4	4	4	1	1	2	2	6	6	4	4	1	1	2	2	4	4	3	3	3	3	4	4	1	1	1	1	2	2	1	1	2	2	1	1	3	3	3	3	17	17	4	4	2	2	1	1	5	5	4	4	1	1	1	1	3	3	4	4	5	5	4	4	1	1	3	3	23	23	15	15	4	4	1	1	3	3	4	4	1	1	2	2	6	6	8	8	7	7	3	3	1	1	3	3	4	4	4	4	1	1	2	2	3	3	1	1	41	41	55	55	4	4	3	3	7	7	6	6	1	1	6	6	2	2	1	1	2	2	1	1	3	3	2	2	1	1	1	1	5	5	2	2	2	2	1	1	2	2	2	2	1	1	2	2	2	2	4	4	2	2	1	1	2	2	2	2
IND00064	1	1	3	3	1	1	1	1	2	2	1	1	1	1	4	4	3	3	6	6	3	3	4	4	1	1	2	2	2	2	2	2	2	2	2	2	1	1	1	1	2	2	2	2	9	9	27	27	1	1	1	1	7	7	8	8	2	2	2	2	2	2	2	2	1	1	8	8	2	2	1	1	55	55	23	23	3	3	4	4	2	2	4	4	1	1	2	2	4	4	4	4	5	5	1	1	3	3	2	2	1	1	4	4	2	2	1	1	4	4	4	4	41	41	50	50	4	4	1	1	7	7	27	27	10	10	7	7	6	6	7	7	2	2	1	1	4	4	2	2	2	2	3	3	5	5	7	7	2	2	1	1	1	1	1	1	1	1	1	1	3	3	2	2	1	1	3	3	2	2	1	1
IND00065	1	1	4	4	3	3	2	2	1	1	2	2	3	3	5	5	3	3	2	2	3	3	2	2	1	1	3	3	2	2	2	2	2	2	1	1	1	1	2	2	1	1	2	2	23	23	28	28	1	1	2	2	4	4	7	7	2	2	1	1	4	4	5	5	8	8	8	8	1	1	4	4	17	17	49	49	5	5	7	7	3	3	1	1	2	2	1	1	6	6	3	3	4	4	2	2	2	2	4	4	3	3	4	4	1	1	2	2	3	3	4	4	54	54	2	2	4	4	1	1	1	1	8	8	3	3	3	3	4	4	8	8	2	2	1	1	2	2	2	2	2	2	1	1	3	3	4	4	2	2	2	2	2	2	1	1	2	2	1	1	1	1	4	4	3	3	2	2	2	2	1	1
IND00066	2	2	4	4	1	1	4	4	1	1	2	2	1	1	2	2	6	6	1	1	2	2	2	2	3	3	2	2	2	2	2	2	1	1	2	2	2	2	2	2	4	4	4	4	19	19	12	12	1	1	2	2	5	5	3	3	1	1	1	1	6	6	2	2	2	2	1	1	3	3	2	2	7	7	38	38	2	2	2	2	1	1	2	2	1	1	1	1	1	1	4	4	7	7	1	1	1	1	1	1	1	1	4	4	1	1	2	2	3	3	3	3	22	22	11	11	4	4	3	3	18	18	5	5	12	12	14	14	6	6	6	6	2	2	2	2	4	4	4	4	4	4	2	2	8	8	6	6	3	3	3	3	1	1	1	1	2	2	1	1	2	2	1	1	3	3	4	4	1	1	1	1
IND00067	2	2	2	2	4	4	1	1	1	1	2	2	7	7	7	7	3	3	3	3	1	1	1	1	2	2	1	1	2	2	1	1	2	2	1	1	2	2	2	2	1	1	3	3	5	5	26	26	1	1	1	1	5	5	7	7	1	1	1	1	4	4	3	3	1	1	6	6	1	1	4	4	38	38	13	13	4	4	3	3	4	4	2	2	1	1	1	1	8	8	8	8	1	1	6	6	4	4	1	1	2	2	3	3	2	2	1	1	3	3	2	2	40	40	23	23	4	4	1	1	1	1	25	25	4	4	12	12	4	4	7	7	2	2	1	1	2	2	4	4	3	3	1	1	4	4	6	6	1	1	4	4	2	2	2	2	2	2	1	1	2	2	2	2	2	2	2	2	1	1	1	1
IND00068	3	3	2	2	2	2	2	2	1	1	2	2	5	5	3	3	4	4	3	3	3	3	1	1	3	3	1	1	2	2	2	2	1	1	2	2	2	2	1	1	3	3	1	1	2	2	19	19	2	2	2	2	1	1	8	8	1	1	1	1	3	3	4	4	2	2	2	2	4	4	2	2	51	51	22	22	6	6	3	3	4	4	3	3	2	2	2	2	4	4	7	7	3	3	7	7	4	4	2	2	3	3	2	2	1	1	1	1	1	1	1	1	43	43	31	31	3	3	2	2	16	16	26	26	14	14	2	2	7	7	1	1	1	1	1	1	4	4	3	3	4	4	3	3	4	4	3	3	1	1	3	3	2	2	2	2	1	1	1	1	3	3	2	2	3	3	3	3	2	2	1	1
IND00069	4	4	3	3	1	1	3	3	2	2	1	1	4	4	7	7	2	2	2	2	2	2	1	1	3	3	4	4	1	1	2	2	1	1	2	2	2	2	2	2	2	2	2	2	20	20	22	22	2	2	2	2	7	7	2	2	2	2	1	1	2	2	7	7	8	8	7	7	4	4	1	1	1	1	57	57	5	5	6	6	1	1	2	2	2	2	2	2	3	3	8	8	8	8	1	1	1	1	1	1	4	4	4	4	1	1	2	2	1	1	1	1	55	55	46	46	2	2	2	2	2	2	13	13	6	6	2	2	3	3	5	5	1	1	1	1	3	3	4	4	1	1	4	4	3	3	5	5	1	1	2	2	2	2	2	2	1	1	2	2	1	1	1	1	4	4	3	3	2	2	2	2
IND00070	3	3	3	3	4	4	4	4	2	2	2	2	8	8	4	4	6	6	8	8	4	4	1	1	3	3	3	3	1	1	2	2	1	1	1	1	2	2	1	1	1	1	1	1	20	20	20	20	1	1	2	2	8	8	4	4	1	1	1	1	2	2	3	3	2	2	4	4	1	1	2	2	49	49	15	15	5	5	6	6	2	2	2	2	1	1	2	2	2	2	3	3	8	8	8	8	4	4	4	4	3	3	1	1	1	1	1	1	2	2	1	1	34	34	27	27	4	4	2	2	13	13	16	16	6	6	5	5	3	3	7	7	2	2	2	2	3	3	4	4	3	3	3	3	4	4	5	5	4	4	1	1	2	2	1	1	2	2	2	2	3	3	3	3	3	3	4	4	1	1	2	2
IND00071	1	1	3	3	4	4	1	1	1	1	2	2	8	8	6	6	1	1	4	4	4	4	4	4	3	3	2	2	1	1	2	2	2	2	1	1	2	2	1	1	1	1	4	4	28	28	24	24	2	2	2	2	1	1	8	8	1	1	2	2	2	2	5	5	8	8	2	2	1	1	1	1	57	57	42	42	4	4	5	5	2	2	2	2	2	2	1	1	1	1	7	7	4	4	6	6	3	3	4	4	3	3	3	3	1	1	1	1	4	4	2	2	30	30	7	7	3	3	2	2	1	1	32	32	10	10	16	16	4	4	2	2	1	1	2	2	4	4	1	1	4	4	4	4	6	6	8	8	4	4	1	1	2	2	1	1	1	1	2	2	3	3	2	2	1	1	4	4	2	2	2	2
IND00072	4	4	1	1	4	4	4	4	2	2	1	1	6	6	5	5	1	1	3	3	2	2	2	2	1	1	2	2	1	1	2	2	1	1	2	2	1	1	2	2	2	2	2	2	31	31	11	11	1	1	1	1	1	1	5	5	2	2	1	1	1	1	7	7	8	8	5	5	2	2	3	3	3	3	32	32	3	3	8	8	2	2	4	4	2	2	2	2	7	7	1	1	3	3	3	3	2	2	4	4	1	1	4	4	2	2	1	1	3	3	1	1	49	49	14	14	3	3	3	3	27	27	12	12	10	10	11	11	2	2	8	8	2	2	2	2	3	3	2	2	2	2	1	1	8	8	7	7	2	2	4	4	2	2	1	1	2	2	1	1	3	3	1	1	4	4	4	4	1	1	1	1
IND00073	2	2	4	4	1	1	2	2	2	2	2	2	4	4	5	5	7	7	8	8	1	1	2	2	3	3	2	2	1	1	1	1	2	2	2	2	1	1	1	1	3	3	3	3	3	3	11	11	2	2	2	2	1	1	3	3	1	1	2	2	7	7	7	7	4	4	8	8	1	1	1	1	39	39	20	20	6	6	7	7	4	4	3	3	2	2	1	1	1	1	7	7	1	1	6	6	4	4	1	1	4	4	4	4	2	2	2	2	3	3	4	4	18	18	47	47	3	3	2	2	1	1	19	19	1	1	8	8	7	7	2	2	1	1	2	2	4	4	1	1	2	2	1	1	2	2	6	6	1	1	3	3	2	2	1	1	2	2	2	2	4	4	3	3	3	3	1	1	1	1	2	2
IND00074	1	1	3	3	2	2	4	4	2	2	1	1	2	2	7	7	3	3	3	3	2	2	4	4	2	2	2	2	1	1	2	2	2	2	2	2	2	2	1	1	1	1	2	2	17	17	29	29	2	2	2	2	7	7	3	3	1	1	1	1	6	6	5	5	6	6	6	6	3	3	1	1	64	64	53	53	4	4	4	4	4	4	2	2	1	1	2	2	4	4	1	1	6	6	5	5	4	4	3	3	2	2	1	1	1	1	1	1	2	2	1	1	4	4	34	34	2	2	3	3	8	8	2	2	7	7	9	9	7	7	5	5	2	2	2	2	4	4	3	3	3	3	1	1	1	1	3	3	4	4	2	2	1	1	1	1	1	1	1	1	2	2	1	1	3	3	3	3	2	2	2	2
IND00075	4	4	1	1	4	4	1	1	1	1	1	1	2	2	4	4	6	6	4	4	2	2	4	4	3	3	1	1	2	2	1	1	1	1	2	2	1	1	1	1	2	2	2	2	2	2	10	10	1	1	2	2	1	1	3	3	2	2	1	1	8	8	1	1	6	6	3	3	2	2	1	1	8	8	9	9	8	8	2	2	2	2	4	4	2	2	2	2	8	8	8	8	5	5	2	2	1	1	1	1	4	4	4	4	2	2	1	1	1	1	3	3	25	25	34	34	3	3	2	2	28	28	18	18	3	3	9	9	8	8	6	6	2	2	1	1	1	1	3	3	3	3	4	4	4	4	8	8	1	1	2	2	2	2	1	1	2	2	2	2	4	4	2	2	1	1	2	2	1	1	2	2
IND00076	3	3	4	4	2	2	2	2	2	2	1	1	7	7	7	7	7	7	1	1	3	3	1	1	2	2	2	2	2	2	2	2	2	2	2	2	1	1	1	1	2	2	2	2	10	10	7	7	1	1	2	2	5	5	4	4	2	2	1	1	2	2	4	4	4	4	3	3	1	1	2	2	43	43	28	28	3	3	8	8	2	2	1	1	1	1	2	2	6	6	8	8	8	8	6	6	3	3	4	4	4	4	2	2	2	2	2	2	3	3	2	2	49	49	64	64	1	1	3	3	21	21	23	23	15	15	8	8	6	6	5	5	1	1	1	1	1	1	3	3	4	4	4	4	5	5	4	4	3	3	4	4	2	2	1	1	2	2	1	1	1	1	1	1	2	2	2	2	2	2	1	1
IND00077	3	3	2	2	4	4	1	1	2	2	2	2	1	1	8	8	8	8	8	8	1	1	4	4	4	4	4	4	2	2	1	1	1	1	1	1	1	1	2	2	3	3	1	1	8	8	2	2	1	1	2	2	3	3	5	5	1	1	1	1	4	4	7	7	7	7	3	3	2	2	1	1	33	33	42	42	8	8	7	7	4	4	3	3	1	1	2	2	7	7	6	6	3	3	8	8	1	1	4	4	3	3	1	1	2	2	2	2	4	4	3	3	24	24	13	13	3	3	2	2	12	12	14	14	11	11	5	5	2	2	8	8	1	1	1	1	1	1	4	4	1	1	1	1	5	5	4	4	4	4	4	4	2	2	2	2	1	1	2	2	3	3	3	3	2	2	4	4	2	2	2	2
IND00078	4	4	2	2	4	4	3	3	2	2	1	1	7	7	7	7	1	1	5	5	1	1	1	1	1	1	2	2	2	2	1	1	2	2	1	1	1	1	1	1	1	1	3	3	22	22	28	28	1	1	1	1	5	5	4	4	1	1	1	1	1	1	8	8	1	1	3	3	1	1	1	1	49	49	15	15	5	5	3	3	4	4	2	2	1	1	1	1	4	4	3	3	2	2	1	1	4	4	2	2	4	4	1	1	1	1	1	1	2	2	2	2	10	10	3	3	3	3	3	3	13	13	8	8	11	11	1	1	4	4	2	2	1	1	1	1	4	4	3	3	2	2	1	1	5	5	3	3	3	3	3	3	2	2	2	2	1	1	1	1	3	3	2	2	1	1	2	2	2	2	2	2
IND00079	3	3	4	4	1	1	4	4	2	2	2	2	1	1	6	6	7	7	5	5	4	4	2	2	2	2	2	2	1	1	1	1	2	2	2	2	1	1	2	2	2	2	4	4	30	30	17	17	1	1	1	1	5	5	8	8	1	1	1	1	2	2	5	5	8	8	1	1	3	3	1	1	43	43	2	2	1	1	2	2	1	1	4	4	1	1	1	1	8	8	8	8	5	5	4	4	4	4	4	4	1	1	4	4	2	2	1	1	3	3	3	3	60	60	21	21	1	1	4	4	25	25	31	31	6	6	10	10	7	7	4	4	1	1	1	1	4	4	3	3	2	2	2	2	5	5	5	5	3	3	1	1	2	2	1	1	1	1	2	2	3	3	3	3	4	4	3	3	1	1	1	1
IND00080	2	2	1	1	4	4	3	3	1	1	2	2	7	7	4	4	6	6	3	3	4	4	1	1	4	4	3	3	2	2	2	2	2	2	1	1	2	2	2	2	4	4	2	2	32	32	25	25	1	1	1	1	1	1	1	1	1	1	2	2	7	7	6	6	6	6	2	2	4	4	3	3	26	26	30	30	6	6	1	1	3	3	3	3	2	2	2	2	5	5	1	1	1	1	8	8	2	2	3	3	3	3	2	2	2	2	1	1	4	4	3	3	36	36	39	39	3	3	3	3	13	13	19	19	9	9	3	3	1	1	8	8	2	2	1	1	2	2	4	4	2	2	3	3	4	4	5	5	4	4	1	1	1	1	1	1	1	1	1	1	4	4	1	1	4	4	1	1	2	2	1	1
IND00081	4	4	4	4	2	2	1	1	2	2	1	1	3	3	8	8	8	8	6	6	2	2	2	2	3	3	1	1	1	1	2	2	2	2	2	2	1	1	2	2	1	1	2	2	26	26	2	2	1	1	2	2	3	3	3	3	1	1	1	1	1	1	1	1	3	3	5	5	1	1	4	4	62	62	28	28	4	4	3	3	4	4	4	4	2	2	1	1	4	4	5	5	3	3	7	7	1	1	1	1	2	2	3	3	1	1	2	2	1	1	2	2	62	62	53	53	2	2	3	3	2	2	7	7	2	2	2	2	4	4	6	6	1	1	1	1	2	2	2	2	4	4	1	1	3	3	8	8	1	1	4	4	1	1	2	2	1	1	1	1	2	2	1	1	3	3	1	1	2	2	1	1
IND00082	4	4	2	2	2	2	2	2	1	1	2	2	2	2	6	6	5	5	3	3	3	3	1	1	2	2	4	4	2	2	1	1	1	1	2	2	2	2	1	1	1	1	3	3	30	30	6	6	2	2	1	1	4	4	1	1	2	2	1	1	1	1	4	4	5	5	1	1	3	3	1	1	42	42	13	13	6	6	1	1	4	4	4	4	1	1	1	1	7	7	1	1	4	4	4	4	1	1	2	2	2	2	4	4	2	2	2	2	1	1	2	2	38	38	45	45	4	4	3	3	27	27	12	12	7	7	5	5	2	2	6	6	1	1	1	1	3	3	2	2	1	1	3	3	5	5	1	1	1	1	1	1	1	1	2	2	1	1	1	1	1	1	2	2	1	1	1	1	2	2	1	1
IND00083	1	1	3	3	4	4	3	3	2	2	2	2	5	5	1	1	8	8	2	2	3	3	4	4	1	1	3	3	1	1	1	1	2	2	2	2	1	1	2	2	2	2	1	1	27	27	20	20	2	2	2	2	2	2	4	4	2	2	1	1	4	4	6	6	5	5	2	2	2	2	3	3	41	41	17	17	5	5	3	3	3	3	2	2	1	1	1	1	5	5	2	2	5	5	6	6	2	2	3	3	3	3	1	1	1	1	2	2	3	3	2	2	8	8	47	47	2	2	1	1	21	21	10	10	6	6	15	15	1	1	8	8	2	2	1	1	4	4	3	3	2	2	3	3	4	4	2	2	1	1	2	2	2	2	1	1	1	1	1	1	1	1	4	4	1	1	3	3	2	2	1	1
IND00084	4	4	3	3	2	2	3	3	1	1	1	1	7	7	2	2	8	8	8	8	3	3	2	2	3	3	1	1	2	2	1	1	1	1	1	1	1	1	2	2	1	1	4	4	3	3	12	12	2	2	1	1	7	7	1	1	1	1	1	1	1	1	6	6	3	3	5	5	3	3	4	4	2	2	19	19	8	8	4	4	2	2	2	2	2	2	1	1	3	3	5	5	7	7	4	4	3	3	2	2	2	2	3	3	1	1	2	2	2	2	1	1	34	34	8	8	1	1	4	4	27	27	25	25	4	4	8	8	4	4	7	7	1	1	2	2	3	3	1	1	3	3	1	1	8	8	6	6	2	2	3	3	2	2	2	2	1	1	1	1	1	1	3	3	2	2	1	1	1	1	1	1
IND00085	4	4	1	1	4	4	4	4	1	1	1	1	5	5	7	7	3	3	3	3	2	2	4	4	4	4	1	1	1	1	2	2	1	1	1	1	2	2	1	1	2	2	2	2	25	25	5	5	1	1	2	2	6	6	6	6	2	2	2	2	4	4	7	7	3	3	6	6	4	4	3	3	44	44	28	28	6	6	7	7	3	3	4	4	1	1	2	2	1	1	1	1	3	3	4	4	4	4	2	2	2	2	1	1	2	2	1	1	2	2	3	3	25	25	60	60	3	3	2	2	19	19	29	29	16	16	10	10	6	6	8	8	1	1	1	1	4	4	3	3	3	3	2	2	7	7	8	8	2	2	1	1	2	2	2	2	1	1	2	2	3	3	1	1	1	1	2	2	2	2	2	2
IND00086	1	1	3	3	3	3	4	4	2	2	1	1	7	7	6	6	7	7	2	2	2	2	3	3	2	2	3	3	1	1	2	2	1	1	1	1	2	2	2	2	3	3	2	2	22	22	4	4	2	2	2	2	8	8	8	8	1	1	2	2	2	2	8	8	1	1	1	1	1	1	1	1	3	3	17	17	8	8	7	7	3	3	2	2	1	1	2	2	5	5	2	2	1	1	4	4	2	2	1	1	3	3	1	1	2	2	1	1	4	4	3	3	46	46	31	31	3	3	1	1	31	31	11	11	4	4	10	10	6	6	4	4	2	2	1	1	2	2	2	2	1	1	2	2	5	5	5	5	3	3	3	3	1	1	1	1	1	1	1	1	4	4	2	2	1	1	4	4	2	2	2	2
IND00087	3	3	3	3	2	2	3	3	2	2	1	1	1	1	4	4	3	3	1	1	3	3	3	3	3	3	3	3	1	1	2	2	2	2	1	1	1	1	2	2	4	4	1	1	6	6	21	21	2	2	2	2	3	3	5	5	1	1	1	1	6	6	6	6	1	1	3	3	2	2	1	1	32	32	8	8	7	7	6	6	4	4	4	4	1	1	1	1	4	4	2	2	3	3	3	3	3	3	2	2	2	2	1	1	2	2	2	2	1	1	4	4	57	57	30	30	4	4	3	3	22	22	26	26	4	4	12	12	1	1	7	7	1	1	1	1	3	3	3	3	4	4	3	3	7	7	7	7	3	3	2	2	2	2	1	1	1	1	2	2	2	2	2	2	1	1	3	3	1	1	2	2
IND00088	3	3	2	2	2	2	4	4	2	2	2	2	8	8	5	5	8	8	6	6	4	4	2	2	3	3	1	1	2	2	1	1	1	1	1	1	1	1	1	1	3	3	3	3	7	7	12	12	2	2	1	1	3	3	6	6	2	2	2	2	8	8	6	6	8	8	1	1	2	2	4	4	17	17	39	39	3	3	2	2	2	2	4	4	2	2	1	1	2	2	1	1	1	1	3	3	3	3	4	4	4	4	1	1	2	2	2	2	4	4	3	3	19	19	5	5	3	3	3	3	9	9	24	24	10	10	13	13	1	1	4	4	1	1	2	2	1	1	4	4	2	2	1	1	7	7	6	6	4	4	4	4	2	2	2	2	1	1	2	2	1	1	2	2	1	1	3	3	2	2	2	2
IND00089	1	1	3	3	2	2	3	3	1	1	2	2	4	4	2	2	2	2	6	6	2	2	3	3	3	3	1	1	1	1	2	2	2	2	1	1	1	1	1	1	2	2	1	1	20	20	21	21	2	2	2	2	5	5	7	7	1	1	2	2	7	7	6	6	8	8	7	7	1	1	3	3	20	20	18	18	5	5	4	4	3	3	1	1	2	2	2	2	3	3	5	5	8	8	8	8	4	4	4	4	2	2	1	1	2	2	2	2	3	3	3	3	30	30	63	63	1	1	3	3	6	6	16	16	4	4	12	12	8	8	8	8	2	2	1	1	4	4	2	2	2	2	2	2	1	1	4	4	4	4	1	1	1	1	2	2	2	2	1	1	2	2	1	1	3	3	2	2	1	1	2	2
IND00090	2	2	2	2	3	3	4	4	2	2	2	2	3	3	1	1	8	8	1	1	3	3	4	4	1	1	1	1	2	2	1	1	1	1	2	2	2	2	2	2	2	2	1	1	27	27	18	18	1	1	2	2	8	8	8	8	1	1	1	1	4	4	4	4	4	4	2	2	1	1	2	2	13	13	46	46	1	1	3	3	4	4	3	3	1	1	2	2	3	3	5	5	6	6	5	5	3	3	4	4	4	4	2	2	2	2	1	1	1	1	4	4	59	59	45	45	1	1	4	4	21	21	4	4	6	6	9	9	4	4	7	7	1	1	2	2	4	4	4	4	2	2	1	1	7	7	2	2	3	3	4	4	2	2	2	2	2	2	1	1	2	2	1	1	3	3	1	1	1	1	2	2
IND00091	2	2	1	1	4	4	2	2	1	1	1	1	2	2	4	4	3	3	5	5	3	3	4	4	1	1	1	1	1	1	1	1	2	2	2	2	2	2	1	1	1	1	1	1	24	24	26	26	2	2	2	2	2	2	6	6	2	2	1	1	6	6	6	6	5	5	5	5	4	4	1	1	13	13	22	22	6	6	6	6	3	3	2	2	2	2	2	2	1	1	2	2	7	7	6	6	3	3	3	3	2	2	4	4	2	2	2	2	3	3	1	1	35	35	26	26	4	4	3	3	10	10	19	19	12	12	6	6	2	2	1	1	1	1	1	1	3	3	1	1	1	1	4	4	7	7	4	4	4	4	2	2	1	1	2	2	2	2	1	1	2	2	2	2	2	2	2	2	2	2	1	1
IND00092	1	1	2	2	2	2	3	3	2	2	2	2	2	2	8	8	3	3	8	8	2	2	4	4	2	2	2	2	1	1	2	2	2	2	1	1	2	2	1	1	2	2	1	1	7	7	29	29	1	1	1	1	7	7	8	8	1	1	2	2	5	5	1	1	3	3	4	4	4	4	4	4	37	37	1	1	1	1	3	3	4	4	2	2	1	1	1	1	3	3	4	4	5	5	4	4	4	4	2	2	3	3	2	2	1	1	2	2	2	2	1	1	15	15	39	39	2	2	4	4	5	5	11	11	8	8	11	11	6	6	7	7	1	1	2	2	1	1	3	3	4	4	4	4	1	1	8	8	2	2	4	4	1	1	1	1	1	1	2	2	4	4	2	2	3	3	2	2	2	2	1	1
IND00093	4	4	1	1	3	3	2	2	1	1	1	1	7	7	8	8	3	3	3	3	3	3	3	3	1	1	2	2	2	2	2	2	1	1	1	1	2	2	2	2	1	1	3	3	8	8	17	17	2	2	1	1	4	4	4	4	1	1	1	1	5	5	4	4	8	8	7	7	4	4	2	2	61	61	59	59	3	3	2	2	3	3	1	1	2	2	1	1	7	7	4	4	5	5	3	3	3	3	1	1	3	3	1	1	1	1	2	2	4	4	1	1	9	9	53	53	2	2	2	2	19	19	5	5	3	3	14	14	7	7	6	6	1	1	1	1	4	4	1	1	1	1	4	4	3	3	7	7	1	1	4	4	2	2	1	1	2	2	1	1	2	2	1	1	1	1	1	1	2	2	1	1
IND00094	4	4	3	3	3	3	2	2	1	1	1	1	8	8	2	2	1	1	7	7	1	1	3	3	2	2	3	3	1	1	1	1	2	2	1	1	1	1	2	2	4	4	1	1	32	32	19	19	2	2	2	2	1	1	1	1	1	1	2	2	7	7	5	5	1	1	4	4	3	3	2	2	5	5	29	29	2	2	4	4	3	3	4	4	1	1	2	2	4	4	4	4	8	8	5	5	2	2	1	1	4	4	4	4	1	1	2	2	3	3	1	1	52	52	62	62	3	3	1	1	22	22	11	11	14	14	6	6	6	6	6	6	1	1	2	2	2	2	1	1	3	3	3	3	3	3	7	7	3	3	4	4	1	1	1	1	2	2	2	2	4	4	3	3	1	1	3	3	1	1	1	1
IND00095	2	2	2	2	1	1	4	4	1	1	2	2	3	3	7	7	6	6	6	6	4	4	4	4	3	3	1	1	2	2	2	2	1	1	1	1	1	1	1	1	1	1	1	1	24	24	24	24	1	1	2	2	8	8	2	2	2	2	1	1	8	8	3	3	2	2	5	5	4	4	3	3	61	61	58	58	3	3	1	1	2	2	3	3	1	1	1	1	7	7	8	8	4	4	8	8	2	2	3	3	3	3	2	2	1	1	2	2	3	3	3	3	42	42	15	15	1	1	1	1	6	6	3	3	15	15	9	9	6	6	5	5	2	2	2	2	3	3	4	4	3	3	3	3	8	8	3	3	4	4	2	2	1	1	2	2	1	1	1	1	2	2	1	1	1	1	2	2	2	2	2	2
IND00096	1	1	1	1	3	3	2	2	2	2	2	2	5	5	3	3	5	5	4	4	1	1	2	2	3	3	4	4	2	2	2	2	1	1	2	2	1	1	1	1	4	4	4	4	22	22	2	2	2	2	2	2	6	6	2	2	1	1	2	2	6	6	7	7	8	8	2	2	1	1	2	2	6	6	42	42	6	6	4	4	2	2	1	1	2	2	2	2	1	1	4	4	2	2	2	2	2	2	2	2	1	1	3	3	2	2	2	2	1	1	2	2	37	37	27	27	3	3	3	3	29	29	13	13	7	7	16	16	2	2	5	5	2	2	2	2	3	3	3	3	3	3	3	3	2	2	3	3	1	1	3	3	1	1	2	2	2	2	2	2	4	4	3	3	2	2	3	3	1	1	2	2
IND00097	3	3	2	2	2	2	2	2	1	1	1	1	7	7	2	2	1	1	2	2	1	1	1	1	3	3	3	3	1	1	1	1	1	1	1	1	1	1	2	2	1	1	2	2	13	13	13	13	1	1	1	1	2	2	5	5	2	2	1	1	5	5	3	3	6	6	1	1	1	1	2	2	36	36	32	32	8	8	6	6	2	2	1	1	1	1	1	1	3	3	5	5	2	2	7	7	1	1	3	3	3	3	1	1	1	1	2	2	2	2	2	2	39	39	41	41	4	4	1	1	26	26	2	2	12	12	7	7	3	3	5	5	2	2	1	1	4	4	1	1	1	1	1	1	2	2	7	7	2	2	4	4	1	1	2	2	2	2	2	2	1	1	1	1	1	1	2	2	1	1	2	2
IND00098	4	4	1	1	3	3	1	1	2	2	1	1	7	7	8	8	7	7	7	7	1	1	3	3	3	3	4	4	1	1	2	2	2	2	1	1	1	1	2	2	1	1	3	3	7	7	21	21	1	1	2	2	2	2	8	8	1	1	1	1	7	7	6	6	7	7	3	3	2	2	1	1	50	50	43	43	8	8	8	8	2	2	1	1	1	1	2	2	5	5	5	5	7	7	6	6	2	2	4	4	4	4	2	2	2	2	2	2	4	4	1	1	60	60	33	33	4	4	3	3	29	29	10	10	6	6	4	4	1	1	4	4	1	1	2	2	2	2	4	4	4	4	4	4	7	7	2	2	2	2	2	2	1	1	2	2	2	2	2	2	3	3	4	4	2	2	4	4	2	2	2	2
IND00099	1	1	2	2	2	2	3	3	2	2	1	1	1	1	3	3	6	6	4	4	2	2	3	3	2	2	1	1	2	2	1	1	1	1	2	2	1	1	1	1	3	3	3	3	11	11	21	21	1	1	1	1	2	2	4	4	2	2	1	1	3	3	7	7	2	2	3	3	4	4	4	4	20	20	61	61	2	2	5	5	2	2	4	4	1	1	1	1	4	4	5	5	6	6	4	4	1	1	1	1	3	3	4	4	1	1	2	2	1	1	1	1	41	41	6	6	2	2	2	2	16	16	24	24	11	11	9	9	7	7	1	1	2	2	2	2	2	2	3	3	4	4	3	3	8	8	7	7	4	4	4	4	2	2	1	1	1	1	2	2	1	1	4	4	1	1	3	3	1	1	1	1
IND00100	4	4	2	2	2	2	3	3	2	2	2	2	4	4	1	1	4	4	6	6	2	2	1	1	1	1	1	1	1	1	2	2	1	1	2	2	1	1	1	1	4	4	1	1	27	27	18	18	2	2	1	1	3	3	8	8	2	2	1	1	5	5	6	6	3	3	4	4	4	4	2	2	54	54	6	6	1	1	2	2	1	1	4	4	1	1	1	1	4	4	4	4	7	7	6	6	1	1	3	3	1	1	3	3	2	2	2	2	4	4	1	1	43	43	55	55	3	3	3	3	8	8	23	23	13	13	8	8	4	4	3	3	1	1	2	2	3	3	3	3	4	4	1	1	3	3	3	3	2	2	4	4	2	2	1	1	1	1	1	1	2	2	2	2	2	2	4	4	2	2	1	1
IND00101	3	3	1	1	1	1	4	4	2	2	1	1	3	3	3	3	8	8	6	6	1	1	4	4	1	1	3	3	2	2	2	2	1	1	1	1	2	2	2	2	2	2	4	4	23	23	22	22	2	2	1	1	6	6	3	3	1	1	2	2	8	8	3	3	2	2	6	6	2	2	2	2	30	30	51	51	3	3	3	3	3	3	2	2	2	2	2	2	5	5	3	3	8	8	2	2	3	3	4	4	2	2	4	4	2	2	1	1	4	4	2	2	11	11	28	28	3	3	4	4	14	14	14	14	3	3	16	16	4	4	7	7	2	2	1	1	2	2	3	3	2	2	2	2	4	4	5	5	4	4	3	3	2	2	2	2	1	1	1	1	3	3	2	2	3	3	3	3	1	1	1	1
IND00102	3	3	4	4	1	1	1	1	2	2	1	1	5	5	8	8	1	1	1	1	3	3	2	2	2	2	1	1	1	1	2	2	2	2	2	2	1	1	1	1	1	1	1	1	31	31	13	13	1	1	2	2	8	8	2	2	2	2	2	2	2	2	6	6	6	6	3	3	4	4	1	1	30	30	3	3	8	8	4	4	1	1	1	1	1	1	1	1	1	1	6	6	8	8	5	5	3	3	4	4	1	1	3	3	1	1	1	1	3	3	3	3	60	60	12	12	1	1	2	2	5	5	6	6	9	9	15	15	2	2	7	7	1	1	1	1	4	4	4	4	1	1	4	4	4	4	1	1	3	3	1	1	1	1	2	2	1	1	1	1	1	1	2	2	4	4	4	4	1	1	2	2
IND00103	1	1	1	1	4	4	2	2	2	2	2	2	7	7	7	7	2	2	1	1	3	3	2	2	2	2	4	4	2	2	2	2	1	1	1	1	1	1	1	1	2	2	1	1	16	16	12	12	1	1	2	2	3	3	3	3	1	1	1	1	2	2	2	2	6	6	5	5	2	2	1	1	59	59	34	34	3	3	7	7	1	1	2	2	2	2	2	2	3	3	4	4	2	2	7	7	3	3	2	2	4	4	3	3	1	1	2	2	3	3	3	3	51	51	11	11	3	3	4	4	3	3	28	28	4	4	5	5	2	2	6	6	1	1	1	1	4	4	3	3	2	2	1	1	6	6	7	7	4	4	1	1	2	2	1	1	1	1	2	2	4	4	2	2	2	2	1	1	2	2	2	2
IND00104	1	1	1	1	1	1	4	4	2	2	2	2	7	7	8	8	3	3	5	5	1	1	1	1	4	4	1	1	2	2	1	1	2	2	2	2	2	2	1	1	1	1	4	4	29	29	4	4	1	1	2	2	5	5	8	8	2	2	1	1	2	2	8	8	8	8	1	1	4	4	4	4	40	40	46	46	4	4	3	3	1	1	3	3	2	2	1	1	3	3	3	3	6	6	7	7	4	4	2	2	4	4	1	1	1	1	1	1	2	2	1	1	29	29	10	10	2	2	2	2	10	10	28	28	5	5	7	7	8	8	6	6	1	1	1	1	4	4	2	2	3	3	1	1	1	1	5	5	4	4	4	4	2	2	1	1	1	1	2	2	3	3	2	2	4	4	2	2	1	1	2	2
IND00105	3	3	4	4	3	3	3	3	2	2	2	2	4	4	6	6	3	3	6	6	3	3	2	2	4	4	2	2	1	1	2	2	2	2	2	2	2	2	1	1	2	2	3	3	17	17	28	28	2	2	2	2	8	8	7	7	1	1	2	2	4	4	3	3	3	3	6	6	3	3	4	4	42	42	64	64	1	1	7	7	2	2	3	3	2	2	2	2	2	2	7	7	8	8	1	1	3	3	3	3	2	2	1	1	1	1	1	1	4	4	1	1	24	24	7	7	3	3	1	1	1	1	18	18	1	1	15	15	1	1	2	2	1	1	1	1	3	3	3	3	1	1	1	1	2	2	8	8	2	2	2	2	2	2	2	2	2	2	2	2	2	2	4	4	4	4	1	1	2	2	2	2
IND00106	4	4	4	4	2	2	2	2	2	2	1	1	6	6	3	3	7	7	5	5	3	3	2	2	2	2	3	3	1	1	1	1	1	1	2	2	1	1	2	2	3	3	2	2	6	6	6	6	2	2	2	2	4	4	5	5	2	2	2	2	3	3	7	7	5	5	6	6	1	1	4	4	44	44	7	7	7	7	4	4	1	1	2	2	2	2	1	1	3	3	5	5	6	6	6	6	4	4	3	3	4	4	3	3	1	1	2	2	1	1	1	1	55	55	24	24	2	2	4	4	11	11	11	11	6	6	3	3	2	2	6	6	1	1	2	2	1	1	3	3	2	2	2	2	7	7	1	1	1	1	4	4	2	2	2	2	1	1	1	1	4	4	3	3	1	1	3	3	2	2	1	1
IND00107	3	3	1	1	4	4	2	2	1	1	1	1	6	6	2	2	1	1	7	7	3	3	4	4	1	1	4	4	1	1	1	1	1	1	1	1	2	2	1	1	2	2	3	3	18	18	29	29	2	2	2	2	8	8	4	4	1	1	1	1	6	6	7	7	6	6	8	8	1	1	2	2	50	50	52	52	1	1	1	1	3	3	2	2	1	1	2	2	5	5	6	6	1	1	1	1	1	1	2	2	1	1	4	4	1	1	2	2	1	1	3	3	46	46	2	2	2	2	1	1	7	7	15	15	3	3	3	3	6	6	2	2	1	1	2	2	3	3	2	2	4	4	1	1	3	3	2	2	2	2	3	3	2	2	1	1	2	2	2	2	3	3	1	1	3	3	4	4	1	1	2	2
IND00108	4	4	1	1	1	1	1	1	2	2	1	1	7	7	1	1	8	8	8	8	3	3	2	2	3	3	1	1	2	2	2	2	2	2	2	2	1	1	2	2	4	4	1	1	30	30	23	23	2	2	2	2	6	6	8	8	1	1	1	1	2	2	3	3	1	1	3	3	4	4	2	2	53	53	18	18	7	7	1	1	3	3	3	3	1	1	2	2	1	1	4	4	2	2	5	5	1	1	2	2	1	1	3	3	2	2	1	1	3	3	2	2	52	52	32	32	3	3	2	2	2	2	24	24	8	8	10	10	4	4	6	6	1	1	2	2	1	1	4	4	1	1	1	1	8	8	3	3	4	4	2	2	1	1	1	1	1	1	2	2	2	2	2	2	2	2	4	4	1	1	1	1
IND00109	1	1	4	4	2	2	3	3	1	1	1	1	4	4	7	7	7	7	7	7	4	4	1	1	3	3	4	4	2	2	2	2	1	1	1	1	2	2	2	2	3	3	2	2	14	14	6	6	2	2	1	1	8	8	8	8	1	1	2	2	7	7	4	4	6	6	5	5	4	4	2	2	32	32	26	26	2	2	2	2	3	3	3	3	2	2	1	1	4	4	1	1	7	7	7	7	2	2	1	1	1	1	1	1	2	2	1	1	1	1	1	1	48	48	46	46	3	3	4	4	21	21	12	12	10	10	15	15	8	8	6	6	1	1	2	2	1	1	4	4	4	4	4	4	5	5	5	5	4	4	4	4	2	2	1	1	2	2	1	1	3	3	4	4	2	2	4	4	1	1	1	1
IND00110	1	1	2	2	3	3	1	1	1	1	2	2	4	4	3	3	4	4	1	1	3	3	2	2	3	3	1	1	2	2	1	1	1	1	1	1	1	1	1	1	4	4	4	4	15	15	10	10	1	1	1	1	1	1	1	1	1	1	1	1	6	6	7	7	6	6	4	4	4	4	4	4	42	42	33	33	3	3	3	3	1	1	4	4	2	2	2	2	1	1	7	7	5	5	8	8	1	1	4	4	1	1	2	2	1	1	2	2	1	1	4	4	39	39	26	26	4	4	1	1	21	21	2	2	1	1	7	7	1	1	7	7	1	1	2	2	1	1	3	3	3	3	4	4	7	7	8	8	1	1	1	1	1	1	1	1	1	1	1	1	1	1	2	2	3	3	4	4	2	2	1	1
IND00111	3	3	3	3	1	1	3	3	1	1	2	2	3	3	1	1	5	5	3	3	4	4	1	1	4	4	4	4	1	1	1	1	2	2	1	1	1	1	2	2	3	3	4	4	12	12	2	2	2	2	2	2	3	3	4	4	1	1	1	1	4	4	3	3	8	8	8	8	2	2	1	1	29	29	28	28	7	7	4	4	3	3	1	1	2	2	2	2	3	3	2	2	1	1	7	7	4	4	2	2	4	4	4	4	1	1	2	2	3	3	1	1	49	49	27	27	4	4	3	3	2	2	22	22	7	7	3	3	4	4	2	2	1	1	1	1	2	2	2	2	4	4	2	2	1	1	5	5	3	3	1	1	1	1	2	2	2	2	1	1	1	1	1	1	3	3	1	1	2	2	1	1
IND00112	2	2	3	3	4	4	2	2	1	1	2	2	4	4	6	6	4	4	6	6	1	1	2	2	2	2	1	1	1	1	2	2	1	1	2	2	2	2	1	1	3	3	4	4	23	23	4	4	2	2	1	1	7	7	4	4	2	2	2	2	4	4	1	1	8	8	7	7	3	3	4	4	48	48	40	40	6	6	6	6	2	2	1	1	1	1	2	2	7	7	5	5	3	3	6	6	2	2	1	1	2	2	4	4	1	1	1	1	4	4	1	1	12	12	6	6	1	1	2	2	24	24	26	26	16	16	1	1	1	1	7	7	1	1	1	1	1	1	1	1	4	4	2	2	6	6	5	5	4	4	2	2	2	2	2	2	2	2	2	2	4	4	2	2	1	1	4	4	2	2	2	2
IND00113	4	4	4	4	2	2	2	2	2	2	2	2	6	6	8	8	4	4	6	6	1	1	3	3	4	4	3	3	2	2	2	2	2	2	1	1	2	2	2	2	1	1	3	3	13	13	20	20	1	1	1	1	2	2	8	8	2	2	1	1	6	6	8	8	7	7	8	8	1	1	4	4	22	22	28	28	2	2	4	4	4	4	1	1	1	1	2	2	3	3	2	2	8	8	5	5	1	1	3	3	4	4	1	1	1	1	1	1	4	4	3	3	24	24	60	60	2	2	3	3	4	4	13	13	16	16	4	4	3	3	1	1	2	2	1	1	1	1	4	4	1	1	3	3	1	1	5	5	2	2	1	1	2	2	1	1	2	2	1	1	4	4	3	3	3	3	2	2	2	2	2	2
IND00114	4	4	1	1	2	2	3	3	2	2	1	1	5	5	2	2	8	8	5	5	4	4	3	3	1	1	2	2	2	2	2	2	1	1	1	1	1	1	1	1	3	3	4	4	9	9	23	23	1	1	1	1	7	7	5	5	2	2	1	1	4	4	2	2	2	2	1	1	3	3	1	1	11	11	43	43	6	6	2	2	3	3	2	2	1	1	1	1	3	3	3	3	7	7	1	1	4	4	1	1	4	4	2	2	2	2	2	2	3	3	2	2	21	21	6	6	2	2	2	2	18	18	9	9	3	3	15	15	8	8	4	4	1	1	1	1	4	4	1	1	1	1	1	1	8	8	2	2	4	4	2	2	2	2	1	1	2	2	1	1	2	2	2	2	4	4	1	1	1	1	2	2
IND00115	4	4	4	4	4	4	4	4	2	2	2	2	6	6	2	2	6	6	1	1	4	4	2	2	2	2	2	2	2	2	2	2	1	1	2	2	2	2	2	2	1	1	1	1	21	21	29	29	1	1	2	2	2	2	3	3	2	2	2	2	4	4	1	1	3	3	5	5	1	1	4	4	43	43	52	52	8	8	4	4	2	2	3	3	1	1	2	2	6	6	7	7	5	5	5	5	1	1	3	3	2	2	3	3	1	1	2	2	2	2	2	2	41	41	60	60	4	4	1	1	25	25	23	23	14	14	12	12	5	5	1	1	2	2	2	2	1	1	1	1	1	1	4	4	5	5	1	1	3	3	4	4	1	1	1	1	1	1	2	2	1	1	4	4	2	2	3	3	2	2	1	1
IND00116	1	1	4	4	4	4	3	3	2	2	2	2	7	7	3	3	4	4	5	5	2	2	3	3	1	1	2	2	2	2	2	2	1	1	1	1	2	2	2	2	4	4	1	1	15	15	22	22	2	2	1	1	1	1	5	5	2	2	1	1	5	5	1	1	8	8	6	6	4	4	2	2	26	26	52	52	4	4	2	2	1	1	2	2	2	2	2	2	4	4	6	6	6	6	3	3	3	3	2	2	1	1	4	4	2	2	1	1	1	1	2	2	44	44	64	64	3	3	2	2	21	21	32	32	1	1	13	13	7	7	6	6	1	1	1	1	1	1	2	2	1	1	2	2	7	7	1	1	4	4	3	3	2	2	1	1	2	2	1	1	1	1	4	4	1	1	2	2	1	1	2	2
IND00117	4	4	3	3	3	3	1	1	1	1	1	1	3	3	3	3	1	1	1	1	4	4	2	2	2	2	1	1	2	2	1	1	1	1	2	2	2	2	2	2	1	1	2	2	26	26	20	20	2	2	1	1	6	6	3	3	1	1	2	2	5	5	6	6	5	5	5	5	1	1	3	3	24	24	35	35	1	1	5	5	4	4	4	4	1	1	2	2	2	2	2	2	4	4	8	8	3	3	3	3	2	2	4	4	1	1	2	2	1	1	2	2	55	55	56	56	1	1	1	1	24	24	15	15	3	3	1	1	7	7	8	8	2	2	2	2	4	4	2	2	3	3	3	3	6	6	5	5	3	3	4	4	1	1	1	1	1	1	2	2	3	3	4	4	3	3	4	4	2	2	1	1
IND00118	2	2	4	4	1	1	4	4	2	2	2	2	7	7	8	8	7	7	5	5	4	4	2	2	3	3	4	4	1	1	1	1	2	2	1	1	1	1	1	1	1	1	4	4	16	16	24	24	1	1	2	2	1	1	7	7	1	1	2	2	4	4	7	7	1	1	6	6	3	3	4	4	21	21	61	61	6	6	5	5	1	1	4	4	2	2	1	1	6	6	3	3	5	5	2	2	4	4	3	3	4	4	3	3	1	1	2	2	2	2	1	1	36	36	38	38	1	1	1	1	15	15	5	5	12	12	5	5	2	2	7	7	2	2	1	1	1	1	1	1	1	1	4	4	8	8	2	2	2	2	2	2	2	2	1	1	2	2	2	2	1	1	4	4	4	4	4	4	2	2	2	2
IND00119	4	4	4	4	2	2	4	4	1	1	2	2	7	7	7	7	8	8	6	6	2	2	1	1	3	3	2	2	1	1	2	2	2	2	2	2	2	2	1	1	2	2	4	4	20	20	9	9	2	2	1	1	2	2	4	4	1	1	2	2	8	8	6	6	8	8	2	2	2	2	1	1	4	4	34	34	6	6	8	8	1	1	4	4	2	2	1	1	7	7	6	6	7	7	5	5	4	4	1	1	1	1	4	4	2	2	1	1	2	2	2	2	39	39	50	50	1	1	4	4	17	17	1	1	3	3	3	3	8	8	6	6	1	1	1	1	4	4	4	4	2	2	2	2	3	3	2	2	4	4	4	4	1	1	2	2	1	1	2	2	3	3	3	3	2	2	1	1	2	2	1	1
IND00120	1	1	2	2	2	2	1	1	1	1	1	1	2	2	2	2	2	2	4	4	1	1	1	1	1	1	2	2	1	1	2	2	2	2	1	1	2	2	1	1	3	3	4	4	25	25	27	27	2	2	1	1	3	3	6	6	2	2	1	1	3	3	8	8	5	5	3	3	1	1	3	3	45	45	40	40	4	4	8	8	2	2	3	3	2	2	2	2	4	4	3	3	8	8	3	3	4	4	4	4	2	2	2	2	1	1	2	2	3	3	1	1	7	7	1	1	2	2	3	3	5	5	11	11	14	14	10	10	2	2	2	2	1	1	2	2	1	1	2	2	1	1	3	3	2	2	6	6	3	3	2	2	1	1	1	1	1	1	1	1	3	3	2	2	2	2	2	2	2	2	2	2
IND00121	4	4	1	1	4	4	2	2	1	1	2	2	5	5	8	8	8	8	3	3	3	3	3	3	1	1	3	3	1	1	2	2	2	2	2	2	2	2	1	1	4	4	1	1	14	14	29	29	1	1	2	2	8	8	4	4	1	1	1	1	4	4	5	5	3	3	2	2	3	3	3	3	24	24	62	62	6	6	6	6	4	4	1	1	2	2	1	1	7	7	5	5	7	7	7	7	2	2	3	3	3	3	3	3	1	1	2	2	2	2	2	2	24	24	59	59	1	1	4	4	18	18	17	17	6	6	12	12	1	1	7	7	1	1	2	2	2	2	4	4	2	2	4	4	2	2	7	7	2	2	2	2	1	1	1	1	2	2	2	2	2	2	1	1	1	1	2	2	2	2	1	1
IND00122	3	3	1	1	4	4	4	4	2	2	2	2	7	7	3	3	5	5	5	5	1	1	4	4	1	1	3	3	2	2	1	1	2	2	1	1	2	2	2	2	2	2	3	3	22	22	8	8	1	1	1	1	7	7	4	4	2	2	1	1	6	6	4	4	5	5	7	7	2	2	3	3	53	53	36	36	1	1	4	4	3	3	3	3	2	2	2	2	2	2	7	7	2	2	6	6	2	2	2	2	2	2	1	1	1	1	1	1	4	4	2	2	63	63	33	33	3	3	1	1	30	30	24	24	3	3	6	6	1	1	8	8	2	2	2	2	2	2	3	3	4	4	4	4	7	7	4	4	4	4	3	3	1	1	1	1	1	1	1	1	4	4	4	4	4	4	3	3	1	1	2	2
IND00123	3	3	1	1	4	4	1	1	1	1	2	2	3	3	2	2	8	8	6	6	4	4	4	4	3	3	4	4	1	1	2	2	1	1	1	1	1	1	2	2	1	1	1	1	2	2	10	10	1	1	1	1	6	6	5	5	1	1	1	1	7	7	5	5	2	2	7	7	4	4	2	2	6	6	55	55	1	1	3	3	4	4	1	1	1	1	1	1	8	8	5	5	4	4	1	1	2	2	3	3	4	4	2	2	2	2	1	1	1	1	4	4	62	62	46	46	2	2	1	1	24	24	12	12	14	14	11	11	8	8	2	2	1	1	2	2	4	4	4	4	2	2	3	3	1	1	6	6	1	1	3	3	1	1	2	2	2	2	2	2	3	3	2	2	1	1	3	3	1	1	2	2
IND00124	3	3	3	3	2	2	1	1	2	2	1	1	4	4	5	5	7	7	6	6	2	2	1	1	4	4	1	1	1	1	1	1	1	1	1	1	2	2	2	2	4	4	4	4	21	21	27	27	2	2	1	1	3	3	4	4	1	1	1	1	2	2	6	6	6	6	1	1	2	2	2	2	18	18	64	64	6	6	6	6	2	2	4	4	2	2	2	2	1	1	7	7	1	1	8	8	4	4	4	4	1	1	1	1	2	2	2	2	3	3	1	1	25	25	43	43	1	1	1	1	18	18	18	18	13	13	2	2	8	8	5	5	1	1	1	1	1	1	2	2	2	2	1	1	2	2	5	5	3	3	1	1	1	1	1	1	2	2	1	1	1	1	4	4	3	3	1	1	1	1	2	2
IND00125	1	1	3	3	4	4	4	4	2	2	2	2	5	5	4	4	7	7	7	7	3	3	4	4	1	1	3	3	1	1	2	2	1	1	2	2	2	2	2	2	2	2	3	3	19	19	18	18	2	2	2	2	4	4	8	8	1	1	2	2	3	3	4	4	2	2	6	6	2	2	1	1	10	10	21	21	8	8	8	8	4	4	1	1	1	1	1	1	2	2	4	4	5	5	7	7	3	3	2	2	4	4	2	2	1	1	1	1	2	2	2	2	62	62	27	27	3	3	1	1	15	15	15	15	7	7	7	7	5	5	4	4	2	2	2	2	4	4	2	2	3	3	2	2	4	4	4	4	2	2	1	1	1	1	2	2	2	2	2	2	2	2	1	1	1	1	3	3	1	1	1	1
IND00126	3	3	2	2	2	2	3	3	1	1	2	2	1	1	4	4	5	5	6	6	2	2	3	3	3	3	2	2	1	1	2	2	1	1	1	1	1	1	2	2	3	3	1	1	31	31	6	6	2	2	1	1	1	1	1	1	2	2	1	1	3	3	4	4	8	8	2	2	1	1	4	4	26	26	17	17	3	3	5	5	2	2	1	1	1	1	1	1	7	7	7	7	8	8	2	2	1	1	4	4	1	1	4	4	2	2	1	1	1	1	1	1	30	30	51	51	2	2	4	4	29	29	8	8	15	15	9	9	5	5	4	4	1	1	2	2	3	3	1	1	4	4	3	3	2	2	5	5	1	1	2	2	1	1	2	2	1	1	1	1	1	1	1	1	2	2	2	2	1	1	2	2
IND00127	2	2	3	3	3	3	1	1	2	2	1	1	4	4	7	7	5	5	6	6	4	4	2	2	4	4	4	4	2	2	2	2	2	2	2	2	2	2	1	1	1	1	2	2	18	18	21	21	2	2	2	2	3	3	5	5	2	2	1	1	4	4	5	5	4	4	3	3	4	4	1	1	34	34	11	11	3	3	2	2	4	4	4	4	2	2	2	2	5	5	6	6	4	4	6	6	1	1	4	4	1	1	3	3	2	2	2	2	1	1	4	4	41	41	54	54	4	4	4	4	15	15	26	26	10	10	8	8	4	4	7	7	1	1	1	1	2	2	3	3	2	2	4	4	4	4	4	4	2	2	4	4	2	2	2	2	1	1	2	2	4	4	2	2	1	1	3	3	1	1	1	1
IND00128	3	3	1	1	1	1	3	3	1	1	2	2	8	8	6	6	5	5	8	8	3	3	3	3	2	2	1	1	1	1	1	1	1	1	2	2	2	2	2	2	2	2	4	4	5	5	10	10	1	1	2	2	5	5	5	5	2	2	2	2	1	1	1	1	2	2	5	5	2	2	4	4	57	57	36	36	5	5	4	4	3	3	2	2	1	1	2	2	5	5	7	7	8	8	7	7	3	3	4	4	4	4	1	1	1	1	1	1	4	4	3	3	7	7	12	12	2	2	1	1	11	11	7	7	8	8	15	15	4	4	6	6	2	2	2	2	4	4	4	4	3	3	4	4	1	1	7	7	3	3	1	1	2	2	1	1	2	2	1	1	2	2	2	2	3	3	3	3	1	1	1	1
IND00129	3	3	2	2	3	3	4	4	1	1	2	2	1	1	5	5	4	4	4	4	1	1	2	2	3	3	1	1	1	1	2	2	1	1	1	1	1	1	2	2	4	4	2	2	18	18	22	22	1	1	2	2	7	7	5	5	2	2	2	2	8	8	4	4	5	5	8	8	1	1	2	2	58	58	9	9	2	2	3	3	2	2	3	3	2	2	2	2	7	7	4	4	1	1	7	7	3	3	3	3	2	2	2	2	2	2	2	2	4	4	2	2	48	48	58	58	2	2	2	2	21	21	4	4	7	7	9	9	1	1	7	7	2	2	2	2	2	2	1	1	2	2	3	3	3	3	2	2	1	1	1	1	2	2	2	2	1	1	2	2	4	4	1	1	1	1	1	1	2	2	2	2
IND00130	3	3	2	2	2	2	1	1	2	2	2	2	4	4	4	4	6	6	8	8	4	4	4	4	1	1	3	3	2	2	1	1	2	2	1	1	1	1	2	2	1	1	2	2	11	11	6	6	2	2	1	1	8	8	2	2	1	1	2	2	7	7	1	1	2	2	7	7	4	4	1	1	44	44	35	35	3	3	1	1	2	2	4	4	1	1	1	1	2	2	5	5	6	6	1	1	1	1	3	3	3	3	2	2	2	2	1	1	1	1	3	3	19	19	24	24	2	2	4	4	28	28	14	14	10	10	4	4	4	4	4	4	2	2	1	1	4	4	1	1	3	3	2	2	5	5	5	5	4	4	4	4	2	2	2	2	2	2	1	1	3	3	1	1	3	3	4	4	2	2	2	2
IND00131	2	2	4	4	3	3	2	2	1	1	2	2	7	7	6	6	1	1	7	7	3	3	3	3	3	3	2	2	2	2	2	2	2	2	1	1	1	1	2	2	2	2	1	1	15	15	29	29	1	1	1	1	8	8	1	1	2	2	2	2	7	7	4	4	3	3	5	5	2	2	4	4	22	22	40	40	4	4	4	4	1	1	2	2	1	1	2	2	4	4	7	7	5	5	2	2	4	4	1	1	1	1	2	2	1	1	2	2	4	4	4	4	8	8	61	61	1	1	3	3	11	11	26	26	11	11	16	16	3	3	6	6	1	1	1	1	2	2	3	3	3	3	1	1	3	3	1	1	4	4	4	4	2	2	1	1	1	1	2	2	4	4	4	4	3	3	4	4	1	1	2	2
IND00132	1	1	4	4	3	3	1	1	1	1	1	1	3	3	1	1	8	8	7	7	2	2	3	3	2	2	1	1	2	2	1	1	2	2	1	1	2	2	2	2	3	3	2	2	4	4	18	18	2	2	1	1	2	2	3	3	2	2	1	1	6	6	7	7	4	4	6	6	2	2	3	3	59	59	5	5	6	6	6	6	2	2	1	1	1	1	1	1	4	4	3	3	6	6	3	3	2	2	1	1	3	3	1	1	2	2	2	2	4	4	1	1	26	26	33	33	2	2	3	3	29	29	9	9	15	15	9	9	3	3	2	2	1	1	2	2	1	1	4	4	4	4	4	4	3	3	3	3	3	3	1	1	2	2	2	2	1	1	2	2	3	3	1	1	1	1	4	4	2	2	2	2
IND00133	3	3	1	1	1	1	3	3	1	1	2	2	3	3	5	5	1	1	7	7	2	2	2	2	3	3	1	1	2	2	2	2	1	1	2	2	2	2	1	1	1	1	4	4	31	31	5	5	1	1	1	1	4	4	6	6	1	1	2	2	8	8	5	5	8	8	5	5	3	3	2	2	8	8	37	37	3	3	6	6	4	4	1	1	1	1	2	2	1	1	6	6	4	4	1	1	1	1	4	4	3	3	1	1	2	2	1	1	1	1	2	2	56	56	31	31	4	4	3	3	10	10	2	2	16	16	13	13	1	1	1	1	1	1	1	1	2	2	4	4	3	3	4	4	7	7	4	4	3	3	4	4	1	1	2	2	1	1	1	1	4	4	3	3	3	3	4	4	1	1	1	1
IND00134	2	2	3	3	1	1	1	1	2	2	1	1	4	4	2	2	1	1	1	1	1	1	1	1	4	4	4	4	1	1	1	1	1	1	2	2	2	2	2	2	4	4	3	3	9	9	28	28	1	1	1	1	7	7	8	8	1	1	2	2	6	6	8	8	8	8	2	2	3	3	3	3	49	49	62	62	6	6	5	5	2	2	2	2	1	1	2	2	3	3	4	4	8	8	2	2	1	1	3	3	2	2	4	4	2	2	2	2	3	3	1	1	3	3	21	21	1	1	2	2	22	22	28	28	5	5	13	13	2	2	7	7	2	2	1	1	4	4	3	3	3	3	4	4	1	1	8	8	2	2	4	4	1	1	2	2	2	2	1	1	4	4	3	3	4	4	2	2	2	2	2	2
IND00135	1	1	2	2	4	4	3	3	1	1	2	2	3	3	3	3	5	5	5	5	3	3	2	2	3	3	2	2	2	2	1	1	1	1	2	2	2	2	1	1	2	2	1	1	21	21	27	27	1	1	2	2	6	6	6	6	2	2	2	2	4	4	8	8	5	5	6	6	2	2	1	1	49	49	10	10	6	6	7	7	4	4	4	4	2	2	1	1	8	8	8	8	7	7	5	5	2	2	1	1	3	3	1	1	2	2	1	1	3	3	1	1	36	36	33	33	4	4	2	2	21	21	24	24	9	9	9	9	8	8	4	4	2	2	2	2	1	1	4	4	1	1	4	4	6	6	5	5	2	2	3	3	1	1	1	1	2	2	2	2	4	4	1	1	3	3	1	1	1	1	1	1
IND00136	2	2	1	1	1	1	4	4	2	2	2	2	3	3	3	3	7	7	5	5	3	3	1	1	3	3	3	3	1	1	1	1	2	2	2	2	1	1	2	2	4	4	3	3	1	1	3	3	2	2	1	1	6	6	2	2	1	1	1	1	2	2	2	2	1	1	8	8	4	4	1	1	59	59	45	45	1	1	1	1	4	4	3	3	1	1	2	2	1	1	4	4	8	8	8	8	4	4	2	2	2	2	4	4	1	1	1	1	2	2	3	3	18	18	21	21	1	1	2	2	7	7	17	17	9	9	6	6	8	8	2	2	1	1	1	1	3	3	4	4	4	4	4	4	3	3	2	2	4	4	3	3	1	1	2	2	1	1	2	2	4	4	3	3	1	1	2	2	2	2	1	1
IND00137	2	2	4	4	1	1	1	1	1	1	1	1	2	2	2	2	2	2	7	7	2	2	2	2	1	1	4	4	2	2	1	1	1	1	2	2	2	2	1	1	2	2	1	1	12	12	29	29	2	2	1	1	5	5	4	4	2	2	1	1	6	6	1	1	3	3	2	2	1	1	2	2	7	7	53	53	2	2	1	1	4	4	4	4	2	2	1	1	4	4	8	8	3	3	2	2	2	2	3	3	4	4	2	2	1	1	1	1	1	1	4	4	41	41	64	64	2	2	4	4	25	25	28	28	7	7	11	11	8	8	1	1	2	2	1	1	3	3	1	1	4	4	4	4	7	7	3	3	4	4	3	3	1	1	1	1	1	1	1	1	4	4	4	4	4	4	2	2	2	2	2	2
IND00138	1	1	1	1	4	4	1	1	1	1	2	2	4	4	2	2	2	2	6	6	3	3	2	2	2	2	1	1	2	2	1	1	2	2	2	2	1	1	1	1	2	2	3	3	11	11	27	27	1	1	2	2	5	5	4	4	2	2	2	2	6	6	7	7	6	6	6	6	4	4	2	2	28	28	33	33	4	4	6	6	2	2	3	3	1	1	2	2	4	4	5	5	2	2	2	2	1	1	4	4	3	3	2	2	1	1	2	2	4	4	4	4	42	42	61	61	4	4	2	2	21	21	6	6	1	1	3	3	5	5	3	3	1	1	1	1	4	4	1	1	1	1	3	3	8	8	1	1	1	1	4	4	2	2	2	2	2	2	1	1	3	3	4	4	2	2	3	3	2	2	2	2
IND00139	2	2	1	1	3	3	3	3	1	1	2	2	3	3	2	2	2	2	5	5	4	4	3	3	1	1	2	2	2	2	1	1	1	1	2	2	2	2	2	2	4	4	1	1	6	6	32	32	2	2	1	1	2	2	3	3	1	1	2	2	7	7	7	7	6	6	7	7	2	2	2	2	6	6	1	1	3	3	8	8	1	1	4	4	2	2	1	1	3	3	8	8	6	6	8	8	4	4	4	4	3	3	4	4	2	2	2	2	1	1	4	4	52	52	25	25	3	3	1	1	6	6	32	32	16	16	9	9	7	7	5	5	2	2	1	1	1	1	4	4	3	3	2	2	7	7	1	1	4	4	1	1	1	1	1	1	2	2	2	2	3	3	1	1	3	3	3	3	1	1	2	2
IND00140	1	1	2	2	2	2	4	4	1	1	1	1	4	4	7	7	4	4	4	4	4	4	3	3	3	3	2	2	2	2	2	2	1	1	2	2	2	2	2	2	3	3	1	1	9	9	9	9	1	1	1	1	2	2	4	4	1	1	1	1	3	3	3	3	3	3	6	6	4	4	2	2	48	48	12	12	3	3	8	8	1	1	4	4	2	2	1	1	2	2	5	5	2	2	6	6	2	2	3	3	1	1	3	3	1	1	1	1	1	1	4	4	40	40	12	12	1	1	2	2	14	14	19	19	6	6	6	6	2	2	4	4	1	1	1	1	4	4	1	1	3	3	2	2	6	6	6	6	1	1	4	4	1	1	1	1	1	1	1	1	3	3	1	1	1	1	3	3	1	1	1	1
IND00141	4	4	2	2	4	4	2	2	1	1	1	1	2	2	7	7	7	7	4	4	2	2	4	4	3	3	4	4	1	1	1	1	1	1	2	2	2	2	2	2	3	3	4	4	5	5	11	11	1	1	1	1	8	8	4	4	1	1	1	1	6	6	7	7	8	8	5	5	1	1	1	1	22	22	52	52	6	6	5	5	2	2	4	4	1	1	2	2	7	7	5	5	2	2	5	5	4	4	2	2	4	4	3	3	1	1	1	1	2	2	4	4	33	33	8	8	4	4	3	3	5	5	25	25	6	6	3	3	8	8	3	3	1	1	1	1	4	4	1	1	4	4	1	1	8	8	6	6	3	3	1	1	2	2	2	2	2	2	1	1	3	3	3	3	2	2	2	2	1	1	2	2
IND00142	3	3	1	1	4	4	1	1	1	1	1	1	3	3	7	7	4	4	1	1	4	4	3	3	3	3	3	3	1	1	1	1	1	1	2	2	1	1	1	1	3	3	4	4	27	27	15	15	2	2	1	1	3	3	4	4	1	1	2	2	3	3	8	8	4	4	1	1	1	1	4	4	2	2	42	42	7	7	2	2	2	2	2	2	2	2	1	1	2	2	1	1	1	1	5	5	1	1	1	1	3	3	3	3	2	2	1	1	3	3	4	4	50	50	5	5	2	2	4	4	1	1	27	27	4	4	13	13	1	1	1	1	2	2	1	1	1	1	3	3	2	2	3	3	8	8	1	1	4	4	4	4	1	1	2	2	2	2	1	1	4	4	3	3	2	2	2	2	1	1	1	1
IND00143	2	2	1	1	1	1	3	3	2	2	1	1	5	5	6	6	6	6	8	8	3	3	2	2	1	1	3	3	1	1	2	2	2	2	2	2	2	2	2	2	3	3	3	3	18	18	25	25	1	1	2	2	1	1	6	6	1	1	1	1	4	4	3	3	7	7	7	7	4	4	3	3	27	27	44	44	7	7	4	4	2	2	2	2	1	1	1	1	8	8	8	8	4	4	1	1	2	2	2	2	4	4	1	1	1	1	1	1	2	2	4	4	6	6	2	2	4	4	3	3	20	20	31	31	5	5	10	10	6	6	6	6	2	2	1	1	4	4	4	4	1	1	1	1	4	4	3	3	1	1	4	4	2	2	1	1	2	2	1	1	3	3	2	2	2	2	4	4	1	1	1	1
IND00144	3	3	2	2	2	2	1	1	2	2	1	1	8	8	4	4	1	1	3	3	1	1	4	4	3	3	4	4	2	2	2	2	2	2	2	2	2	2	2	2	4	4	1	1	14	14	15	15	2	2	1	1	1	1	3	3	2	2	1	1	2	2	8	8	3	3	4	4	1	1	1	1	10	10	4	4	8	8	5	5	4	4	4	4	2	2	1	1	1	1	2	2	3	3	7	7	3	3	1	1	2	2	2	2	1	1	1	1	3	3	3	3	40	40	19	19	2	2	4	4	22	22	12	12	1	1	8	8	7	7	2	2	2	2	2	2	3	3	2	2	1	1	1	1	1	1	6	6	2	2	1	1	1	1	2	2	2	2	2	2	4	4	3	3	3	3	2	2	2	2	1	1
IND00145	4	4	4	4	4	4	2	2	1	1	2	2	7	7	3	3	7	7	2	2	4	4	2	2	4	4	3	3	2	2	1	1	1	1	1	1	2	2	1	1	4	4	4	4	24	24	21	21	2	2	2	2	4	4	3	3	1	1	1	1	8	8	6	6	1	1	1	1	1	1	3	3	39	39	14	14	6	6	4	4	1	1	3	3	1	1	1	1	7	7	5	5	1	1	4	4	1	1	2	2	4	4	2	2	2	2	1	1	2	2	1	1	64	64	63	63	4	4	1	1	24	24	13	13	5	5	13	13	4	4	4	4	1	1	2	2	1	1	1	1	3	3	2	2	7	7	1	1	1	1	3	3	1	1	2	2	2	2	1	1	1	1	2	2	3	3	3	3	1	1	2	2
IND00146	1	1	3	3	3	3	2	2	2	2	2	2	1	1	5	5	1	1	7	7	2	2	3	3	2	2	4	4	1	1	1	1	1	1	2	2	1	1	2	2	4	4	1	1	24	24	13	13	2	2	1	1	2	2	5	5	2	2	1	1	7	7	2	2	1	1	2	2	1	1	1	1	21	21	52	52	8	8	2	2	3	3	1	1	2	2	1	1	5	5	2	2	2	2	7	7	2	2	2	2	2	2	2	2	1	1	1	1	1	1	1	1	44	44	18	18	3	3	4	4	1	1	16	16	5	5	6	6	6	6	4	4	2	2	2	2	4	4	3	3	2	2	2	2	8	8	1	1	3	3	1	1	1	1	1	1	1	1	2	2	4	4	4	4	3	3	3	3	2	2	1	1
IND00147	3	3	2	2	1	1	4	4	1	1	1	1	3	3	2	2	7	7	8	8	1	1	3	3	4	4	1	1	1	1	2	2	1	1	1	1	1	1	2	2	3	3	3	3	26	26	28	28	2	2	2	2	8	8	4	4	1	1	2	2	3	3	5	5	8	8	5	5	3	3	2	2	10	10	47	47	5	5	1	1	1	1	4	4	1	1	1	1	1	1	7	7	4	4	6	6	1	1	2	2	4	4	4	4	2	2	1	1	2	2	1	1	23	23	25	25	1	1	2	2	9	9	20	20	10	10	12	12	1	1	8	8	2	2	1	1	3	3	3	3	1	1	1	1	5	5	8	8	3	3	4	4	1	1	2	2	1	1	1	1	3	3	3	3	3	3	1	1	1	1	2	2
IND00148	4	4	1	1	1	1	3	3	2	2	1	1	4	4	8	8	7	7	6	6	2	2	1	1	3	3	4	4	2	2	1	1	1	1	2	2	2	2	1	1	4	4	2	2	22	22	27	27	1	1	2	2	1	1	6	6	1	1	2	2	7	7	1	1	8	8	2	2	3	3	3	3	43	43	16	16	6	6	6	6	2	2	4	4	2	2	1	1	2	2	7	7	6	6	4	4	4	4	1	1	4	4	3	3	1	1	1	1	3	3	1	1	47	47	27	27	4	4	1	1	19	19	16	16	14	14	2	2	1	1	2	2	2	2	1	1	3	3	2	2	4	4	4	4	2	2	8	8	1	1	2	2	2	2	2	2	1	1	1	1	4	4	4	4	1	1	2	2	2	2	1	1
IND00149	1	1	2	2	4	4	1	1	1	1	1	1	4	4	3	3	7	7	8	8	4	4	1	1	3	3	3	3	1	1	2	2	2	2	2	2	1	1	1	1	3	3	4	4	4	4	28	28	1	1	2	2	3	3	7	7	2	2	2	2	2	2	2	2	1	1	6	6	3	3	1	1	62	62	46	46	2	2	1	1	4	4	1	1	1	1	2	2	7	7	6	6	3	3	4	4	1	1	1	1	4	4	3	3	1	1	2	2	4	4	4	4	62	62	12	12	4	4	3	3	9	9	32	32	6	6	5	5	1	1	3	3	1	1	1	1	3	3	1	1	2	2	4	4	2	2	5	5	2	2	1	1	2	2	1	1	2	2	1	1	3	3	3	3	4	4	4	4	1	1	1	1
IND00150	4	4	4	4	3	3	4	4	2	2	1	1	3	3	7	7	3	3	2	2	4	4	2	2	3	3	2	2	2	2	2	2	1	1	2	2	2	2	2	2	4	4	1	1	4	4	31	31	2	2	2	2	3	3	6	6	2	2	2	2	4	4	8	8	1	1	1	1	3	3	1	1	14	14	21	21	5	5	8	8	3	3	4	4	1	1	2	2	2	2	4	4	8	8	3	3	3	3	4	4	1	1	3	3	1	1	1	1	1	1	4	4	11	11	61	61	3	3	4	4	20	20	21	21	2	2	14	14	5	5	6	6	2	2	2	2	3	3	1	1	3	3	4	4	4	4	8	8	3	3	4	4	1	1	2	2	2	2	1	1	2	2	4	4	4	4	4	4	2	2	2	2
IND00151	2	2	2	2	1	1	2	2	1	1	2	2	2	2	4	4	2	2	4	4	2	2	2	2	3	3	1	1	1	1	1	1	1	1	2	2	1	1	2	2	2	2	1	1	1	1	7	7	1	1	1	1	4	4	8	8	1	1	1	1	1	1	4	4	1	1	8	8	4	4	1	1	53	53	22	22	8	8	6	6	2	2	2	2	2	2	2	2	6	6	6	6	4	4	2	2	2	2	1	1	2	2	3	3	1	1	2	2	4	4	2	2	44	44	31	31	4	4	1	1	13	13	16	16	12	12	1	1	3	3	1	1	1	1	1	1	4	4	2	2	3	3	1	1	1	1	5	5	3	3	1	1	1	1	1	1	2	2	2	2	1	1	2	2	1	1	1	1	2	2	1	1
IND00152	1	1	4	4	4	4	2	2	1	1	2	2	8	8	3	3	8	8	2	2	1	1	3	3	1	1	4	4	1	1	1	1	2	2	2	2	1	1	2	2	3	3	4	4	32	32	31	31	1	1	1	1	2	2	2	2	1	1	2	2	4	4	3	3	4	4	6	6	3	3	4	4	10	10	5	5	8	8	2	2	4	4	2	2	2	2	2	2	7	7	6	6	6	6	3	3	1	1	1	1	4	4	2	2	2	2	1	1	3	3	3	3	29	29	12	12	2	2	2	2	7	7	8	8	3	3	14	14	7	7	3	3	2	2	2	2	1	1	1	1	4	4	3	3	3	3	8	8	3	3	3	3	1	1	2	2	1	1	2	2	1	1	2	2	3	3	1	1	2	2	2	2
IND00153	4	4	3	3	2	2	2	2	1	1	1	1	4	4	1	1	5	5	6	6	4	4	3	3	4	4	1	1	2	2	2	2	1	1	2	2	2	2	1	1	3	3	3	3	28	28	27	27	2	2	2	2	1	1	2	2	1	1	1	1	2	2	4	4	6	6	1	1	3	3	1	1	12	12	15	15	8	8	4	4	3	3	2	2	2	2	1	1	2	2	6	6	6	6	2	2	2	2	3	3	1	1	2	2	1	1	1	1	1	1	1	1	61	61	61	61	2	2	1	1	1	1	23	23	11	11	1	1	5	5	6	6	2	2	2	2	3	3	4	4	4	4	2	2	8	8	6	6	4	4	2	2	2	2	1	1	2	2	1	1	3	3	2	2	2	2	4	4	2	2	2	2
IND00154	1	1	3	3	4	4	3	3	2	2	1	1	4	4	1	1	1	1	3	3	2	2	2	2	2	2	2	2	1	1	2	2	2	2	2	2	1	1	1	1	3	3	1	1	8	8	7	7	1	1	2	2	2	2	2	2	2	2	2	2	7	7	8	8	7	7	7	7	1	1	4	4	47	47	8	8	8	8	3	3	3	3	4	4	1	1	1	1	7	7	2	2	6	6	6	6	2	2	1	1	1	1	2	2	2	2	1	1	2	2	2	2	39	39	52	52	3	3	3	3	23	23	8	8	13	13	9	9	2	2	8	8	1	1	2	2	4	4	4	4	1	1	4	4	5	5	2	2	3	3	3	3	2	2	2	2	1	1	2	2	4	4	1	1	4	4	1	1	1	1	1	1
IND00155	2	2	1	1	2	2	2	2	1	1	1	1	5	5	2	2	1	1	7	7	3	3	4	4	3	3	4	4	1	1	2	2	2	2	2	2	2	2	2	2	1	1	2	2	19	19	19	19	2	2	2	2	6	6	7	7	1	1	1	1	1	1	5	5	6	6	7	7	4	4	2	2	22	22	41	41	3	3	1	1	2	2	1	1	2	2	2	2	2	2	7	7	5	5	8	8	2	2	4	4	2	2	3	3	2	2	1	1	3	3	4	4	1	1	7	7	4	4	3	3	2	2	5	5	1	1	13	13	8	8	8	8	2	2	2	2	4	4	4	4	2	2	4	4	8	8	7	7	4	4	1	1	2	2	2	2	2	2	2	2	2	2	1	1	2	2	2	2	1	1	2	2
IND00156	2	2	3	3	3	3	2	2	1	1	1	1	6	6	6	6	3	3	8	8	3	3	1	1	3	3	3	3	2	2	1	1	1	1	1	1	2	2	1	1	2	2	2	2	22	22	21	21	1	1	1	1	7	7	1	1	1	1	1	1	3	3	4	4	8	8	8	8	3	3	3	3	33	33	58	58	2	2	6	6	4	4	3	3	1	1	1	1	3	3	5	5	6	6	5	5	1	1	3	3	3	3	2	2	1	1	2	2	1	1	2	2	30	30	57	57	1	1	3	3	3	3	3	3	7	7	6	6	2	2	7	7	2	2	2	2	1	1	2	2	1	1	2	2	3	3	2	2	3	3	2	2	2	2	1	1	1	1	1	1	2	2	2	2	3	3	2	2	2	2	2	2
IND00157	4	4	1	1	2	2	4	4	2	2	2	2	5	5	8	8	7	7	4	4	1	1	1	1	4	4	1	1	2	2	1	1	2	2	2	2	2	2	1	1	3	3	2	2	17	17	13	13	2	2	2	2	7	7	3	3	1	1	1	1	7	7	7	7	1	1	7	7	2	2	2	2	63	63	10	10	5	5	2	2	1	1	1	1	2	2	2	2	8	8	8	8	7	7	7	7	3	3	1	1	2	2	2	2	2	2	2	2	1	1	1	1	42	42	37	37	3	3	1	1	6	6	6	6	4	4	8	8	4	4	8	8	1	1	2	2	4	4	3	3	3	3	4	4	4	4	1	1	3	3	3	3	2	2	1	1	1	1	1	1	1	1	2	2	4	4	2	2	2	2	2	2
IND00158	3	3	4	4	2	2	4	4	2	2	1	1	7	7	6	6	6	6	4	4	1	1	4	4	3	3	1	1	2	2	2	2	2	2	1	1	1	1	1	1	3	3	4	4	14	14	30	30	2	2	2	2	7	7	5	5	2	2	1	1	6	6	6	6	2	2	7	7	4	4	4	4	10	10	34	34	4	4	1	1	2	2	4	4	1	1	1	1	6	6	1	1	7	7	6	6	3	3	2	2	4	4	1	1	2	2	2	2	1	1	3	3	34	34	36	36	2	2	4	4	15	15	32	32	13	13	9	9	6	6	4	4	2	2	2	2	3	3	2	2	3	3	3	3	6	6	5	5	3	3	1	1	2	2	2	2	2	2	1	1	2	2	2	2	2	2	4	4	1	1	1	1
IND00159	2	2	1	1	2	2	4	4	2	2	2	2	7	7	4	4	6	6	7	7	4	4	1	1	1	1	2	2	2	2	1	1	2	2	1	1	2	2	1	1	2	2	3	3	21	21	25	25	1	1	2	2	8	8	5	5	1	1	2	2	8	8	8	8	8	8	1	1	3	3	1	1	19	19	11	11	3	3	7	7	2	2	4	4	2	2	2	2	5	5	4	4	6	6	6	6	4	4	1	1	2	2	4	4	2	2	1	1	2	2	3	3	17	17	15	15	4	4	3	3	22	22	14	14	1	1	16	16	7	7	8	8	2	2	1	1	2	2	4	4	1	1	1	1	2	2	5	5	4	4	3	3	1	1	1	1	1	1	2	2	1	1	2	2	3	3	4	4	2	2	1	1
IND00160	2	2	3	3	2	2	2	2	1	1	1	1	8	8	6	6	5	5	4	4	3	3	1	1	1	1	3	3	2	2	1	1	1	1	1	1	1	1	2	2	1	1	1	1	7	7	8	8	1	1	2	2	7	7	5	5	2	2	1	1	8	8	1	1	1	1	2	2	3	3	3	3	47	47	4	4	4	4	3	3	1	1	1	1	1	1	2	2	2	2	7	7	7	7	8	8	3	3	4	4	2	2	2	2	1	1	1	1	1	1	3	3	36	36	8	8	2	2	4	4	12	12	21	21	4	4	4	4	4	4	5	5	1	1	2	2	2	2	3	3	4	4	2	2	1	1	7	7	1	1	1	1	2	2	1	1	1	1	1	1	2	2	2	2	1	1	4	4	1	1	1	1
IND00161	4	4	4	4	2	2	4	4	2	2	1	1	4	4	2	2	8	8	4	4	2	2	3	3	2	2	2	2	2	2	1	1	2	2	2	2	2	2	1	1	4	4	2	2	10	10	22	22	1	1	2	2	8	8	3	3	2	2	1	1	3	3	4	4	8	8	3	3	4	4	2	2	21	21	17	17	5	5	8	8	3	3	1	1	1	1	2	2	6	6	2	2	3	3	3	3	1	1	2	2	2	2	2	2	2	2	2	2	3	3	4	4	9	9	60	60	2	2	2	2	12	12	18	18	12	12	3	3	5	5	7	7	1	1	1	1	3	3	4	4	2	2	2	2	6	6	6	6	1	1	4	4	2	2	1	1	2	2	2	2	4	4	4	4	1	1	1	1	2	2	1	1
IND00162	1	1	3	3	2	2	1	1	1	1	1	1	6	6	8	8	5	5	8	8	2	2	2	2	2	2	2	2	2	2	1	1	2	2	2	2	1	1	1	1	4	4	2	2	2	2	18	18	1	1	1	1	5	5	8	8	1	1	1	1	2	2	5	5	5	5	1	1	1	1	1	1	6	6	43	43	2	2	8	8	1	1	4	4	1	1	2	2	4	4	4	4	8	8	2	2	4	4	3	3	1	1	1	1	1	1	2	2	3	3	1	1	42	42	26	26	3	3	1	1	4	4	1	1	9	9	15	15	7	7	7	7	1	1	2	2	3	3	3	3	2	2	3	3	4	4	4	4	1	1	1	1	1	1	2	2	1	1	1	1	2	2	3	3	4	4	1	1	2	2	2	2
IND00163	1	1	1	1	4	4	1	1	2	2	1	1	5	5	1	1	3	3	7	7	2	2	4	4	2	2	3	3	2	2	1	1	2	2	2	2	1	1	2	2	4	4	4	4	32	32	7	7	2	2	1	1	7	7	4	4	1	1	1	1	4	4	8	8	6	6	3	3	2	2	1	1	6	6	49	49	3	3	6	6	3	3	4	4	1	1	2	2	1	1	2	2	5	5	3	3	3	3	1	1	3	3	4	4	2	2	1	1	1	1	3	3	49	49	5	5	2	2	3	3	28	28	19	19	1	1	7	7	7	7	3	3	1	1	1	1	2	2	3	3	2	2	3	3	3	3	8	8	1	1	3	3	1	1	1	1	2	2	2	2	1	1	4	4	1	1	2	2	1	1	1	1
IND00164	2	2	2	2	3	3	4	4	2	2	2	2	5	5	3	3	4	4	3	3	3	3	1	1	4	4	4	4	2	2	2	2	2	2	2	2	2	2	1	1	2	2	2	2	32	32	12	12	1	1	1	1	3	3	2	2	1	1	1	1	3	3	1	1	7	7	7	7	2	2	1	1	34	34	8	8	4	4	7	7	1	1	4	4	2	2	1	1	6	6	3	3	8	8	2	2	4	4	3	3	2	2	1	1	2	2	1	1	2	2	2	2	39	39	31	31	3	3	1	1	25	25	25	25	16	16	11	11	6	6	4	4	1	1	1	1	2	2	4	4	3	3	3	3	5	5	3	3	4	4	2	2	1	1	1	1	1	1	2	2	4	4	4	4	1	1	3	3	2	2	2	2
IND00165	2	2	3	3	4	4	3	3	2	2	1	1	7	7	3	3	3	3	4	4	1	1	3	3	4	4	1	1	1	1	1	1	1	1	2	2	2	2	2	2	4	4	1	1	32	32	21	21	1	1	2	2	5	5	3	3	1	1	2	2	1	1	7	7	3	3	6	6	2	2	1	1	37	37	36	36	4	4	3	3	4	4	4	4	1	1	2	2	1	1	1	1	3	3	3	3	1	1	3	3	1	1	1	1	1	1	2	2	4	4	4	4	38	38	51	51	3	3	4	4	8	8	22	22	14	14	12	12	1	1	5	5	2	2	1	1	1	1	3	3	1	1	3	3	4	4	2	2	1	1	1	1	1	1	2	2	1	1	1	1	2	2	1	1	2	2	1	1	1	1	1	1
IND00166	2	2	2	2	3	3	2	2	2	2	2	2	2	2	1	1	6	6	4	4	3	3	2	2	1	1	2	2	2	2	2	2	2	2	2	2	2	2	2	2	3	3	3	3	9	9	9	9	2	2	1	1	7	7	6	6	1	1	2	2	1	1	2	2	6	6	8	8	3	3	3	3	56	56	36	36	4	4	3	3	2	2	2	2	1	1	2	2	7	7	7	7	7	7	6	6	4	4	3	3	3	3	1	1	2	2	2	2	3	3	4	4	59	59	24	24	2	2	3	3	11	11	16	16	15	15	7	7	2	2	6	6	1	1	1	1	4	4	3	3	3	3	1	1	1	1	3	3	3	3	2	2	2	2	1	1	1	1	2	2	2	2	3	3	1	1	4	4	2	2	2	2
IND00167	4	4	1	1	4	4	3	3	1	1	2	2	7	7	1	1	2	2	2	2	3	3	3	3	2	2	4	4	1	1	1	1	1	1	1	1	2	2	2	2	4	4	4	4	12	12	19	19	1	1	1	1	7	7	3	3	1	1	2	2	3	3	7	7	4	4	8	8	2	2	1	1	50	50	11	11	4	4	5	5	3	3	2	2	2	2	1	1	8	8	1	1	5	5	8	8	1	1	3	3	3	3	3	3	2	2	2	2	2	2	3	3	36	36	31	31	4	4	4	4	6	6	32	32	7	7	10	10	7	7	3	3	2	2	2	2	4	4	2	2	1	1	2	2	6	6	8	8	2	2	3	3	1	1	2	2	1	1	2	2	4	4	3	3	1	1	1	1	1	1	2	2
IND00168	3	3	3	3	4	4	3	3	2	2	2	2	4	4	4	4	1	1	1	1	3	3	3	3	3	3	1	1	1	1	2	2	1	1	2	2	1	1	1	1	3	3	1	1	18	18	10	10	2	2	2	2	7	7	7	7	1	1	1	1	1	1	5	5	6	6	3	3	3	3	4	4	8	8	21	21	2	2	3	3	1	1	4	4	2	2	1	1	6	6	4	4	4	4	3	3	1	1	2	2	1	1	1	1	2	2	2	2	1	1	2	2	60	60	57	57	2	2	2	2	28	28	19	19	7	7	15	15	8	8	7	7	1	1	2	2	1	1	2	2	1	1	1	1	6	6	8	8	2	2	4	4	1	1	2	2	2	2	1	1	1	1	1	1	2	2	1	1	1	1	2	2
IND00169	2	2	3	3	4	4	2	2	1	1	2	2	3	3	2	2	3	3	3	3	4	4	3	3	2	2	2	2	1	1	1	1	2	2	1	1	2	2	2	2	4	4	1	1	15	15	9	9	2	2	2	2	5	5	8	8	2	2	2	2	5	5	7	7	5	5	6	6	2	2	3	3	59	59	45	45	6	6	7	7	1	1	4	4	2	2	2	2	3	3	7	7	7	7	8	8	4	4	2	2	2	2	4	4	1	1	2	2	4	4	2	2	43	43	52	52	3	3	1	1	14	14	27	27	11	11	2	2	4	4	4	4	2	2	1	1	2	2	4	4	2	2	2	2	6	6	2	2	2	2	4	4	1	1	1	1	1	1	1	1	1	1	3	3	2	2	3	3	1	1	2	2
IND00170	3	3	2	2	2	2	4	4	1	1	1	1	2	2	7	7	6	6	7	7	1	1	1	1	3	3	1	1	1	1	2	2	1	1	1	1	2	2	1	1	2	2	4	4	13	13	17	17	2	2	2	2	6	6	8	8	1	1	2	2	5	5	8	8	7	7	4	4	2	2	1	1	48	48	52	52	7	7	8	8	2	2	2	2	2	2	1	1	3	3	5	5	7	7	7	7	1	1	2	2	2	2	4	4	2	2	2	2	1	1	2	2	43	43	61	61	1	1	1	1	30	30	24	24	15	15	1	1	7	7	1	1	2	2	2	2	4	4	4	4	1	1	1	1	6	6	4	4	3	3	1	1	1	1	1	1	1	1	1	1	1	1	3	3	3	3	4	4	2	2	1	1
IND00171	3	3	2	2	1	1	4	4	1	1	1	1	4	4	8	8	8	8	5	5	3	3	1	1	4	4	2	2	1	1	2	2	2	2	2	2	2	2	1	1	3	3	3	3	20	20	30	30	2	2	2	2	8	8	8	8	1	1	1	1	3	3	2	2	4	4	8	8	3	3	3	3	62	62	62	62	4	4	3	3	1	1	3	3	1	1	2	2	5	5	1	1	5	5	5	5	3	3	4	4	2	2	2	2	1	1	2	2	1	1	3	3	55	55	15	15	3	3	4	4	20	20	1	1	4	4	1	1	3	3	6	6	1	1	2	2	4	4	2	2	4	4	2	2	5	5	6	6	4	4	4	4	2	2	2	2	1	1	2	2	4	4	2	2	1	1	2	2	1	1	1	1
IND00172	4	4	1	1	2	2	3	3	1	1	2	2	8	8	1	1	8	8	6	6	2	2	2	2	2	2	2	2	1	1	2	2	2	2	2	2	2	2	1	1	1	1	2	2	3	3	20	20	1	1	2	2	3	3	1	1	1	1	2	2	6	6	2	2	7	7	7	7	3	3	3	3	40	40	31	31	1	1	4	4	4	4	1	1	2	2	2	2	4	4	8	8	4	4	8	8	3	3	3	3	3	3	3	3	1	1	2	2	4	4	4	4	9	9	24	24	3	3	4	4	1	1	18	18	3	3	6	6	2	2	1	1	1	1	1	1	2	2	3	3	2	2	3	3	7	7	7	7	4	4	2	2	2	2	1	1	1	1	2	2	4	4	3	3	1	1	3	3	2	2	2	2
IND00173	4	4	2	2	2	2	1	1	1	1	1	1	6	6	4	4	8	8	1	1	3	3	2	2	1	1	1	1	2	2	1	1	2	2	1	1	2	2	1	1	1	1	2	2	28	28	6	6	1	1	2	2	7	7	4	4	2	2	2	2	8	8	7	7	2	2	5	5	4	4	4	4	28	28	26	26	4	4	5	5	3	3	4	4	1	1	1	1	4	4	3	3	5	5	5	5	1	1	2	2	2	2	2	2	2	2	2	2	4	4	1	1	50	50	41	41	3	3	3	3	22	22	15	15	9	9	1	1	7	7	1	1	2	2	1	1	1	1	2	2	4	4	3	3	3	3	4	4	2	2	1	1	2	2	1	1	1	1	1	1	3	3	3	3	2	2	4	4	2	2	1	1
IND00174	2	2	2	2	1	1	1	1	1	1	1	1	3	3	3	3	8	8	3	3	1	1	2	2	1	1	1	1	1	1	1	1	1	1	2	2	2	2	2	2	4	4	4	4	27	27	32	32	1	1	1	1	7	7	1	1	1	1	2	2	7	7	2	2	5	5	6	6	2	2	4	4	1	1	50	50	6	6	4	4	4	4	2	2	1	1	2	2	5	5	3	3	6	6	3	3	2	2	3	3	2	2	2	2	1	1	2	2	3	3	2	2	44	44	36	36	2	2	2	2	6	6	10	10	11	11	13	13	6	6	6	6	1	1	1	1	1	1	4	4	1	1	3	3	8	8	4	4	2	2	4	4	2	2	1	1	2	2	1	1	3	3	3	3	3	3	2	2	2	2	2	2
IND00175	4	4	4	4	1	1	1	1	2	2	2	2	8	8	3	3	8	8	7	7	2	2	1	1	4	4	2	2	2	2	1	1	2	2	1	1	1	1	1	1	4	4	1	1	28	28	15	15	2	2	1	1	2	2	7	7	1	1	2	2	6	6	5	5	4	4	6	6	1	1	4	4	26	26	64	64	5	5	7	7	4	4	2	2	1	1	1	1	8	8	5	5	5	5	5	5	1	1	1	1	3	3	3	3	1	1	2	2	2	2	3	3	31	31	28	28	4	4	3	3	1	1	13	13	13	13	5	5	7	7	6	6	1	1	1	1	2	2	4	4	1	1	3	3	3	3	1	1	2	2	1	1	1	1	1	1	2	2	2	2	3	3	4	4	4	4	3	3	1	1	2	2
IND00176	4	4	1	1	1	1	2	2	2	2	2	2	5	5	7	7	2	2	6	6	1	1	3	3	2	2	1	1	1	1	1	1	1	1	1	1	2	2	2	2	3	3	3	3	7	7	27	27	2	2	1	1	7	7	4	4	1	1	1	1	4	4	5	5	7	7	5	5	2	2	4	4	11	11	15	15	4	4	3	3	3	3	3	3	2	2	2	2	1	1	5	5	5	5	5	5	2	2	1	1	3	3	1	1	2	2	1	1	2	2	1	1	22	22	15	15	4	4	4	4	30	30	6	6	14	14	14	14	8	8	7	7	2	2	1	1	2	2	1	1	4	4	4	4	6	6	3	3	3	3	1	1	2	2	1	1	2	2	1	1	2	2	1	1	1	1	2	2	1	1	1	1
IND00177	2	2	1	1	1	1	1	1	2	2	2	2	2	2	7	7	5	5	3	3	1	1	2	2	1	1	2	2	2	2	1	1	1	1	1	1	2	2	2	2	2	2	4	4	10	10	16	16	2	2	2	2	4	4	3	3	2	2	1	1	8	8	5	5	1	1	3	3	2	2	2	2	45	45	60	60	4	4	5	5	3	3	2	2	2	2	2	2	5	5	8	8	8	8	5	5	1	1	3	3	1	1	3	3	2	2	2	2	1	1	1	1	20	20	25	25	1	1	3	3	31	31	21	21	4	4	3	3	2	2	8	8	2	2	2	2	3	3	4	4	2	2	4	4	2	2	7	7	2	2	3	3	1	1	2	2	1	1	2	2	4	4	3	3	3	3	1	1	1	1	1	1
IND00178	4	4	3	3	2	2	4	4	1	1	2	2	1	1	1	1	5	5	3	3	3	3	1	1	3	3	4	4	2	2	1	1	1	1	2	2	2	2	1	1	1	1	2	2	24	24	1	1	1	1	2	2	5	5	6	6	2	2	2	2	2	2	5	5	4	4	8	8	1	1	1	1	35	35	26	26	7	7	6	6	4	4	3	3	2	2	2	2	2	2	4	4	1	1	8	8	1	1	3	3	1	1	3	3	1	1	1	1	3	3	4	4	31	31	31	31	4	4	4	4	8	8	18	18	5	5	12	12	3	3	2	2	2	2	1	1	4	4	1	1	4	4	2	2	8	8	8	8	4	4	3	3	1	1	2	2	2	2	2	2	1	1	1	1	2	2	3	3	1	1	1	1
IND00179	4	4	3	3	2	2	3	3	2	2	2	2	5	5	1	1	5	5	6	6	1	1	2	2	2	2	1	1	1	1	2	2	1	1	1	1	2	2	1	1	4	4	1	1	26	26	10	10	2	2	1	1	5	5	5	5	1	1	2	2	4	4	4	4	5	5	2	2	4	4	3	3	20	20	20	20	4	4	6	6	1	1	2	2	1	1	2	2	3	3	7	7	6	6	8	8	4	4	1	1	1	1	3	3	2	2	2	2	3	3	1	1	58	58	17	17	2	2	3	3	31	31	16	16	13	13	13	13	2	2	2	2	1	1	1	1	3	3	2	2	4	4	2	2	7	7	7	7	1	1	1	1	1	1	1	1	2	2	2	2	2	2	3	3	1	1	2	2	1	1	1	1
IND00180	3	3	3	3	4	4	2	2	1	1	2	2	1	1	1	1	2	2	8	8	1	1	4	4	3	3	1	1	2	2	2	2	2	2	2	2	1	1	2	2	1	1	2	2	1	1	11	11	1	1	2	2	4	4	7	7	1	1	2	2	8	8	3	3	7	7	2	2	1	1	2	2	51	51	54	54	2	2	5	5	2	2	1	1	2	2	1	1	5	5	4	4	2	2	5	5	2	2	2	2	3	3	3	3	2	2	2	2	1	1	3	3	9	9	20	20	3	3	4	4	28	28	4	4	13	13	5	5	2	2	4	4	2	2	2	2	4	4	4	4	4	4	1	1	1	1	3	3	2	2	4	4	2	2	1	1	2	2	1	1	2	2	3	3	2	2	1	1	2	2	2	2
IND00181	1	1	1	1	3	3	2	2	2	2	2	2	7	7	8	8	4	4	6	6	4	4	2	2	3	3	4	4	2	2	1	1	1	1	2	2	1	1	2	2	3	3	2	2	32	32	6	6	2	2	1	1	1	1	6	6	1	1	1	1	1	1	8	8	8	8	5	5	4	4	3	3	32	32	25	25	4	4	1	1	1	1	4	4	2	2	2	2	4	4	3	3	1	1	4	4	1	1	3	3	1	1	2	2	2	2	2	2	4	4	2	2	35	35	54	54	4	4	1	1	20	20	15	15	5	5	9	9	6	6	2	2	2	2	1	1	4	4	3	3	1	1	4	4	6	6	1	1	2	2	4	4	2	2	1	1	2	2	1	1	1	1	3	3	4	4	3	3	2	2	2	2
IND00182	1	1	3	3	2	2	2	2	2	2	2	2	3	3	1	1	8	8	3	3	1	1	4	4	4	4	1	1	2	2	2	2	2	2	2	2	2	2	2	2	2	2	1	1	31	31	13	13	1	1	2	2	7	7	3	3	2	2	1	1	5	5	6	6	7	7	6	6	3	3	2	2	10	10	60	60	6	6	5	5	1	1	1	1	1	1	1	1	3	3	7	7	4	4	5	5	2	2	4	4	2	2	1	1	2	2	1	1	1	1	2	2	60	60	60	60	3	3	1	1	20	20	9	9	1	1	2	2	5	5	2	2	2	2	2	2	2	2	3	3	3	3	1	1	3	3	8	8	4	4	2	2	1	1	2	2	1	1	2	2	2	2	3	3	4	4	2	2	2	2	1	1
IND00183	1	1	4	4	2	2	2	2	2	2	2	2	8	8	2	2	3	3	4	4	2	2	4	4	2	2	4	4	1	1	2	2	1	1	1	1	2	2	2	2	4	4	2	2	4	4	27	27	1	1	2	2	2	2	2	2	1	1	1	1	5	5	2	2	5	5	3	3	1	1	4	4	37	37	17	17	3	3	2	2	4	4	1	1	2	2	2	2	7	7	2	2	6	6	5	5	4	4	4	4	2	2	2	2	1	1	1	1	2	2	4	4	39	39	11	11	3	3	1	1	32	32	16	16	7	7	12	12	3	3	1	1	2	2	1	1	4	4	1	1	3	3	4	4	3	3	7	7	3	3	4	4	1	1	1	1	1	1	1	1	4	4	3	3	2	2	4	4	1	1	2	2
IND00184	1	1	3	3	3	3	1	1	2	2	1	1	2	2	7	7	1	1	3	3	4	4	2	2	4	4	4	4	1	1	2	2	2	2	2	2	1	1	2	2	3	3	1	1	6	6	30	30	1	1	2	2	5	5	3	3	2	2	2	2	1	1	2	2	4	4	8	8	4	4	4	4	44	44	50	50	2	2	4	4	4	4	2	2	2	2	2	2	2	2	1	1	1	1	2	2	3	3	2	2	4	4	2	2	1	1	1	1	4	4	1	1	43	43	42	42	4	4	1	1	29	29	27	27	4	4	12	12	5	5	8	8	1	1	2	2	1	1	4	4	3	3	4	4	2	2	8	8	4	4	3	3	2	2	1	1	1	1	2	2	2	2	4	4	4	4	4	4	2	2	2	2
IND00185	1	1	2	2	2	2	1	1	1	1	2	2	2	2	5	5	7	7	4	4	4	4	4	4	1	1	2	2	1	1	2	2	2	2	2	2	2	2	2	2	4	4	4	4	21	21	8	8	1	1	2	2	1	1	2	2	1	1	1	1	1	1	8	8	2	2	7	7	4	4	2	2	42	42	14	14	8	8	4	4	2	2	4	4	2	2	2	2	1	1	4	4	4	4	6	6	2	2	3	3	3	3	1	1	1	1	1	1	1	1	3	3	37	37	31	31	1	1	3	3	26	26	3	3	6	6	2	2	2	2	3	3	1	1	2	2	3	3	2	2	2	2	2	2	5	5	4	4	4	4	1	1	2	2	2	2	1	1	1	1	4	4	2	2	2	2	1	1	2	2	2	2
IND00186	2	2	4	4	2	2	3	3	1	1	2	2	2	2	8	8	8	8	7	7	3	3	3	3	3	3	4	4	2	2	2	2	1	1	2	2	2	2	2	2	4	4	4	4	28	28	6	6	1	1	1	1	3	3	6	6	2	2	1	1	2	2	1	1	6	6	1	1	2	2	2	2	49	49	29	29	3	3	2	2	3	3	2	2	2	2	2	2	6	6	4	4	2	2	6	6	1	1	1	1	3	3	1	1	1	1	1	1	2	2	1	1	54	54	35	35	3	3	3	3	29	29	13	13	1	1	3	3	7	7	8	8	2	2	1	1	1	1	3	3	2	2	2	2	5	5	5	5	1	1	1	1	2	2	1	1	1	1	1	1	1	1	1	1	3	3	1	1	2	2	2	2
IND00187	1	1	1	1	2	2	2	2	2	2	2	2	3	3	1	1	7	7	6	6	3	3	3	3	2	2	2	2	1	1	1	1	2	2	1	1	2	2	2	2	4	4	4	4	5	5	27	27	1	1	2	2	2	2	3	3	1	1	2	2	4	4	2	2	7	7	2	2	3	3	4	4	58	58	11	11	6	6	5	5	1	1	4	4	1	1	1	1	3	3	3	3	7	7	5	5	4	4	1	1	2	2	4	4	1	1	2	2	2	2	3	3	16	16	30	30	1	1	4	4	10	10	11	11	16	16	3	3	7	7	6	6	2	2	1	1	2	2	2	2	2	2	4	4	6	6	8	8	2	2	2	2	1	1	1	1	1	1	1	1	4	4	3	3	2	2	1	1	1	1	2	2
IND00188	3	3	3	3	4	4	4	4	1	1	2	2	6	6	5	5	8	8	2	2	1	1	2	2	3	3	2	2	1	1	1	1	2	2	1	1	1	1	2	2	3	3	2	2	9	9	21	21	2	2	2	2	8	8	1	1	1	1	2	2	4	4	7	7	4	4	2	2	2	2	3	3	59	59	48	48	4	4	5	5	1	1	2	2	2	2	2	2	1	1	6	6	6	6	2	2	2	2	4	4	3	3	3	3	2	2	1	1	2	2	2	2	4	4	4	4	2	2	4	4	30	30	6	6	13	13	10	10	2	2	6	6	1	1	2	2	3	3	1	1	4	4	3	3	8	8	1	1	1	1	4	4	1	1	2	2	2	2	1	1	1	1	4	4	1	1	4	4	1	1	2	2
IND00189	3	3	1	1	1	1	4	4	1	1	2	2	6	6	5	5	7	7	3	3	1	1	4	4	2	2	2	2	2	2	2	2	2	2	1	1	2	2	1	1	3	3	3	3	13	13	16	16	1	1	2	2	5	5	5	5	2	2	1	1	2	2	3	3	2	2	8	8	4	4	3	3	51	51	31	31	1	1	1	1	4	4	3	3	2	2	2	2	1	1	2	2	7	7	1	1	1	1	1	1	2	2	2	2	1	1	2	2	4	4	1	1	42	42	24	24	4	4	4	4	16	16	26	26	15	15	5	5	2	2	5	5	1	1	2	2	4	4	1	1	2	2	4	4	6	6	7	7	3	3	1	1	1	1	2	2	1	1	1	1	1	1	3	3	2	2	1	1	2	2	2	2
IND00190	2	2	3	3	4	4	1	1	2	2	2	2	7	7	2	2	4	4	3	3	3	3	1	1	3	3	1	1	2	2	1	1	1	1	1	1	1	1	1	1	4	4	2	2	25	25	8	8	2	2	1	1	4	4	5	5	1	1	1	1	4	4	4	4	5	5	3	3	2	2	2	2	51	51	34	34	4	4	6	6	1	1	4	4	2	2	2	2	5	5	7	7	1	1	1	1	1	1	3	3	3	3	3	3	1	1	2	2	3	3	4	4	13	13	35	35	2	2	4	4	10	10	29	29	8	8	5	5	8	8	2	2	1	1	1	1	4	4	3	3	3	3	1	1	2	2	5	5	3	3	1	1	2	2	2	2	2	2	1	1	3	3	4	4	3	3	1	1	1	1	1	1
IND00191	1	1	2	2	2	2	4	4	1	1	1	1	7	7	4	4	2	2	1	1	1	1	1	1	4	4	1	1	1	1	2	2	2	2	1	1	1	1	1	1	1	1	1	1	19	19	1	1	1	1	1	1	5	5	5	5	2	2	1	1	8	8	1	1	2	2	7	7	3	3	4	4	25	25	19	19	8	8	2	2	3	3	3	3	2	2	2	2	5	5	8	8	5	5	8	8	2	2	3	3	3	3	2	2	2	2	1	1	2	2	1	1	25	25	35	35	1	1	3	3	26	26	1	1	10	10	3	3	2	2	3	3	2	2	1	1	2	2	2	2	1	1	1	1	2	2	3	3	3	3	2	2	2	2	2	2	1	1	1	1	1	1	2	2	4	4	3	3	1	1	1	1
IND00192	3	3	1	1	3	3	3	3	2	2	1	1	4	4	7	7	2	2	8	8	4	4	1	1	1	1	2	2	2	2	1	1	2	2	2	2	2	2	1	1	4	4	1	1	26	26	6	6	2	2	2	2	1	1	6	6	2	2	1	1	5	5	5	5	6	6	1	1	3	3	1	1	58	58	2	2	1	1	6	6	1	1	1	1	1	1	2	2	4	4	1	1	8	8	7	7	4	4	3	3	2	2	3	3	1	1	1	1	4	4	4	4	62	62	6	6	4	4	3	3	31	31	20	20	2	2	7	7	7	7	2	2	1	1	1	1	4	4	2	2	2	2	2	2	6	6	8	8	1	1	3	3	1	1	1	1	2	2	2	2	4	4	2	2	3	3	3	3	1	1	1	1
IND00193	1	1	2	2	1	1	3	3	1	1	1	1	1	1	4	4	6	6	5	5	2	2	1	1	3	3	1	1	2	2	1	1	2	2	1	1	2	2	1	1	2	2	4	4	18	18	31	31	1	1	2	2	1	1	3	3	2	2	2	2	4	4	2	2	2	2	2	2	2	2	3	3	61	61	54	54	3	3	7	7	1	1	1	1	2	2	1	1	4	4	2	2	6	6	3	3	1	1	3	3	3	3	2	2	2	2	2	2	3	3	4	4	60	60	54	54	1	1	1	1	17	17	17	17	6	6	7	7	8	8	3	3	1	1	1	1	2	2	1	1	3	3	1	1	3	3	5	5	2	2	4	4	1	1	1	1	2	2	1	1	4	4	2	2	3	3	3	3	1	1	2	2
IND00194	4	4	1	1	3	3	2	2	2	2	1	1	2	2	5	5	2	2	7	7	4	4	1	1	4	4	3	3	1	1	1	1	2	2	2	2	1	1	2	2	2	2	2	2	29	29	3	3	2	2	2	2	3	3	6	6	1	1	2	2	7	7	3	3	8	8	2	2	1	1	4	4	5	5	59	59	8	8	4	4	1	1	3	3	1	1	1	1	2	2	5	5	5	5	8	8	2	2	4	4	3	3	2	2	1	1	1	1	2	2	4	4	26	26	27	27	4	4	1	1	2	2	31	31	15	15	12	12	6	6	8	8	1	1	2	2	3	3	1	1	1	1	1	1	5	5	1	1	1	1	1	1	1	1	2	2	2	2	2	2	1	1	1	1	2	2	4	4	1	1	2	2
IND00195	1	1	2	2	2	2	1	1	1	1	1	1	6	6	4	4	7	7	5	5	2	2	4	4	4	4	1	1	1	1	2	2	1	1	1	1	2	2	1	1	2	2	4	4	1	1	9	9	1	1	2	2	1	1	1	1	2	2	1	1	2	2	7	7	7	7	4	4	2	2	1	1	20	20	36	36	7	7	4	4	4	4	4	4	1	1	2	2	3	3	6	6	2	2	4	4	4	4	2	2	3	3	3	3	1	1	2	2	2	2	3	3	38	38	3	3	3	3	4	4	13	13	20	20	2	2	7	7	4	4	4	4	2	2	2	2	3	3	3	3	2	2	3	3	8	8	7	7	3	3	4	4	1	1	1	1	1	1	1	1	3	3	3	3	3	3	2	2	1	1	1	1
IND00196	2	2	3	3	4	4	2	2	2	2	2	2	3	3	8	8	5	5	2	2	2	2	4	4	4	4	4	4	1	1	2	2	2	2	1	1	2	2	1	1	4	4	3	3	26	26	4	4	1	1	1	1	1	1	3	3	1	1	1	1	5	5	1	1	2	2	7	7	4	4	1	1	17	17	10	10	4	4	5	5	4	4	1	1	1	1	2	2	2	2	1	1	4	4	1	1	4	4	2	2	4	4	2	2	2	2	1	1	1	1	1	1	32	32	20	20	1	1	4	4	25	25	23	23	4	4	4	4	5	5	7	7	2	2	2	2	4	4	1	1	4	4	3	3	8	8	8	8	4	4	2	2	1	1	1	1	1	1	2	2	1	1	1	1	2	2	1	1	1	1	2	2
IND00197	4	4	4	4	1	1	1	1	1	1	2	2	4	4	7	7	4	4	2	2	1	1	2	2	4	4	2	2	2	2	2	2	1	1	2	2	1	1	1	1	2	2	3	3	32	32	11	11	2	2	2	2	7	7	6	6	2	2	2	2	2	2	5	5	8	8	7	7	3	3	2	2	11	11	6	6	3	3	5	5	4	4	3	3	2	2	1	1	3	3	7	7	8	8	4	4	3	3	4	4	3	3	3	3	1	1	2	2	2	2	2	2	39	39	11	11	2	2	3	3	6	6	24	24	7	7	3	3	6	6	4	4	1	1	1	1	2	2	4	4	2	2	2	2	6	6	3	3	3	3	2	2	1	1	2	2	2	2	1	1	2	2	2	2	2	2	4	4	1	1	1	1
IND00198	4	4	1	1	2	2	3	3	1	1	1	1	5	5	7	7	4	4	2	2	1	1	3	3	3	3	3	3	1	1	2	2	2	2	1	1	1	1	2	2	4	4	1	1	9	9	26	26	1	1	1	1	3	3	1	1	1	1	1	1	2	2	3	3	4	4	2	2	1	1	3	3	13	13	12	12	7	7	3	3	1	1	3	3	1	1	1	1	8	8	6	6	8	8	4	4	1	1	4	4	4	4	1	1	1	1	1	1	2	2	4	4	7	7	36	36	1	1	2	2	29	29	5	5	8	8	9	9	7	7	7	7	1	1	2	2	4	4	4	4	2	2	4	4	4	4	7	7	1	1	4	4	2	2	2	2	2	2	2	2	1	1	4	4	3	3	3	3	1	1	2	2
IND00199	1	1	3	3	2	2	1	1	1	1	1	1	2	2	6	6	7	7	8	8	2	2	1	1	2	2	1	1	2	2	1	1	1	1	1	1	1	1	2	2	2	2	2	2	5	5	31	31	2	2	2	2	1	1	4	4	2	2	1	1	6	6	7	7	4	4	1	1	4	4	4	4	22	22	20	20	8	8	6	6	2	2	1	1	1	1	2	2	8	8	6	6	5	5	3	3	4	4	1	1	2	2	4	4	2	2	1	1	2	2	2	2	46	46	11	11	4	4	4	4	12	12	18	18	10	10	5	5	5	5	1	1	1	1	1	1	4	4	1	1	2	2	2	2	8	8	4	4	1	1	3	3	1	1	2	2	2	2	2	2	3	3	3	3	3	3	1	1	1	1	2	2
IND00200	2	2	3	3	3	3	1	1	1	1	1	1	5	5	4	4	2	2	7	7	2	2	1	1	2	2	3	3	1	1	1	1	1	1	2	2	2	2	1	1	4	4	4	4	8	8	14	14	1	1	1	1	8	8	3	3	2	2	2	2	2	2	4	4	6	6	1	1	4	4	3	3	21	21	47	47	2	2	7	7	3	3	4	4	2	2	2	2	2	2	2	2	6	6	8	8	2	2	3	3	3	3	2	2	1	1	2	2	1	1	4	4	55	55	22	22	1	1	3	3	29	29	8	8	9	9	1	1	3	3	5	5	1	1	2	2	3	3	1	1	4	4	4	4	2	2	2	2	2	2	1	1	1	1	1	1	2	2	1	1	3	3	4	4	4	4	1	1	1	1	1	1
