ID	hap_1_1	hap_1_1	hap_1_2	hap_1_2	hap_2_1	hap_2_1	hap_2_2	hap_2_2	hap_3_1	hap_3_1	hap_3_2	hap_3_2	hap_4_1	hap_4_1	hap_4_2	hap_4_2	hap_5_1	hap_5_1	hap_5_2	hap_5_2	hap_6_1	hap_6_1	hap_6_2	hap_6_2	hap_7_1	hap_7_1	hap_7_2	hap_7_2	hap_8_1	hap_8_1	hap_8_2	hap_8_2	hap_9_1	hap_9_1	hap_9_2	hap_9_2	hap_10_1	hap_10_1	hap_10_2	hap_10_2	hap_11_1	hap_11_1	hap_11_2	hap_11_2	hap_12_1	hap_12_1	hap_12_2	hap_12_2	hap_13_1	hap_13_1	hap_13_2	hap_13_2	hap_14_1	hap_14_1	hap_14_2	hap_14_2	hap_15_1	hap_15_1	hap_15_2	hap_15_2	hap_16_1	hap_16_1	hap_16_2	hap_16_2	hap_17_1	hap_17_1	hap_17_2	hap_17_2	hap_18_1	hap_18_1	hap_18_2	hap_18_2	hap_19_1	hap_19_1	hap_19_2	hap_19_2	hap_20_1	hap_20_1	hap_20_2	hap_20_2	hap_21_1	hap_21_1	hap_21_2	hap_21_2	hap_22_1	hap_22_1	hap_22_2	hap_22_2	hap_23_1	hap_23_1	hap_23_2	hap_23_2	hap_24_1	hap_24_1	hap_24_2	hap_24_2	hap_25_1	hap_25_1	hap_25_2	hap_25_2	hap_26_1	hap_26_1	hap_26_2	hap_26_2	hap_27_1	hap_27_1	hap_27_2	hap_27_2	hap_28_1	hap_28_1	hap_28_2	hap_28_2	hap_29_1	hap_29_1	hap_29_2	hap_29_2	hap_30_1	hap_30_1	hap_30_2	hap_30_2	hap_31_1	hap_31_1	hap_31_2	hap_31_2	hap_32_1	hap_32_1	hap_32_2	hap_32_2	hap_33_1	hap_33_1	hap_33_2	hap_33_2	hap_34_1	hap_34_1	hap_34_2	hap_34_2	hap_35_1	hap_35_1	hap_35_2	hap_35_2	hap_36_1	hap_36_1	hap_36_2	hap_36_2	hap_37_1	hap_37_1	hap_37_2	hap_37_2	hap_38_1	hap_38_1	hap_38_2	hap_38_2	hap_39_1	hap_39_1	hap_39_2	hap_39_2	hap_40_1	hap_40_1	hap_40_2	hap_40_2	hap_41_1	hap_41_1	hap_41_2	hap_41_2	hap_42_1	hap_42_1	hap_42_2	hap_42_2	hap_43_1	hap_43_1	hap_43_2	hap_43_2	hap_44_1	hap_44_1	hap_44_2	hap_44_2	hap_45_1	hap_45_1	hap_45_2	hap_45_2	hap_46_1	hap_46_1	hap_46_2	hap_46_2
IND00001	3	3	4	4	1	1	1	1	3	3	3	3	8	8	1	1	3	3	4	4	2	2	3	3	1	1	3	3	3	3	4	4	2	2	1	1	8	8	8	8	1	1	2	2	2	2	1	1	4	4	2	2	1	1	2	2	2	2	3	3	3	3	4	4	2	2	2	2	3	3	1	1	3	3	3	3	4	4	3	3	2	2	4	4	2	2	2	2	26	26	8	8	7	7	6	6	4	4	1	1	2	2	1	1	9	9	13	13	4	4	2	2	3	3	4	4	1	1	1	1	1	1	1	1	4	4	4	4	2	2	1	1	2	2	1	1	4	4	4	4	12	12	4	4	1	1	2	2	4	4	4	4	2	2	1	1	1	1	4	4	2	2	2	2	3	3	7	7	7	7	1	1	1	1	9	9	7	7	3	3	2	2	7	7
IND00002	2	2	1	1	1	1	3	3	2	2	1	1	8	8	4	4	4	4	4	4	3	3	1	1	2	2	2	2	2	2	4	4	1	1	1	1	6	6	6	6	2	2	1	1	1	1	2	2	2	2	4	4	5	5	7	7	1	1	1	1	2	2	4	4	2	2	1	1	4	4	4	4	3	3	2	2	1	1	1	1	2	2	3	3	1	1	1	1	21	21	12	12	1	1	7	7	2	2	4	4	4	4	3	3	12	12	3	3	2	2	2	2	2	2	3	3	2	2	1	1	1	1	2	2	4	4	3	3	1	1	1	1	2	2	2	2	2	2	3	3	13	13	12	12	2	2	1	1	2	2	3	3	1	1	1	1	3	3	1	1	2	2	4	4	7	7	4	4	1	1	6	6	11	11	7	7	7	7	2	2	7	7	5	5
IND00003	3	3	1	1	3	3	2	2	4	4	2	2	5	5	3	3	2	2	3	3	4	4	4	4	2	2	1	1	4	4	3	3	2	2	2	2	6	6	9	9	2	2	1	1	1	1	1	1	2	2	3	3	6	6	4	4	2	2	2	2	2	2	2	2	2	2	1	1	4	4	1	1	1	1	3	3	2	2	2	2	2	2	4	4	1	1	1	1	20	20	5	5	7	7	5	5	4	4	3	3	3	3	1	1	7	7	5	5	2	2	2	2	1	1	2	2	1	1	2	2	1	1	1	1	3	3	3	3	2	2	1	1	2	2	1	1	4	4	4	4	4	4	7	7	1	1	2	2	4	4	3	3	1	1	2	2	3	3	2	2	7	7	1	1	2	2	5	5	6	6	2	2	10	10	1	1	3	3	2	2	6	6	2	2
IND00004	4	4	2	2	3	3	2	2	2	2	3	3	4	4	3	3	2	2	4	4	2	2	4	4	3	3	1	1	1	1	2	2	1	1	2	2	1	1	12	12	1	1	2	2	2	2	2	2	4	4	4	4	5	5	7	7	4	4	3	3	2	2	1	1	1	1	1	1	3	3	3	3	4	4	2	2	4	4	1	1	4	4	4	4	1	1	1	1	27	27	10	10	5	5	3	3	1	1	1	1	2	2	3	3	9	9	9	9	1	1	1	1	4	4	3	3	1	1	1	1	2	2	2	2	3	3	4	4	2	2	2	2	2	2	1	1	1	1	3	3	9	9	3	3	1	1	1	1	4	4	1	1	2	2	2	2	3	3	2	2	6	6	6	6	5	5	6	6	2	2	7	7	16	16	12	12	1	1	3	3	2	2	3	3
IND00005	3	3	3	3	3	3	2	2	3	3	1	1	3	3	1	1	3	3	1	1	3	3	1	1	2	2	1	1	2	2	2	2	2	2	2	2	3	3	13	13	2	2	1	1	1	1	2	2	1	1	1	1	6	6	7	7	4	4	1	1	2	2	3	3	1	1	1	1	4	4	3	3	4	4	2	2	2	2	1	1	3	3	3	3	1	1	1	1	31	31	24	24	6	6	8	8	4	4	2	2	1	1	4	4	16	16	12	12	2	2	1	1	3	3	3	3	1	1	2	2	2	2	1	1	2	2	2	2	1	1	1	1	1	1	2	2	1	1	1	1	15	15	5	5	1	1	2	2	2	2	3	3	1	1	2	2	2	2	4	4	6	6	7	7	4	4	5	5	1	1	8	8	13	13	4	4	2	2	8	8	7	7	3	3
IND00006	1	1	2	2	1	1	3	3	2	2	4	4	6	6	4	4	1	1	4	4	3	3	2	2	3	3	1	1	3	3	3	3	2	2	1	1	15	15	16	16	1	1	1	1	2	2	1	1	3	3	2	2	7	7	6	6	4	4	2	2	2	2	2	2	1	1	2	2	2	2	2	2	2	2	1	1	2	2	2	2	1	1	4	4	1	1	1	1	2	2	20	20	4	4	1	1	2	2	1	1	2	2	4	4	6	6	11	11	4	4	2	2	1	1	3	3	1	1	1	1	1	1	1	1	3	3	1	1	2	2	2	2	2	2	2	2	3	3	3	3	15	15	6	6	1	1	2	2	2	2	2	2	1	1	2	2	2	2	2	2	3	3	4	4	6	6	4	4	7	7	3	3	9	9	12	12	1	1	3	3	1	1	3	3
IND00007	3	3	4	4	3	3	4	4	1	1	4	4	7	7	1	1	1	1	3	3	3	3	3	3	1	1	4	4	2	2	2	2	2	2	1	1	7	7	5	5	1	1	2	2	1	1	1	1	2	2	1	1	1	1	4	4	3	3	1	1	2	2	2	2	2	2	1	1	3	3	2	2	1	1	1	1	4	4	1	1	1	1	2	2	1	1	2	2	15	15	17	17	4	4	2	2	1	1	4	4	3	3	1	1	9	9	13	13	4	4	1	1	2	2	2	2	2	2	2	2	2	2	2	2	4	4	2	2	2	2	2	2	1	1	1	1	3	3	4	4	1	1	5	5	2	2	2	2	2	2	2	2	2	2	1	1	1	1	4	4	4	4	8	8	2	2	7	7	2	2	5	5	5	5	5	5	5	5	8	8	2	2	2	2
IND00008	1	1	2	2	1	1	4	4	2	2	3	3	7	7	4	4	3	3	1	1	1	1	2	2	4	4	2	2	2	2	2	2	1	1	2	2	14	14	8	8	2	2	1	1	1	1	2	2	1	1	2	2	6	6	5	5	1	1	2	2	1	1	3	3	1	1	2	2	1	1	4	4	3	3	2	2	2	2	2	2	1	1	2	2	2	2	1	1	30	30	25	25	2	2	1	1	2	2	3	3	1	1	1	1	12	12	8	8	4	4	3	3	1	1	1	1	1	1	1	1	2	2	2	2	2	2	4	4	1	1	2	2	1	1	1	1	4	4	2	2	5	5	15	15	1	1	1	1	3	3	3	3	1	1	2	2	3	3	2	2	7	7	5	5	6	6	1	1	3	3	1	1	5	5	10	10	7	7	7	7	7	7	4	4
IND00009	2	2	4	4	4	4	1	1	4	4	4	4	2	2	1	1	1	1	2	2	1	1	3	3	2	2	1	1	1	1	2	2	1	1	2	2	6	6	15	15	1	1	1	1	1	1	2	2	4	4	2	2	7	7	3	3	4	4	2	2	2	2	4	4	2	2	1	1	3	3	4	4	3	3	1	1	2	2	2	2	2	2	1	1	1	1	1	1	18	18	2	2	6	6	2	2	4	4	4	4	4	4	3	3	16	16	2	2	4	4	2	2	1	1	3	3	2	2	2	2	1	1	2	2	1	1	3	3	1	1	1	1	2	2	1	1	4	4	2	2	14	14	13	13	2	2	1	1	4	4	1	1	2	2	2	2	1	1	3	3	2	2	4	4	3	3	5	5	4	4	2	2	5	5	9	9	2	2	5	5	2	2	8	8
IND00010	1	1	2	2	1	1	1	1	2	2	3	3	8	8	7	7	4	4	4	4	4	4	2	2	4	4	2	2	1	1	1	1	2	2	2	2	2	2	2	2	2	2	2	2	1	1	2	2	1	1	4	4	4	4	2	2	2	2	4	4	4	4	4	4	2	2	2	2	1	1	3	3	1	1	3	3	3	3	1	1	2	2	3	3	1	1	1	1	21	21	15	15	4	4	2	2	2	2	3	3	4	4	4	4	15	15	9	9	3	3	4	4	4	4	1	1	1	1	1	1	1	1	2	2	2	2	3	3	1	1	2	2	1	1	2	2	2	2	3	3	9	9	15	15	2	2	1	1	4	4	1	1	2	2	2	2	3	3	1	1	6	6	5	5	8	8	3	3	2	2	5	5	13	13	5	5	4	4	6	6	1	1	3	3
IND00011	3	3	4	4	4	4	3	3	2	2	4	4	8	8	8	8	4	4	3	3	2	2	4	4	4	4	2	2	3	3	3	3	2	2	2	2	3	3	5	5	2	2	1	1	1	1	1	1	4	4	2	2	7	7	7	7	4	4	3	3	1	1	1	1	1	1	1	1	3	3	3	3	4	4	3	3	2	2	4	4	2	2	1	1	1	1	2	2	21	21	20	20	7	7	2	2	2	2	4	4	3	3	1	1	10	10	5	5	4	4	1	1	1	1	4	4	2	2	1	1	1	1	2	2	2	2	3	3	2	2	1	1	1	1	1	1	3	3	1	1	6	6	14	14	1	1	1	1	2	2	3	3	1	1	2	2	3	3	4	4	7	7	2	2	8	8	7	7	2	2	1	1	11	11	6	6	7	7	5	5	6	6	5	5
IND00012	4	4	4	4	1	1	3	3	1	1	3	3	5	5	4	4	2	2	1	1	2	2	1	1	4	4	2	2	2	2	3	3	1	1	2	2	10	10	2	2	1	1	2	2	1	1	2	2	3	3	1	1	3	3	3	3	3	3	2	2	1	1	3	3	1	1	2	2	2	2	4	4	1	1	4	4	4	4	3	3	4	4	4	4	2	2	1	1	22	22	18	18	2	2	7	7	1	1	1	1	3	3	2	2	6	6	5	5	2	2	3	3	1	1	1	1	2	2	1	1	1	1	2	2	1	1	4	4	2	2	2	2	2	2	1	1	3	3	3	3	11	11	2	2	2	2	1	1	3	3	3	3	2	2	2	2	4	4	2	2	4	4	4	4	4	4	1	1	5	5	7	7	16	16	7	7	6	6	8	8	7	7	5	5
IND00013	1	1	2	2	2	2	4	4	4	4	1	1	6	6	5	5	2	2	1	1	2	2	1	1	3	3	2	2	1	1	2	2	2	2	1	1	12	12	3	3	2	2	1	1	1	1	2	2	1	1	3	3	5	5	3	3	2	2	2	2	4	4	2	2	2	2	2	2	3	3	3	3	1	1	1	1	3	3	2	2	1	1	2	2	1	1	2	2	16	16	7	7	2	2	3	3	1	1	3	3	3	3	2	2	5	5	12	12	2	2	3	3	3	3	2	2	1	1	1	1	2	2	2	2	3	3	2	2	1	1	1	1	2	2	1	1	3	3	3	3	12	12	1	1	1	1	2	2	4	4	1	1	1	1	1	1	4	4	3	3	1	1	7	7	4	4	4	4	6	6	1	1	15	15	6	6	2	2	3	3	2	2	5	5
IND00014	3	3	2	2	2	2	4	4	1	1	2	2	8	8	5	5	4	4	4	4	3	3	2	2	3	3	4	4	4	4	2	2	2	2	1	1	12	12	8	8	2	2	1	1	2	2	1	1	1	1	1	1	5	5	8	8	4	4	4	4	2	2	2	2	2	2	1	1	2	2	3	3	1	1	1	1	3	3	1	1	3	3	1	1	2	2	2	2	18	18	28	28	2	2	7	7	3	3	1	1	2	2	3	3	5	5	10	10	2	2	3	3	3	3	1	1	1	1	2	2	2	2	1	1	1	1	2	2	2	2	2	2	2	2	1	1	4	4	3	3	11	11	15	15	2	2	2	2	4	4	1	1	1	1	2	2	3	3	2	2	4	4	1	1	8	8	6	6	3	3	7	7	13	13	11	11	8	8	8	8	7	7	4	4
IND00015	1	1	3	3	1	1	4	4	1	1	1	1	6	6	6	6	4	4	1	1	1	1	2	2	3	3	1	1	1	1	3	3	2	2	1	1	9	9	6	6	2	2	1	1	1	1	2	2	4	4	3	3	8	8	5	5	2	2	1	1	2	2	3	3	1	1	2	2	3	3	2	2	4	4	3	3	4	4	1	1	4	4	4	4	1	1	2	2	6	6	31	31	4	4	5	5	4	4	4	4	2	2	3	3	7	7	4	4	3	3	1	1	2	2	3	3	1	1	2	2	2	2	1	1	4	4	4	4	2	2	2	2	2	2	2	2	2	2	2	2	4	4	8	8	2	2	2	2	3	3	2	2	2	2	2	2	3	3	1	1	6	6	7	7	5	5	4	4	1	1	7	7	15	15	9	9	2	2	7	7	4	4	8	8
IND00016	4	4	2	2	3	3	4	4	3	3	3	3	1	1	8	8	2	2	3	3	1	1	2	2	3	3	2	2	3	3	3	3	1	1	1	1	9	9	1	1	2	2	2	2	1	1	2	2	3	3	3	3	7	7	4	4	2	2	1	1	3	3	3	3	2	2	1	1	2	2	3	3	3	3	1	1	1	1	2	2	4	4	1	1	2	2	1	1	3	3	25	25	1	1	4	4	1	1	1	1	2	2	3	3	9	9	2	2	1	1	4	4	4	4	4	4	1	1	1	1	1	1	1	1	1	1	1	1	2	2	1	1	1	1	1	1	4	4	2	2	13	13	14	14	1	1	1	1	3	3	2	2	2	2	1	1	1	1	1	1	2	2	5	5	2	2	7	7	8	8	1	1	3	3	3	3	6	6	7	7	3	3	4	4
IND00017	4	4	2	2	4	4	4	4	3	3	3	3	4	4	7	7	2	2	2	2	2	2	1	1	2	2	2	2	1	1	3	3	1	1	2	2	15	15	6	6	1	1	2	2	2	2	2	2	1	1	3	3	5	5	7	7	3	3	3	3	2	2	3	3	2	2	1	1	2	2	4	4	4	4	1	1	1	1	4	4	4	4	1	1	2	2	2	2	1	1	6	6	2	2	8	8	4	4	2	2	3	3	2	2	13	13	8	8	4	4	2	2	3	3	2	2	2	2	1	1	2	2	1	1	1	1	4	4	1	1	2	2	2	2	1	1	3	3	3	3	16	16	12	12	1	1	2	2	1	1	2	2	1	1	1	1	3	3	1	1	5	5	3	3	6	6	2	2	6	6	6	6	9	9	3	3	7	7	2	2	6	6	4	4
IND00018	2	2	4	4	1	1	2	2	3	3	2	2	3	3	4	4	4	4	2	2	1	1	1	1	2	2	2	2	4	4	1	1	2	2	1	1	3	3	11	11	2	2	2	2	1	1	2	2	2	2	1	1	6	6	1	1	2	2	4	4	2	2	1	1	1	1	1	1	1	1	2	2	1	1	1	1	4	4	4	4	3	3	3	3	2	2	2	2	5	5	11	11	2	2	5	5	4	4	1	1	1	1	2	2	4	4	7	7	1	1	2	2	4	4	3	3	2	2	2	2	2	2	1	1	4	4	1	1	1	1	2	2	1	1	2	2	4	4	3	3	14	14	15	15	2	2	2	2	2	2	4	4	1	1	1	1	4	4	1	1	8	8	3	3	1	1	6	6	6	6	2	2	15	15	9	9	6	6	8	8	3	3	2	2
IND00019	2	2	1	1	2	2	2	2	1	1	3	3	3	3	6	6	2	2	4	4	2	2	2	2	2	2	3	3	4	4	1	1	1	1	1	1	16	16	5	5	2	2	1	1	2	2	1	1	4	4	2	2	8	8	3	3	4	4	3	3	1	1	1	1	1	1	1	1	3	3	1	1	3	3	4	4	1	1	3	3	2	2	1	1	1	1	1	1	31	31	28	28	8	8	4	4	1	1	2	2	4	4	1	1	14	14	3	3	4	4	2	2	3	3	4	4	2	2	2	2	1	1	2	2	2	2	1	1	2	2	2	2	2	2	1	1	2	2	3	3	10	10	2	2	2	2	2	2	1	1	1	1	2	2	2	2	2	2	2	2	1	1	7	7	8	8	3	3	3	3	5	5	5	5	1	1	4	4	8	8	4	4	6	6
IND00020	1	1	1	1	4	4	3	3	1	1	1	1	8	8	3	3	2	2	4	4	3	3	4	4	4	4	2	2	2	2	3	3	2	2	1	1	15	15	1	1	1	1	2	2	1	1	2	2	2	2	1	1	5	5	4	4	4	4	2	2	2	2	1	1	1	1	2	2	1	1	2	2	4	4	3	3	3	3	1	1	4	4	1	1	2	2	1	1	16	16	5	5	6	6	4	4	1	1	2	2	1	1	4	4	7	7	8	8	3	3	4	4	3	3	3	3	2	2	2	2	2	2	1	1	3	3	4	4	2	2	1	1	2	2	1	1	3	3	3	3	6	6	16	16	2	2	2	2	1	1	4	4	1	1	1	1	3	3	4	4	2	2	5	5	5	5	3	3	2	2	3	3	11	11	8	8	4	4	4	4	8	8	3	3
IND00021	4	4	1	1	1	1	2	2	2	2	2	2	4	4	2	2	2	2	1	1	1	1	3	3	2	2	1	1	3	3	3	3	1	1	1	1	14	14	5	5	2	2	2	2	2	2	1	1	2	2	1	1	6	6	6	6	2	2	4	4	2	2	2	2	1	1	2	2	3	3	4	4	4	4	1	1	1	1	3	3	4	4	1	1	1	1	2	2	5	5	13	13	4	4	4	4	4	4	4	4	1	1	1	1	7	7	2	2	1	1	3	3	4	4	3	3	1	1	1	1	1	1	2	2	3	3	2	2	2	2	2	2	2	2	1	1	3	3	3	3	16	16	8	8	1	1	1	1	4	4	4	4	1	1	2	2	2	2	1	1	8	8	2	2	2	2	5	5	2	2	4	4	5	5	4	4	2	2	3	3	5	5	4	4
IND00022	2	2	4	4	1	1	3	3	1	1	3	3	1	1	6	6	3	3	4	4	3	3	2	2	4	4	2	2	3	3	4	4	1	1	2	2	3	3	13	13	1	1	1	1	1	1	2	2	4	4	1	1	4	4	4	4	3	3	1	1	4	4	2	2	2	2	2	2	1	1	1	1	4	4	3	3	4	4	2	2	3	3	2	2	2	2	2	2	10	10	18	18	5	5	2	2	2	2	3	3	3	3	3	3	11	11	8	8	4	4	4	4	2	2	4	4	2	2	1	1	1	1	2	2	1	1	1	1	1	1	2	2	2	2	2	2	2	2	3	3	1	1	8	8	1	1	2	2	4	4	4	4	1	1	1	1	2	2	1	1	7	7	7	7	4	4	2	2	1	1	8	8	7	7	4	4	6	6	2	2	1	1	3	3
IND00023	4	4	4	4	2	2	2	2	1	1	2	2	7	7	6	6	2	2	2	2	4	4	1	1	1	1	2	2	1	1	2	2	1	1	2	2	10	10	7	7	1	1	1	1	2	2	2	2	1	1	4	4	7	7	5	5	1	1	2	2	1	1	4	4	1	1	2	2	3	3	4	4	4	4	4	4	1	1	2	2	2	2	3	3	2	2	1	1	1	1	27	27	2	2	8	8	4	4	1	1	1	1	4	4	9	9	1	1	3	3	4	4	3	3	4	4	1	1	1	1	1	1	2	2	3	3	3	3	2	2	2	2	2	2	2	2	1	1	2	2	15	15	3	3	1	1	1	1	4	4	3	3	2	2	2	2	4	4	2	2	7	7	5	5	5	5	5	5	3	3	1	1	3	3	16	16	6	6	7	7	4	4	2	2
IND00024	3	3	2	2	2	2	2	2	1	1	4	4	1	1	5	5	1	1	2	2	1	1	3	3	3	3	3	3	3	3	4	4	1	1	1	1	10	10	4	4	2	2	1	1	1	1	1	1	2	2	3	3	3	3	2	2	1	1	3	3	1	1	4	4	2	2	2	2	2	2	3	3	4	4	2	2	1	1	2	2	1	1	2	2	2	2	1	1	31	31	15	15	6	6	1	1	4	4	1	1	4	4	4	4	10	10	8	8	2	2	4	4	4	4	2	2	1	1	2	2	1	1	1	1	4	4	1	1	2	2	1	1	1	1	1	1	1	1	1	1	9	9	12	12	2	2	1	1	2	2	3	3	2	2	1	1	2	2	3	3	5	5	8	8	8	8	4	4	8	8	8	8	6	6	13	13	2	2	1	1	8	8	4	4
IND00025	1	1	2	2	4	4	3	3	4	4	2	2	8	8	2	2	1	1	4	4	4	4	3	3	2	2	4	4	3	3	4	4	2	2	1	1	8	8	11	11	1	1	2	2	1	1	2	2	2	2	4	4	1	1	3	3	1	1	2	2	1	1	1	1	1	1	2	2	4	4	3	3	3	3	1	1	1	1	1	1	2	2	2	2	1	1	2	2	6	6	10	10	8	8	4	4	3	3	4	4	4	4	4	4	3	3	6	6	4	4	4	4	1	1	1	1	2	2	1	1	2	2	1	1	4	4	2	2	2	2	1	1	2	2	1	1	3	3	3	3	14	14	16	16	2	2	2	2	3	3	3	3	2	2	1	1	3	3	3	3	5	5	5	5	5	5	7	7	1	1	7	7	16	16	9	9	2	2	4	4	7	7	2	2
IND00026	2	2	2	2	4	4	2	2	2	2	1	1	7	7	5	5	4	4	3	3	2	2	2	2	3	3	2	2	3	3	1	1	1	1	1	1	11	11	14	14	1	1	2	2	1	1	2	2	1	1	4	4	5	5	2	2	2	2	4	4	2	2	1	1	1	1	1	1	1	1	1	1	2	2	1	1	4	4	1	1	2	2	1	1	1	1	1	1	26	26	2	2	3	3	1	1	1	1	1	1	2	2	2	2	14	14	2	2	2	2	1	1	4	4	2	2	1	1	1	1	2	2	1	1	1	1	4	4	1	1	1	1	2	2	1	1	3	3	1	1	15	15	11	11	1	1	2	2	2	2	4	4	2	2	1	1	3	3	3	3	3	3	3	3	7	7	2	2	6	6	5	5	11	11	16	16	5	5	2	2	5	5	4	4
IND00027	3	3	4	4	2	2	3	3	2	2	1	1	6	6	8	8	3	3	4	4	3	3	3	3	4	4	1	1	4	4	4	4	2	2	2	2	3	3	7	7	1	1	1	1	1	1	1	1	3	3	3	3	7	7	6	6	4	4	3	3	2	2	3	3	1	1	2	2	4	4	4	4	2	2	4	4	3	3	4	4	4	4	4	4	2	2	1	1	15	15	21	21	5	5	3	3	4	4	3	3	2	2	1	1	6	6	12	12	2	2	1	1	4	4	2	2	2	2	2	2	1	1	2	2	2	2	3	3	2	2	2	2	1	1	1	1	4	4	4	4	12	12	12	12	2	2	2	2	2	2	2	2	1	1	2	2	3	3	4	4	8	8	8	8	2	2	1	1	5	5	1	1	3	3	7	7	8	8	3	3	5	5	4	4
IND00028	2	2	4	4	1	1	1	1	3	3	1	1	3	3	2	2	2	2	1	1	2	2	3	3	2	2	3	3	1	1	1	1	2	2	1	1	1	1	16	16	1	1	2	2	1	1	1	1	1	1	3	3	6	6	5	5	1	1	1	1	2	2	1	1	2	2	1	1	4	4	3	3	3	3	3	3	2	2	2	2	1	1	3	3	1	1	2	2	20	20	17	17	3	3	5	5	1	1	3	3	2	2	2	2	3	3	3	3	1	1	4	4	1	1	4	4	1	1	1	1	2	2	1	1	2	2	1	1	1	1	1	1	1	1	2	2	3	3	1	1	6	6	14	14	2	2	1	1	1	1	4	4	1	1	1	1	3	3	1	1	7	7	8	8	6	6	3	3	5	5	4	4	14	14	8	8	4	4	1	1	3	3	8	8
IND00029	1	1	2	2	1	1	1	1	1	1	1	1	7	7	2	2	4	4	1	1	2	2	3	3	3	3	2	2	4	4	3	3	1	1	2	2	11	11	15	15	1	1	1	1	1	1	2	2	4	4	3	3	2	2	8	8	2	2	1	1	3	3	4	4	2	2	2	2	3	3	1	1	2	2	3	3	1	1	4	4	4	4	4	4	1	1	2	2	14	14	14	14	2	2	8	8	3	3	3	3	2	2	4	4	11	11	8	8	4	4	1	1	2	2	1	1	1	1	1	1	1	1	1	1	2	2	3	3	1	1	1	1	1	1	1	1	2	2	2	2	6	6	12	12	1	1	2	2	3	3	3	3	2	2	1	1	1	1	2	2	7	7	7	7	5	5	4	4	4	4	6	6	9	9	3	3	7	7	4	4	5	5	1	1
IND00030	4	4	2	2	4	4	3	3	3	3	4	4	8	8	7	7	1	1	3	3	1	1	4	4	4	4	3	3	3	3	3	3	2	2	2	2	13	13	10	10	1	1	2	2	1	1	1	1	4	4	4	4	7	7	2	2	4	4	4	4	2	2	1	1	2	2	2	2	4	4	1	1	3	3	4	4	4	4	3	3	2	2	4	4	1	1	2	2	2	2	3	3	6	6	6	6	3	3	4	4	4	4	2	2	8	8	1	1	2	2	3	3	2	2	2	2	2	2	1	1	1	1	1	1	3	3	1	1	1	1	2	2	1	1	1	1	1	1	2	2	8	8	1	1	2	2	1	1	4	4	3	3	1	1	1	1	1	1	1	1	2	2	3	3	8	8	5	5	4	4	6	6	3	3	11	11	7	7	8	8	4	4	1	1
IND00031	2	2	2	2	3	3	1	1	1	1	3	3	6	6	5	5	2	2	3	3	3	3	1	1	3	3	1	1	1	1	4	4	1	1	2	2	3	3	13	13	1	1	2	2	1	1	1	1	4	4	3	3	3	3	7	7	2	2	2	2	1	1	2	2	1	1	1	1	4	4	4	4	4	4	1	1	1	1	1	1	3	3	4	4	1	1	1	1	17	17	8	8	1	1	3	3	3	3	4	4	1	1	3	3	2	2	6	6	2	2	4	4	3	3	4	4	2	2	2	2	2	2	1	1	1	1	1	1	2	2	1	1	1	1	2	2	3	3	1	1	16	16	2	2	2	2	1	1	3	3	1	1	2	2	1	1	3	3	1	1	3	3	6	6	6	6	5	5	8	8	4	4	14	14	15	15	2	2	5	5	7	7	5	5
IND00032	3	3	1	1	3	3	3	3	1	1	2	2	8	8	3	3	4	4	3	3	3	3	4	4	3	3	1	1	4	4	4	4	1	1	2	2	13	13	5	5	2	2	2	2	2	2	1	1	2	2	3	3	8	8	8	8	3	3	3	3	1	1	4	4	1	1	1	1	1	1	4	4	4	4	2	2	1	1	3	3	3	3	1	1	1	1	2	2	23	23	19	19	6	6	1	1	2	2	3	3	2	2	2	2	5	5	14	14	1	1	3	3	2	2	4	4	2	2	1	1	1	1	2	2	4	4	3	3	2	2	1	1	1	1	2	2	1	1	2	2	13	13	8	8	2	2	2	2	4	4	3	3	2	2	1	1	3	3	2	2	6	6	7	7	7	7	5	5	7	7	6	6	12	12	3	3	7	7	6	6	8	8	6	6
IND00033	1	1	1	1	4	4	3	3	3	3	2	2	6	6	1	1	3	3	4	4	2	2	4	4	4	4	1	1	2	2	3	3	1	1	1	1	5	5	11	11	1	1	1	1	1	1	1	1	2	2	3	3	1	1	5	5	1	1	3	3	3	3	1	1	1	1	1	1	1	1	3	3	4	4	1	1	2	2	4	4	1	1	3	3	1	1	1	1	30	30	20	20	5	5	8	8	3	3	1	1	1	1	3	3	1	1	5	5	2	2	4	4	1	1	3	3	1	1	1	1	2	2	2	2	4	4	2	2	2	2	2	2	2	2	2	2	1	1	2	2	9	9	2	2	1	1	1	1	4	4	1	1	1	1	1	1	3	3	2	2	4	4	1	1	8	8	5	5	3	3	4	4	3	3	12	12	8	8	4	4	2	2	6	6
IND00034	2	2	3	3	3	3	4	4	2	2	3	3	1	1	6	6	4	4	2	2	1	1	4	4	3	3	4	4	3	3	3	3	2	2	2	2	8	8	5	5	2	2	1	1	2	2	1	1	3	3	2	2	1	1	3	3	1	1	3	3	1	1	2	2	1	1	2	2	3	3	4	4	3	3	4	4	4	4	3	3	3	3	2	2	1	1	1	1	26	26	4	4	1	1	7	7	1	1	3	3	1	1	4	4	5	5	12	12	3	3	3	3	1	1	1	1	1	1	2	2	1	1	1	1	4	4	2	2	1	1	2	2	2	2	1	1	3	3	2	2	5	5	16	16	1	1	1	1	2	2	3	3	1	1	1	1	2	2	3	3	4	4	8	8	7	7	7	7	4	4	6	6	7	7	4	4	1	1	3	3	6	6	7	7
IND00035	2	2	3	3	4	4	1	1	1	1	2	2	5	5	4	4	2	2	2	2	2	2	3	3	1	1	4	4	1	1	2	2	1	1	1	1	2	2	11	11	1	1	1	1	2	2	2	2	2	2	1	1	6	6	5	5	3	3	1	1	2	2	2	2	1	1	1	1	2	2	2	2	4	4	4	4	4	4	2	2	2	2	4	4	2	2	1	1	21	21	17	17	8	8	1	1	3	3	1	1	4	4	1	1	8	8	10	10	2	2	4	4	2	2	1	1	2	2	2	2	2	2	1	1	4	4	3	3	1	1	1	1	2	2	2	2	3	3	3	3	8	8	14	14	2	2	2	2	2	2	1	1	2	2	1	1	2	2	2	2	2	2	1	1	2	2	8	8	6	6	3	3	10	10	7	7	8	8	1	1	8	8	1	1
IND00036	4	4	3	3	2	2	2	2	3	3	1	1	2	2	5	5	4	4	1	1	2	2	3	3	2	2	2	2	4	4	1	1	2	2	2	2	14	14	15	15	1	1	1	1	1	1	2	2	4	4	2	2	3	3	5	5	2	2	1	1	3	3	4	4	1	1	2	2	2	2	1	1	1	1	3	3	2	2	4	4	2	2	1	1	2	2	2	2	2	2	3	3	6	6	8	8	3	3	2	2	4	4	3	3	6	6	4	4	1	1	4	4	4	4	3	3	1	1	1	1	2	2	1	1	1	1	3	3	1	1	2	2	2	2	1	1	3	3	1	1	6	6	3	3	2	2	1	1	1	1	4	4	2	2	1	1	2	2	2	2	2	2	3	3	3	3	6	6	3	3	8	8	9	9	3	3	2	2	5	5	8	8	1	1
IND00037	3	3	2	2	3	3	1	1	4	4	3	3	6	6	8	8	1	1	1	1	4	4	2	2	2	2	3	3	1	1	2	2	1	1	2	2	10	10	15	15	2	2	2	2	2	2	1	1	4	4	3	3	7	7	7	7	1	1	3	3	3	3	3	3	1	1	1	1	3	3	3	3	2	2	1	1	4	4	3	3	4	4	1	1	1	1	1	1	11	11	19	19	8	8	7	7	2	2	1	1	4	4	1	1	2	2	16	16	3	3	2	2	4	4	3	3	2	2	1	1	2	2	2	2	4	4	1	1	1	1	1	1	1	1	1	1	3	3	3	3	16	16	7	7	2	2	1	1	2	2	3	3	2	2	2	2	1	1	3	3	7	7	5	5	6	6	4	4	2	2	6	6	16	16	3	3	2	2	3	3	5	5	1	1
IND00038	4	4	2	2	4	4	1	1	1	1	1	1	7	7	3	3	1	1	4	4	3	3	1	1	3	3	4	4	4	4	4	4	2	2	2	2	1	1	4	4	2	2	2	2	2	2	2	2	4	4	2	2	1	1	7	7	4	4	3	3	4	4	4	4	1	1	1	1	3	3	4	4	1	1	4	4	2	2	2	2	1	1	2	2	2	2	1	1	29	29	17	17	7	7	2	2	1	1	4	4	2	2	3	3	2	2	8	8	1	1	2	2	2	2	2	2	1	1	1	1	2	2	1	1	1	1	4	4	2	2	1	1	2	2	1	1	4	4	3	3	1	1	5	5	1	1	2	2	3	3	1	1	2	2	1	1	3	3	3	3	1	1	7	7	1	1	7	7	1	1	1	1	4	4	10	10	1	1	6	6	6	6	6	6
IND00039	1	1	4	4	3	3	2	2	2	2	2	2	3	3	1	1	4	4	2	2	3	3	1	1	2	2	4	4	2	2	4	4	2	2	2	2	9	9	2	2	2	2	2	2	1	1	2	2	3	3	1	1	5	5	6	6	4	4	3	3	2	2	1	1	2	2	1	1	2	2	1	1	2	2	3	3	1	1	1	1	2	2	1	1	2	2	2	2	11	11	25	25	2	2	1	1	2	2	2	2	1	1	3	3	15	15	14	14	1	1	3	3	3	3	1	1	2	2	1	1	1	1	2	2	1	1	3	3	2	2	1	1	2	2	2	2	3	3	4	4	16	16	1	1	1	1	2	2	3	3	4	4	1	1	1	1	2	2	3	3	5	5	8	8	5	5	5	5	1	1	4	4	7	7	11	11	6	6	3	3	1	1	4	4
IND00040	3	3	2	2	4	4	4	4	3	3	1	1	2	2	5	5	4	4	2	2	1	1	2	2	1	1	2	2	2	2	3	3	2	2	2	2	14	14	6	6	2	2	2	2	1	1	1	1	2	2	3	3	8	8	3	3	3	3	1	1	4	4	2	2	2	2	1	1	4	4	1	1	3	3	2	2	1	1	4	4	4	4	3	3	1	1	2	2	19	19	6	6	8	8	1	1	3	3	2	2	2	2	1	1	2	2	7	7	2	2	1	1	3	3	2	2	1	1	1	1	1	1	2	2	3	3	2	2	1	1	1	1	1	1	1	1	3	3	3	3	2	2	5	5	1	1	1	1	1	1	3	3	2	2	2	2	1	1	1	1	4	4	8	8	7	7	8	8	7	7	3	3	8	8	9	9	7	7	1	1	1	1	5	5
IND00041	3	3	3	3	1	1	3	3	2	2	3	3	4	4	8	8	1	1	1	1	4	4	2	2	2	2	1	1	1	1	2	2	2	2	1	1	11	11	14	14	1	1	2	2	2	2	1	1	3	3	1	1	1	1	5	5	2	2	1	1	1	1	2	2	2	2	2	2	3	3	2	2	2	2	1	1	2	2	3	3	3	3	4	4	2	2	2	2	21	21	26	26	1	1	8	8	2	2	2	2	3	3	2	2	6	6	9	9	2	2	4	4	2	2	3	3	2	2	2	2	2	2	2	2	2	2	3	3	1	1	2	2	1	1	1	1	2	2	4	4	3	3	2	2	1	1	2	2	3	3	2	2	2	2	1	1	3	3	3	3	5	5	2	2	3	3	4	4	2	2	6	6	5	5	13	13	5	5	1	1	4	4	4	4
IND00042	1	1	4	4	3	3	1	1	2	2	4	4	6	6	6	6	1	1	3	3	3	3	3	3	3	3	4	4	1	1	3	3	1	1	1	1	1	1	11	11	2	2	2	2	2	2	2	2	1	1	1	1	2	2	8	8	3	3	1	1	3	3	2	2	2	2	2	2	2	2	3	3	1	1	1	1	1	1	3	3	4	4	4	4	1	1	1	1	31	31	14	14	7	7	1	1	1	1	2	2	2	2	2	2	16	16	9	9	2	2	4	4	2	2	4	4	1	1	2	2	1	1	1	1	1	1	2	2	1	1	2	2	2	2	1	1	4	4	4	4	6	6	2	2	2	2	2	2	4	4	4	4	2	2	2	2	1	1	1	1	5	5	2	2	1	1	4	4	5	5	1	1	2	2	8	8	2	2	1	1	6	6	5	5
IND00043	3	3	4	4	2	2	3	3	3	3	3	3	6	6	5	5	3	3	3	3	3	3	1	1	1	1	1	1	1	1	1	1	1	1	1	1	2	2	6	6	2	2	2	2	1	1	1	1	3	3	4	4	4	4	1	1	3	3	2	2	3	3	4	4	1	1	2	2	4	4	1	1	2	2	1	1	4	4	1	1	2	2	2	2	2	2	1	1	29	29	29	29	3	3	3	3	4	4	2	2	4	4	2	2	9	9	6	6	1	1	3	3	4	4	4	4	2	2	2	2	2	2	2	2	1	1	2	2	1	1	2	2	1	1	2	2	3	3	4	4	14	14	3	3	2	2	2	2	1	1	1	1	1	1	1	1	2	2	2	2	2	2	5	5	6	6	6	6	7	7	7	7	10	10	12	12	5	5	7	7	6	6	2	2
IND00044	2	2	3	3	4	4	3	3	3	3	4	4	1	1	4	4	4	4	2	2	3	3	2	2	2	2	1	1	2	2	3	3	1	1	1	1	11	11	1	1	2	2	2	2	2	2	1	1	4	4	1	1	5	5	5	5	3	3	2	2	2	2	2	2	1	1	1	1	3	3	3	3	1	1	1	1	2	2	2	2	4	4	1	1	2	2	1	1	22	22	1	1	8	8	5	5	1	1	3	3	1	1	2	2	3	3	2	2	2	2	2	2	4	4	3	3	2	2	2	2	2	2	1	1	3	3	4	4	1	1	2	2	2	2	1	1	4	4	2	2	8	8	5	5	1	1	2	2	3	3	2	2	1	1	2	2	1	1	1	1	1	1	1	1	7	7	7	7	6	6	2	2	8	8	14	14	8	8	6	6	2	2	2	2
IND00045	1	1	3	3	1	1	3	3	4	4	1	1	5	5	2	2	2	2	3	3	3	3	4	4	4	4	1	1	1	1	3	3	1	1	1	1	4	4	7	7	1	1	2	2	2	2	2	2	1	1	1	1	8	8	8	8	2	2	3	3	3	3	3	3	2	2	2	2	1	1	4	4	2	2	1	1	1	1	3	3	4	4	1	1	2	2	2	2	25	25	28	28	7	7	6	6	3	3	3	3	2	2	2	2	8	8	8	8	4	4	3	3	1	1	4	4	2	2	2	2	2	2	1	1	4	4	3	3	1	1	1	1	2	2	1	1	1	1	4	4	13	13	15	15	2	2	2	2	3	3	3	3	1	1	2	2	3	3	3	3	3	3	8	8	4	4	8	8	3	3	2	2	8	8	16	16	1	1	4	4	5	5	4	4
IND00046	2	2	3	3	1	1	1	1	2	2	3	3	3	3	8	8	2	2	2	2	1	1	4	4	3	3	1	1	2	2	3	3	1	1	2	2	10	10	5	5	1	1	2	2	2	2	1	1	2	2	2	2	2	2	8	8	4	4	4	4	3	3	4	4	2	2	1	1	3	3	3	3	3	3	4	4	3	3	3	3	3	3	1	1	2	2	1	1	23	23	17	17	1	1	8	8	4	4	1	1	2	2	3	3	5	5	14	14	1	1	3	3	2	2	2	2	1	1	1	1	2	2	1	1	3	3	4	4	1	1	2	2	1	1	1	1	4	4	4	4	12	12	12	12	1	1	1	1	3	3	2	2	1	1	2	2	3	3	2	2	7	7	3	3	2	2	5	5	4	4	8	8	5	5	12	12	8	8	1	1	3	3	3	3
IND00047	4	4	2	2	3	3	4	4	2	2	4	4	1	1	2	2	4	4	4	4	4	4	3	3	4	4	3	3	1	1	1	1	1	1	2	2	1	1	3	3	1	1	2	2	2	2	1	1	3	3	1	1	7	7	2	2	3	3	2	2	4	4	1	1	2	2	1	1	2	2	2	2	3	3	3	3	3	3	2	2	1	1	4	4	1	1	2	2	31	31	31	31	1	1	2	2	4	4	1	1	2	2	2	2	3	3	9	9	2	2	4	4	4	4	3	3	2	2	1	1	2	2	2	2	1	1	3	3	1	1	1	1	2	2	2	2	3	3	2	2	11	11	16	16	1	1	2	2	2	2	3	3	1	1	2	2	1	1	2	2	1	1	6	6	1	1	3	3	6	6	7	7	2	2	13	13	6	6	6	6	2	2	1	1
IND00048	4	4	1	1	1	1	1	1	3	3	1	1	4	4	2	2	1	1	4	4	3	3	4	4	2	2	4	4	3	3	1	1	1	1	2	2	16	16	9	9	2	2	1	1	2	2	1	1	4	4	1	1	6	6	1	1	1	1	1	1	2	2	2	2	2	2	2	2	3	3	4	4	2	2	2	2	2	2	1	1	4	4	1	1	2	2	2	2	31	31	15	15	6	6	1	1	4	4	2	2	1	1	4	4	10	10	7	7	1	1	1	1	1	1	4	4	1	1	1	1	2	2	1	1	1	1	3	3	2	2	2	2	1	1	1	1	1	1	2	2	3	3	1	1	2	2	1	1	2	2	1	1	1	1	2	2	3	3	1	1	6	6	7	7	1	1	3	3	4	4	8	8	15	15	3	3	8	8	2	2	1	1	2	2
IND00049	3	3	3	3	1	1	2	2	4	4	4	4	1	1	5	5	3	3	2	2	2	2	4	4	2	2	4	4	4	4	3	3	2	2	2	2	7	7	12	12	1	1	2	2	2	2	1	1	1	1	3	3	4	4	8	8	3	3	2	2	2	2	2	2	2	2	1	1	3	3	1	1	2	2	4	4	1	1	1	1	3	3	4	4	1	1	1	1	9	9	24	24	7	7	3	3	1	1	2	2	4	4	4	4	3	3	9	9	4	4	1	1	2	2	4	4	1	1	1	1	1	1	1	1	3	3	3	3	2	2	1	1	1	1	2	2	2	2	1	1	10	10	9	9	1	1	2	2	3	3	1	1	1	1	2	2	4	4	1	1	1	1	5	5	1	1	5	5	4	4	5	5	10	10	3	3	4	4	1	1	1	1	8	8
IND00050	3	3	4	4	4	4	1	1	1	1	1	1	4	4	6	6	3	3	3	3	4	4	3	3	3	3	4	4	3	3	3	3	2	2	1	1	8	8	12	12	2	2	1	1	1	1	1	1	4	4	1	1	5	5	1	1	2	2	3	3	3	3	4	4	2	2	1	1	3	3	3	3	4	4	3	3	4	4	2	2	4	4	3	3	2	2	2	2	4	4	6	6	3	3	3	3	2	2	1	1	4	4	4	4	5	5	13	13	2	2	1	1	1	1	3	3	2	2	1	1	2	2	2	2	3	3	1	1	2	2	1	1	1	1	1	1	4	4	1	1	13	13	11	11	2	2	1	1	2	2	3	3	2	2	1	1	3	3	2	2	5	5	3	3	4	4	3	3	2	2	5	5	5	5	8	8	4	4	1	1	2	2	8	8
IND00051	2	2	3	3	1	1	2	2	3	3	1	1	8	8	4	4	4	4	1	1	1	1	2	2	4	4	2	2	1	1	3	3	1	1	1	1	13	13	14	14	2	2	2	2	1	1	1	1	3	3	3	3	1	1	2	2	1	1	3	3	2	2	3	3	2	2	1	1	1	1	2	2	2	2	1	1	4	4	4	4	4	4	4	4	2	2	1	1	3	3	28	28	3	3	2	2	4	4	4	4	1	1	1	1	5	5	6	6	1	1	2	2	2	2	3	3	1	1	1	1	2	2	2	2	4	4	4	4	1	1	1	1	2	2	1	1	2	2	2	2	8	8	12	12	1	1	2	2	1	1	3	3	2	2	1	1	3	3	3	3	5	5	7	7	5	5	5	5	7	7	3	3	5	5	2	2	4	4	5	5	5	5	4	4
IND00052	1	1	1	1	4	4	1	1	1	1	1	1	7	7	3	3	3	3	1	1	3	3	2	2	3	3	4	4	4	4	2	2	1	1	1	1	3	3	2	2	2	2	2	2	1	1	1	1	4	4	3	3	2	2	1	1	1	1	2	2	2	2	1	1	2	2	1	1	4	4	4	4	2	2	4	4	4	4	3	3	3	3	4	4	1	1	2	2	21	21	3	3	7	7	3	3	3	3	1	1	4	4	2	2	8	8	16	16	3	3	2	2	3	3	1	1	2	2	2	2	1	1	1	1	1	1	3	3	2	2	2	2	2	2	2	2	3	3	4	4	16	16	3	3	1	1	2	2	1	1	2	2	2	2	1	1	4	4	3	3	1	1	4	4	6	6	7	7	3	3	4	4	1	1	2	2	5	5	2	2	2	2	8	8
IND00053	2	2	1	1	1	1	1	1	4	4	4	4	7	7	8	8	3	3	3	3	2	2	2	2	3	3	4	4	3	3	3	3	1	1	2	2	5	5	7	7	2	2	1	1	1	1	2	2	3	3	4	4	5	5	7	7	2	2	1	1	3	3	1	1	2	2	1	1	3	3	2	2	2	2	4	4	1	1	4	4	1	1	1	1	2	2	2	2	16	16	21	21	7	7	6	6	3	3	3	3	3	3	2	2	14	14	14	14	3	3	2	2	2	2	1	1	2	2	2	2	1	1	2	2	3	3	3	3	2	2	2	2	2	2	1	1	4	4	1	1	11	11	12	12	2	2	1	1	4	4	3	3	1	1	1	1	2	2	3	3	6	6	1	1	7	7	7	7	2	2	8	8	16	16	11	11	5	5	7	7	6	6	8	8
IND00054	2	2	3	3	4	4	2	2	1	1	3	3	6	6	4	4	4	4	2	2	4	4	1	1	1	1	1	1	1	1	4	4	1	1	2	2	9	9	10	10	1	1	2	2	1	1	2	2	2	2	1	1	5	5	7	7	3	3	4	4	1	1	4	4	2	2	2	2	2	2	2	2	1	1	2	2	1	1	3	3	4	4	1	1	2	2	1	1	30	30	25	25	2	2	4	4	3	3	1	1	1	1	2	2	10	10	11	11	3	3	2	2	4	4	2	2	2	2	2	2	1	1	1	1	4	4	4	4	2	2	1	1	1	1	1	1	4	4	2	2	1	1	2	2	2	2	1	1	4	4	2	2	2	2	1	1	1	1	3	3	1	1	6	6	8	8	3	3	6	6	6	6	15	15	5	5	1	1	4	4	2	2	5	5
IND00055	2	2	4	4	1	1	3	3	3	3	4	4	6	6	8	8	2	2	3	3	3	3	2	2	3	3	4	4	2	2	3	3	1	1	1	1	14	14	7	7	2	2	2	2	1	1	2	2	4	4	3	3	7	7	7	7	4	4	2	2	4	4	4	4	2	2	1	1	4	4	4	4	4	4	3	3	4	4	4	4	1	1	3	3	1	1	1	1	4	4	23	23	4	4	7	7	3	3	3	3	1	1	3	3	12	12	13	13	2	2	3	3	3	3	1	1	2	2	1	1	1	1	2	2	4	4	2	2	1	1	1	1	2	2	1	1	2	2	2	2	4	4	7	7	1	1	1	1	2	2	1	1	1	1	1	1	4	4	2	2	1	1	8	8	1	1	7	7	2	2	7	7	3	3	2	2	1	1	1	1	5	5	7	7
IND00056	4	4	2	2	1	1	1	1	1	1	4	4	3	3	1	1	4	4	2	2	4	4	1	1	3	3	4	4	1	1	1	1	1	1	1	1	15	15	2	2	2	2	2	2	2	2	1	1	2	2	1	1	8	8	5	5	3	3	2	2	1	1	3	3	1	1	2	2	1	1	4	4	2	2	2	2	3	3	1	1	2	2	4	4	2	2	1	1	9	9	14	14	5	5	3	3	4	4	1	1	4	4	4	4	8	8	5	5	4	4	3	3	1	1	1	1	1	1	1	1	2	2	1	1	3	3	1	1	2	2	2	2	1	1	1	1	2	2	1	1	3	3	15	15	2	2	1	1	1	1	4	4	1	1	1	1	3	3	3	3	3	3	8	8	5	5	4	4	2	2	2	2	7	7	7	7	3	3	6	6	1	1	3	3
IND00057	2	2	4	4	1	1	1	1	4	4	4	4	5	5	8	8	3	3	1	1	1	1	2	2	2	2	4	4	4	4	4	4	2	2	1	1	9	9	12	12	1	1	2	2	1	1	2	2	1	1	4	4	4	4	3	3	4	4	4	4	3	3	4	4	2	2	2	2	4	4	4	4	3	3	3	3	4	4	3	3	2	2	2	2	1	1	2	2	18	18	14	14	2	2	4	4	1	1	2	2	4	4	2	2	3	3	4	4	1	1	3	3	2	2	1	1	1	1	2	2	2	2	2	2	4	4	1	1	1	1	2	2	1	1	2	2	4	4	1	1	4	4	15	15	2	2	2	2	2	2	1	1	2	2	2	2	1	1	2	2	5	5	8	8	6	6	3	3	4	4	1	1	13	13	7	7	3	3	6	6	5	5	7	7
IND00058	3	3	1	1	2	2	1	1	4	4	4	4	2	2	7	7	2	2	3	3	4	4	4	4	4	4	4	4	1	1	3	3	1	1	2	2	14	14	14	14	2	2	2	2	2	2	1	1	1	1	3	3	5	5	7	7	2	2	3	3	2	2	2	2	1	1	1	1	4	4	4	4	4	4	3	3	1	1	1	1	4	4	1	1	1	1	1	1	10	10	26	26	4	4	2	2	1	1	4	4	4	4	1	1	13	13	10	10	4	4	1	1	2	2	4	4	2	2	2	2	1	1	2	2	2	2	2	2	1	1	2	2	1	1	2	2	4	4	2	2	6	6	10	10	1	1	1	1	4	4	3	3	1	1	1	1	2	2	2	2	6	6	6	6	1	1	4	4	6	6	4	4	14	14	9	9	3	3	8	8	4	4	3	3
IND00059	3	3	1	1	4	4	3	3	3	3	1	1	2	2	4	4	3	3	3	3	1	1	2	2	1	1	3	3	3	3	2	2	2	2	2	2	3	3	2	2	2	2	1	1	1	1	1	1	2	2	3	3	5	5	2	2	4	4	1	1	3	3	2	2	2	2	2	2	1	1	3	3	4	4	4	4	1	1	4	4	4	4	4	4	1	1	1	1	3	3	7	7	7	7	3	3	1	1	3	3	4	4	1	1	6	6	8	8	4	4	3	3	4	4	2	2	1	1	1	1	2	2	2	2	2	2	1	1	2	2	2	2	2	2	2	2	4	4	4	4	6	6	2	2	1	1	1	1	4	4	2	2	2	2	2	2	1	1	4	4	2	2	8	8	6	6	7	7	5	5	3	3	11	11	8	8	3	3	6	6	3	3	5	5
IND00060	1	1	4	4	3	3	3	3	3	3	3	3	5	5	8	8	3	3	4	4	4	4	2	2	3	3	4	4	1	1	1	1	2	2	2	2	14	14	15	15	1	1	2	2	1	1	2	2	3	3	2	2	2	2	5	5	4	4	2	2	3	3	4	4	2	2	1	1	1	1	3	3	2	2	4	4	3	3	3	3	3	3	1	1	2	2	2	2	3	3	28	28	7	7	7	7	2	2	1	1	1	1	1	1	10	10	5	5	4	4	3	3	2	2	1	1	2	2	1	1	2	2	1	1	3	3	1	1	1	1	1	1	2	2	2	2	4	4	2	2	15	15	9	9	1	1	1	1	3	3	1	1	2	2	2	2	1	1	3	3	7	7	1	1	5	5	3	3	4	4	5	5	1	1	2	2	2	2	7	7	8	8	5	5
IND00061	1	1	2	2	4	4	4	4	3	3	3	3	6	6	6	6	1	1	3	3	4	4	4	4	3	3	3	3	4	4	4	4	2	2	2	2	6	6	13	13	1	1	1	1	2	2	1	1	1	1	2	2	2	2	1	1	4	4	2	2	1	1	3	3	1	1	2	2	2	2	4	4	3	3	3	3	1	1	4	4	3	3	1	1	2	2	2	2	27	27	26	26	8	8	3	3	4	4	1	1	1	1	1	1	2	2	3	3	4	4	3	3	3	3	3	3	2	2	1	1	1	1	2	2	3	3	2	2	1	1	2	2	2	2	2	2	4	4	4	4	4	4	16	16	2	2	2	2	1	1	4	4	2	2	1	1	2	2	4	4	2	2	7	7	4	4	6	6	4	4	3	3	12	12	7	7	2	2	6	6	5	5	5	5
IND00062	4	4	2	2	3	3	2	2	1	1	1	1	4	4	3	3	1	1	2	2	2	2	2	2	4	4	4	4	4	4	3	3	2	2	1	1	6	6	13	13	2	2	1	1	2	2	1	1	3	3	3	3	3	3	8	8	1	1	4	4	4	4	2	2	2	2	1	1	3	3	2	2	2	2	4	4	2	2	3	3	1	1	3	3	2	2	1	1	26	26	27	27	6	6	4	4	3	3	4	4	4	4	4	4	9	9	1	1	1	1	1	1	2	2	4	4	2	2	2	2	2	2	2	2	3	3	2	2	2	2	1	1	2	2	1	1	2	2	4	4	16	16	12	12	2	2	1	1	3	3	3	3	2	2	2	2	2	2	2	2	3	3	3	3	7	7	4	4	8	8	7	7	3	3	13	13	7	7	6	6	2	2	3	3
IND00063	2	2	4	4	3	3	3	3	4	4	2	2	3	3	7	7	3	3	2	2	1	1	4	4	3	3	1	1	1	1	1	1	2	2	2	2	12	12	15	15	2	2	1	1	2	2	2	2	4	4	1	1	1	1	2	2	1	1	3	3	3	3	1	1	1	1	1	1	1	1	3	3	2	2	3	3	4	4	1	1	2	2	3	3	1	1	1	1	1	1	23	23	3	3	7	7	2	2	4	4	2	2	1	1	15	15	13	13	3	3	3	3	2	2	3	3	1	1	2	2	1	1	1	1	4	4	2	2	1	1	2	2	1	1	2	2	4	4	3	3	12	12	14	14	2	2	2	2	4	4	2	2	2	2	1	1	4	4	1	1	1	1	6	6	7	7	8	8	4	4	7	7	9	9	15	15	3	3	4	4	8	8	2	2
IND00064	2	2	2	2	2	2	1	1	4	4	2	2	3	3	5	5	3	3	1	1	3	3	2	2	3	3	3	3	1	1	3	3	1	1	2	2	6	6	6	6	2	2	1	1	2	2	1	1	1	1	2	2	4	4	6	6	4	4	3	3	2	2	4	4	1	1	2	2	2	2	4	4	1	1	3	3	2	2	4	4	4	4	2	2	2	2	2	2	26	26	16	16	6	6	8	8	4	4	2	2	4	4	1	1	2	2	7	7	1	1	2	2	4	4	3	3	1	1	2	2	1	1	1	1	4	4	4	4	1	1	2	2	1	1	1	1	2	2	2	2	5	5	8	8	1	1	2	2	1	1	2	2	1	1	1	1	4	4	4	4	5	5	6	6	5	5	6	6	4	4	5	5	14	14	3	3	8	8	6	6	7	7	1	1
IND00065	4	4	4	4	4	4	4	4	3	3	4	4	6	6	5	5	4	4	2	2	3	3	2	2	3	3	1	1	1	1	2	2	2	2	2	2	1	1	15	15	1	1	1	1	2	2	2	2	3	3	1	1	5	5	6	6	1	1	2	2	4	4	2	2	1	1	2	2	1	1	1	1	4	4	3	3	3	3	4	4	2	2	4	4	2	2	1	1	7	7	5	5	8	8	7	7	2	2	4	4	1	1	2	2	7	7	5	5	1	1	3	3	1	1	4	4	1	1	2	2	1	1	1	1	2	2	3	3	1	1	2	2	2	2	1	1	2	2	4	4	11	11	12	12	2	2	1	1	3	3	3	3	2	2	2	2	2	2	1	1	7	7	5	5	4	4	8	8	8	8	8	8	6	6	7	7	5	5	1	1	2	2	8	8
IND00066	3	3	3	3	1	1	4	4	3	3	2	2	1	1	1	1	3	3	1	1	3	3	2	2	4	4	3	3	3	3	3	3	2	2	1	1	13	13	13	13	2	2	2	2	1	1	2	2	1	1	3	3	8	8	3	3	1	1	4	4	2	2	4	4	1	1	1	1	2	2	4	4	4	4	4	4	1	1	1	1	2	2	2	2	2	2	1	1	22	22	8	8	4	4	5	5	3	3	3	3	2	2	1	1	4	4	7	7	4	4	1	1	4	4	2	2	2	2	1	1	1	1	2	2	2	2	1	1	2	2	1	1	1	1	1	1	2	2	2	2	16	16	16	16	2	2	2	2	1	1	2	2	2	2	1	1	1	1	1	1	4	4	6	6	4	4	5	5	7	7	3	3	6	6	12	12	1	1	6	6	6	6	3	3
IND00067	1	1	1	1	4	4	3	3	3	3	2	2	6	6	4	4	3	3	2	2	1	1	3	3	3	3	2	2	3	3	4	4	1	1	1	1	13	13	1	1	2	2	1	1	1	1	2	2	4	4	4	4	1	1	3	3	3	3	3	3	4	4	1	1	2	2	2	2	1	1	1	1	1	1	3	3	2	2	2	2	4	4	1	1	2	2	1	1	21	21	24	24	2	2	8	8	3	3	2	2	1	1	3	3	15	15	14	14	2	2	4	4	3	3	3	3	1	1	2	2	2	2	1	1	3	3	4	4	1	1	2	2	1	1	1	1	1	1	4	4	5	5	13	13	1	1	1	1	4	4	4	4	2	2	1	1	2	2	3	3	1	1	1	1	7	7	8	8	4	4	3	3	2	2	4	4	7	7	2	2	4	4	2	2
IND00068	4	4	2	2	1	1	1	1	4	4	1	1	7	7	5	5	4	4	1	1	3	3	1	1	3	3	4	4	2	2	3	3	2	2	1	1	1	1	5	5	2	2	1	1	2	2	1	1	4	4	4	4	3	3	2	2	3	3	2	2	1	1	1	1	1	1	2	2	2	2	2	2	4	4	1	1	2	2	3	3	2	2	2	2	2	2	2	2	20	20	21	21	1	1	6	6	1	1	1	1	4	4	4	4	3	3	11	11	1	1	4	4	2	2	3	3	2	2	1	1	2	2	2	2	2	2	4	4	2	2	1	1	1	1	1	1	2	2	2	2	14	14	9	9	1	1	2	2	3	3	3	3	1	1	2	2	3	3	2	2	6	6	8	8	5	5	3	3	6	6	2	2	5	5	13	13	1	1	8	8	6	6	8	8
IND00069	2	2	4	4	1	1	1	1	4	4	2	2	5	5	8	8	4	4	1	1	1	1	3	3	2	2	2	2	3	3	3	3	1	1	1	1	14	14	11	11	2	2	2	2	1	1	2	2	2	2	4	4	6	6	4	4	1	1	3	3	3	3	2	2	2	2	1	1	4	4	3	3	3	3	3	3	4	4	1	1	3	3	2	2	2	2	1	1	15	15	24	24	1	1	7	7	4	4	4	4	2	2	2	2	11	11	16	16	4	4	3	3	3	3	4	4	2	2	2	2	2	2	1	1	3	3	2	2	2	2	2	2	1	1	1	1	2	2	2	2	3	3	14	14	1	1	2	2	4	4	1	1	1	1	1	1	2	2	4	4	2	2	4	4	1	1	1	1	5	5	5	5	8	8	11	11	1	1	5	5	6	6	4	4
IND00070	3	3	3	3	4	4	4	4	2	2	4	4	5	5	4	4	2	2	1	1	4	4	4	4	3	3	2	2	2	2	4	4	1	1	2	2	5	5	1	1	2	2	2	2	2	2	1	1	4	4	4	4	1	1	7	7	3	3	3	3	3	3	4	4	2	2	1	1	4	4	3	3	1	1	3	3	2	2	4	4	4	4	4	4	1	1	1	1	6	6	23	23	8	8	8	8	3	3	3	3	4	4	4	4	12	12	6	6	1	1	2	2	3	3	1	1	1	1	2	2	2	2	1	1	4	4	3	3	1	1	1	1	2	2	1	1	3	3	4	4	15	15	12	12	2	2	2	2	2	2	3	3	1	1	2	2	1	1	1	1	6	6	8	8	2	2	3	3	5	5	3	3	1	1	2	2	6	6	6	6	4	4	8	8
IND00071	1	1	1	1	3	3	4	4	1	1	1	1	8	8	3	3	1	1	4	4	2	2	1	1	1	1	2	2	1	1	3	3	1	1	1	1	1	1	15	15	1	1	1	1	1	1	2	2	4	4	3	3	5	5	4	4	1	1	2	2	1	1	4	4	1	1	2	2	2	2	4	4	3	3	2	2	2	2	3	3	2	2	4	4	2	2	2	2	12	12	25	25	7	7	3	3	4	4	1	1	4	4	3	3	9	9	7	7	1	1	4	4	4	4	4	4	2	2	2	2	1	1	1	1	1	1	3	3	2	2	2	2	1	1	2	2	1	1	1	1	10	10	3	3	2	2	2	2	4	4	1	1	2	2	2	2	1	1	3	3	2	2	5	5	2	2	4	4	8	8	6	6	5	5	8	8	4	4	7	7	6	6	4	4
IND00072	1	1	4	4	1	1	2	2	3	3	3	3	1	1	8	8	4	4	2	2	3	3	4	4	2	2	1	1	4	4	4	4	1	1	2	2	12	12	3	3	2	2	1	1	1	1	2	2	1	1	3	3	6	6	6	6	3	3	2	2	1	1	2	2	1	1	2	2	1	1	3	3	3	3	2	2	1	1	2	2	3	3	1	1	1	1	1	1	32	32	3	3	2	2	6	6	2	2	3	3	4	4	4	4	1	1	8	8	4	4	4	4	4	4	2	2	2	2	1	1	1	1	1	1	2	2	3	3	2	2	2	2	1	1	2	2	1	1	3	3	9	9	10	10	1	1	1	1	2	2	3	3	1	1	1	1	4	4	3	3	5	5	2	2	3	3	4	4	7	7	2	2	2	2	11	11	4	4	3	3	7	7	3	3
IND00073	1	1	1	1	4	4	4	4	1	1	3	3	3	3	8	8	4	4	4	4	4	4	3	3	2	2	3	3	1	1	4	4	2	2	2	2	3	3	16	16	2	2	2	2	2	2	1	1	1	1	4	4	2	2	4	4	3	3	4	4	1	1	4	4	1	1	2	2	3	3	4	4	2	2	3	3	2	2	2	2	2	2	4	4	1	1	1	1	6	6	24	24	2	2	8	8	1	1	3	3	1	1	1	1	11	11	4	4	2	2	4	4	1	1	2	2	1	1	1	1	2	2	2	2	1	1	2	2	1	1	2	2	1	1	2	2	2	2	4	4	1	1	14	14	1	1	2	2	1	1	4	4	1	1	2	2	4	4	4	4	3	3	1	1	2	2	4	4	4	4	8	8	5	5	2	2	4	4	3	3	8	8	1	1
IND00074	2	2	2	2	3	3	3	3	3	3	3	3	2	2	2	2	2	2	3	3	1	1	3	3	2	2	3	3	3	3	3	3	2	2	2	2	2	2	16	16	1	1	1	1	2	2	2	2	1	1	4	4	2	2	7	7	2	2	2	2	2	2	4	4	1	1	1	1	2	2	4	4	1	1	1	1	1	1	3	3	4	4	3	3	1	1	2	2	21	21	3	3	1	1	2	2	2	2	2	2	1	1	3	3	5	5	7	7	2	2	1	1	4	4	2	2	2	2	1	1	2	2	2	2	3	3	1	1	1	1	2	2	2	2	1	1	2	2	1	1	1	1	9	9	1	1	1	1	1	1	1	1	2	2	1	1	4	4	1	1	5	5	1	1	5	5	4	4	4	4	6	6	15	15	2	2	3	3	8	8	1	1	7	7
IND00075	1	1	4	4	3	3	3	3	3	3	4	4	8	8	3	3	2	2	2	2	4	4	1	1	4	4	4	4	3	3	4	4	2	2	1	1	7	7	2	2	1	1	1	1	2	2	2	2	2	2	1	1	2	2	7	7	2	2	2	2	2	2	3	3	1	1	2	2	4	4	1	1	2	2	4	4	3	3	2	2	2	2	1	1	2	2	1	1	24	24	18	18	2	2	3	3	4	4	2	2	3	3	4	4	12	12	1	1	3	3	2	2	4	4	4	4	2	2	2	2	1	1	1	1	3	3	1	1	1	1	1	1	2	2	2	2	1	1	3	3	12	12	11	11	2	2	2	2	1	1	4	4	2	2	2	2	2	2	2	2	3	3	8	8	6	6	8	8	4	4	6	6	8	8	7	7	7	7	3	3	3	3	5	5
IND00076	2	2	3	3	4	4	4	4	2	2	4	4	7	7	8	8	3	3	4	4	2	2	1	1	4	4	3	3	1	1	1	1	1	1	1	1	15	15	1	1	1	1	2	2	1	1	2	2	2	2	2	2	3	3	3	3	4	4	3	3	3	3	3	3	1	1	2	2	2	2	2	2	2	2	1	1	3	3	4	4	4	4	2	2	2	2	2	2	14	14	28	28	5	5	1	1	4	4	1	1	3	3	3	3	16	16	10	10	4	4	4	4	3	3	1	1	2	2	2	2	1	1	1	1	4	4	1	1	1	1	2	2	2	2	1	1	3	3	3	3	16	16	7	7	1	1	2	2	3	3	3	3	2	2	1	1	1	1	3	3	6	6	1	1	7	7	1	1	2	2	5	5	4	4	5	5	6	6	4	4	4	4	1	1
IND00077	4	4	1	1	1	1	4	4	3	3	1	1	5	5	1	1	2	2	3	3	4	4	2	2	2	2	1	1	4	4	2	2	2	2	2	2	9	9	15	15	1	1	2	2	1	1	2	2	1	1	2	2	6	6	4	4	2	2	1	1	3	3	4	4	2	2	2	2	3	3	3	3	1	1	3	3	2	2	4	4	3	3	4	4	1	1	1	1	26	26	20	20	3	3	2	2	2	2	2	2	1	1	1	1	3	3	6	6	2	2	2	2	2	2	3	3	1	1	1	1	1	1	2	2	4	4	3	3	1	1	1	1	1	1	1	1	3	3	2	2	3	3	3	3	2	2	1	1	3	3	3	3	2	2	2	2	3	3	1	1	1	1	8	8	5	5	8	8	2	2	3	3	2	2	1	1	1	1	6	6	8	8	6	6
IND00078	1	1	3	3	1	1	3	3	4	4	1	1	3	3	8	8	4	4	4	4	3	3	3	3	1	1	3	3	2	2	4	4	2	2	2	2	7	7	10	10	2	2	1	1	1	1	2	2	3	3	2	2	3	3	1	1	1	1	2	2	1	1	4	4	2	2	2	2	3	3	2	2	1	1	4	4	3	3	1	1	2	2	2	2	2	2	2	2	12	12	10	10	3	3	1	1	2	2	3	3	4	4	4	4	10	10	10	10	3	3	4	4	3	3	2	2	2	2	1	1	2	2	1	1	1	1	3	3	2	2	2	2	2	2	2	2	4	4	4	4	3	3	15	15	2	2	2	2	3	3	4	4	1	1	1	1	2	2	4	4	1	1	6	6	3	3	1	1	1	1	2	2	16	16	11	11	4	4	3	3	3	3	8	8
IND00079	2	2	3	3	1	1	3	3	4	4	4	4	4	4	4	4	1	1	2	2	1	1	2	2	2	2	1	1	1	1	1	1	1	1	1	1	4	4	5	5	2	2	1	1	1	1	2	2	4	4	1	1	8	8	3	3	2	2	3	3	4	4	3	3	1	1	1	1	3	3	3	3	4	4	3	3	2	2	1	1	4	4	1	1	1	1	2	2	29	29	4	4	2	2	4	4	2	2	1	1	1	1	2	2	11	11	8	8	1	1	4	4	1	1	3	3	1	1	2	2	2	2	1	1	1	1	4	4	1	1	2	2	2	2	2	2	3	3	4	4	7	7	10	10	2	2	1	1	2	2	1	1	2	2	1	1	4	4	2	2	5	5	4	4	3	3	3	3	4	4	6	6	14	14	16	16	7	7	2	2	4	4	1	1
IND00080	4	4	3	3	1	1	1	1	1	1	3	3	3	3	6	6	4	4	4	4	2	2	2	2	4	4	4	4	3	3	3	3	2	2	2	2	2	2	10	10	2	2	1	1	1	1	1	1	4	4	2	2	2	2	6	6	2	2	1	1	1	1	2	2	2	2	1	1	3	3	3	3	2	2	4	4	1	1	1	1	3	3	1	1	2	2	2	2	3	3	7	7	6	6	1	1	2	2	4	4	2	2	4	4	14	14	6	6	2	2	1	1	1	1	2	2	1	1	2	2	2	2	2	2	3	3	2	2	1	1	2	2	1	1	1	1	3	3	2	2	9	9	5	5	2	2	2	2	4	4	2	2	1	1	1	1	3	3	3	3	8	8	4	4	5	5	1	1	8	8	3	3	10	10	13	13	5	5	2	2	4	4	6	6
IND00081	4	4	2	2	2	2	2	2	2	2	3	3	8	8	3	3	4	4	2	2	1	1	1	1	2	2	4	4	4	4	1	1	1	1	1	1	11	11	5	5	2	2	1	1	2	2	2	2	4	4	4	4	2	2	5	5	1	1	2	2	3	3	3	3	1	1	2	2	4	4	4	4	3	3	2	2	4	4	1	1	4	4	1	1	1	1	1	1	8	8	31	31	3	3	8	8	4	4	3	3	4	4	2	2	8	8	1	1	4	4	4	4	2	2	3	3	1	1	1	1	1	1	1	1	1	1	1	1	2	2	2	2	1	1	1	1	2	2	1	1	1	1	9	9	2	2	1	1	4	4	2	2	1	1	1	1	2	2	2	2	7	7	2	2	7	7	4	4	5	5	2	2	3	3	3	3	2	2	5	5	6	6	2	2
IND00082	2	2	2	2	1	1	4	4	4	4	1	1	3	3	8	8	2	2	3	3	3	3	2	2	3	3	4	4	1	1	4	4	1	1	2	2	2	2	9	9	1	1	1	1	1	1	2	2	4	4	3	3	1	1	2	2	4	4	4	4	2	2	3	3	2	2	1	1	4	4	4	4	1	1	2	2	2	2	3	3	3	3	4	4	2	2	2	2	14	14	3	3	7	7	5	5	3	3	3	3	4	4	4	4	4	4	8	8	1	1	4	4	3	3	3	3	2	2	1	1	1	1	1	1	4	4	2	2	2	2	2	2	2	2	2	2	1	1	3	3	12	12	14	14	2	2	1	1	3	3	2	2	1	1	2	2	3	3	1	1	3	3	3	3	6	6	2	2	2	2	6	6	5	5	5	5	3	3	5	5	1	1	5	5
IND00083	3	3	4	4	3	3	1	1	1	1	4	4	7	7	3	3	3	3	1	1	4	4	3	3	2	2	4	4	1	1	3	3	2	2	1	1	14	14	9	9	1	1	2	2	1	1	2	2	2	2	2	2	2	2	1	1	4	4	1	1	2	2	1	1	2	2	1	1	2	2	1	1	4	4	4	4	4	4	1	1	3	3	1	1	2	2	1	1	15	15	22	22	7	7	8	8	1	1	1	1	3	3	3	3	14	14	1	1	1	1	1	1	1	1	2	2	2	2	1	1	1	1	2	2	4	4	3	3	2	2	2	2	2	2	2	2	1	1	2	2	13	13	4	4	2	2	1	1	1	1	2	2	1	1	1	1	1	1	4	4	4	4	3	3	8	8	1	1	7	7	1	1	12	12	10	10	2	2	4	4	1	1	8	8
IND00084	1	1	3	3	1	1	1	1	1	1	2	2	2	2	2	2	2	2	3	3	1	1	4	4	4	4	2	2	1	1	4	4	2	2	2	2	12	12	6	6	2	2	1	1	2	2	2	2	2	2	3	3	6	6	7	7	1	1	3	3	2	2	1	1	2	2	2	2	2	2	3	3	1	1	3	3	3	3	4	4	4	4	3	3	1	1	2	2	20	20	6	6	8	8	2	2	4	4	1	1	2	2	4	4	4	4	12	12	2	2	4	4	4	4	1	1	1	1	2	2	1	1	2	2	1	1	4	4	2	2	1	1	1	1	1	1	4	4	1	1	14	14	16	16	1	1	1	1	3	3	4	4	1	1	2	2	3	3	4	4	7	7	7	7	1	1	7	7	8	8	1	1	10	10	7	7	7	7	5	5	2	2	6	6
IND00085	1	1	4	4	3	3	2	2	3	3	3	3	6	6	1	1	4	4	1	1	3	3	3	3	1	1	3	3	2	2	1	1	2	2	2	2	2	2	10	10	2	2	1	1	2	2	2	2	3	3	4	4	1	1	5	5	2	2	3	3	1	1	1	1	2	2	2	2	3	3	1	1	2	2	1	1	2	2	3	3	4	4	2	2	2	2	2	2	13	13	12	12	6	6	3	3	2	2	1	1	3	3	2	2	14	14	11	11	3	3	1	1	3	3	3	3	2	2	1	1	2	2	2	2	3	3	2	2	2	2	2	2	2	2	2	2	1	1	3	3	12	12	13	13	2	2	2	2	1	1	3	3	2	2	1	1	1	1	4	4	2	2	3	3	8	8	7	7	6	6	8	8	13	13	12	12	7	7	4	4	4	4	3	3
IND00086	2	2	2	2	3	3	1	1	1	1	3	3	3	3	4	4	3	3	3	3	2	2	3	3	1	1	4	4	1	1	3	3	2	2	1	1	15	15	10	10	2	2	2	2	1	1	2	2	1	1	2	2	2	2	5	5	1	1	2	2	1	1	1	1	2	2	1	1	1	1	4	4	3	3	2	2	1	1	2	2	3	3	2	2	2	2	2	2	30	30	27	27	6	6	5	5	2	2	2	2	3	3	1	1	8	8	7	7	1	1	2	2	2	2	2	2	2	2	1	1	1	1	1	1	3	3	1	1	2	2	1	1	2	2	2	2	4	4	1	1	1	1	15	15	1	1	1	1	2	2	3	3	1	1	2	2	2	2	4	4	7	7	7	7	3	3	3	3	3	3	8	8	2	2	11	11	4	4	2	2	4	4	3	3
IND00087	1	1	2	2	1	1	2	2	1	1	4	4	4	4	8	8	2	2	2	2	1	1	4	4	1	1	3	3	3	3	1	1	2	2	2	2	12	12	10	10	1	1	2	2	1	1	2	2	3	3	2	2	8	8	3	3	2	2	3	3	3	3	1	1	2	2	2	2	1	1	1	1	1	1	4	4	4	4	1	1	1	1	4	4	1	1	2	2	8	8	29	29	6	6	5	5	1	1	4	4	1	1	3	3	12	12	9	9	2	2	3	3	1	1	3	3	1	1	2	2	1	1	2	2	1	1	2	2	1	1	2	2	1	1	2	2	3	3	1	1	16	16	6	6	1	1	2	2	4	4	2	2	1	1	2	2	2	2	3	3	2	2	1	1	3	3	6	6	6	6	4	4	16	16	16	16	1	1	4	4	7	7	1	1
IND00088	2	2	4	4	1	1	4	4	1	1	3	3	2	2	8	8	3	3	4	4	3	3	2	2	2	2	2	2	1	1	1	1	1	1	2	2	14	14	10	10	2	2	2	2	2	2	2	2	2	2	3	3	1	1	6	6	2	2	2	2	4	4	2	2	1	1	2	2	2	2	4	4	2	2	3	3	3	3	1	1	3	3	1	1	1	1	1	1	8	8	31	31	7	7	8	8	2	2	3	3	2	2	2	2	11	11	16	16	4	4	2	2	2	2	2	2	1	1	1	1	1	1	1	1	1	1	4	4	2	2	1	1	1	1	1	1	3	3	2	2	1	1	14	14	1	1	2	2	4	4	4	4	2	2	1	1	4	4	4	4	8	8	2	2	5	5	1	1	3	3	1	1	6	6	13	13	6	6	2	2	4	4	6	6
IND00089	4	4	4	4	1	1	1	1	1	1	2	2	6	6	8	8	1	1	4	4	3	3	3	3	1	1	3	3	2	2	2	2	1	1	2	2	10	10	1	1	2	2	1	1	1	1	2	2	4	4	4	4	6	6	1	1	4	4	2	2	2	2	2	2	1	1	2	2	2	2	2	2	2	2	2	2	4	4	3	3	3	3	3	3	2	2	2	2	18	18	14	14	7	7	6	6	3	3	1	1	3	3	1	1	9	9	11	11	1	1	3	3	4	4	2	2	1	1	1	1	2	2	2	2	1	1	2	2	2	2	1	1	2	2	2	2	3	3	2	2	6	6	10	10	2	2	1	1	1	1	3	3	2	2	2	2	4	4	3	3	7	7	8	8	1	1	7	7	7	7	5	5	9	9	15	15	4	4	6	6	1	1	1	1
IND00090	3	3	1	1	3	3	4	4	2	2	4	4	5	5	7	7	2	2	2	2	2	2	2	2	4	4	4	4	1	1	1	1	1	1	1	1	8	8	11	11	2	2	2	2	1	1	2	2	3	3	4	4	5	5	6	6	1	1	2	2	2	2	4	4	1	1	1	1	2	2	2	2	2	2	3	3	1	1	1	1	1	1	2	2	1	1	2	2	29	29	28	28	5	5	7	7	2	2	2	2	1	1	3	3	4	4	2	2	4	4	3	3	3	3	4	4	2	2	1	1	2	2	1	1	1	1	4	4	2	2	2	2	2	2	1	1	4	4	4	4	1	1	12	12	1	1	1	1	1	1	1	1	2	2	1	1	3	3	3	3	5	5	7	7	5	5	1	1	5	5	8	8	4	4	8	8	1	1	2	2	1	1	3	3
IND00091	1	1	4	4	1	1	3	3	4	4	3	3	7	7	6	6	4	4	1	1	4	4	2	2	4	4	4	4	2	2	3	3	1	1	2	2	10	10	6	6	1	1	1	1	2	2	1	1	3	3	2	2	4	4	8	8	4	4	4	4	1	1	4	4	1	1	1	1	2	2	2	2	3	3	3	3	2	2	4	4	3	3	4	4	2	2	2	2	26	26	31	31	6	6	2	2	1	1	1	1	1	1	2	2	8	8	6	6	1	1	2	2	4	4	1	1	1	1	1	1	1	1	1	1	3	3	2	2	2	2	2	2	2	2	2	2	3	3	4	4	16	16	8	8	1	1	1	1	2	2	4	4	2	2	2	2	4	4	3	3	3	3	2	2	2	2	4	4	5	5	4	4	14	14	16	16	7	7	6	6	1	1	2	2
IND00092	2	2	4	4	1	1	2	2	3	3	1	1	4	4	8	8	3	3	3	3	4	4	3	3	2	2	4	4	3	3	4	4	2	2	2	2	12	12	14	14	2	2	2	2	2	2	2	2	2	2	1	1	1	1	4	4	2	2	3	3	2	2	1	1	2	2	1	1	1	1	1	1	2	2	4	4	3	3	3	3	3	3	4	4	2	2	1	1	16	16	12	12	7	7	5	5	3	3	3	3	4	4	4	4	16	16	16	16	1	1	2	2	2	2	2	2	1	1	1	1	1	1	2	2	2	2	4	4	1	1	2	2	1	1	2	2	2	2	2	2	14	14	6	6	2	2	1	1	4	4	1	1	2	2	2	2	3	3	3	3	5	5	5	5	5	5	8	8	4	4	2	2	2	2	16	16	2	2	8	8	8	8	6	6
IND00093	2	2	4	4	4	4	4	4	4	4	3	3	8	8	5	5	4	4	1	1	3	3	1	1	3	3	3	3	2	2	4	4	1	1	2	2	9	9	4	4	2	2	2	2	1	1	2	2	2	2	4	4	8	8	8	8	2	2	1	1	2	2	2	2	1	1	1	1	3	3	1	1	4	4	1	1	4	4	2	2	4	4	1	1	2	2	2	2	1	1	20	20	5	5	5	5	3	3	1	1	4	4	4	4	15	15	7	7	2	2	1	1	4	4	3	3	2	2	1	1	2	2	2	2	3	3	4	4	2	2	2	2	2	2	1	1	1	1	3	3	8	8	11	11	2	2	1	1	4	4	1	1	2	2	2	2	3	3	3	3	1	1	2	2	3	3	4	4	6	6	4	4	16	16	11	11	3	3	6	6	2	2	1	1
IND00094	1	1	4	4	2	2	3	3	4	4	3	3	3	3	6	6	3	3	2	2	3	3	4	4	3	3	4	4	3	3	3	3	1	1	1	1	2	2	12	12	2	2	1	1	1	1	1	1	4	4	3	3	8	8	5	5	4	4	1	1	3	3	3	3	1	1	2	2	2	2	1	1	3	3	3	3	4	4	1	1	3	3	4	4	1	1	2	2	3	3	27	27	1	1	3	3	1	1	2	2	2	2	2	2	15	15	3	3	2	2	3	3	3	3	1	1	1	1	2	2	1	1	1	1	3	3	1	1	1	1	2	2	2	2	1	1	4	4	2	2	3	3	13	13	2	2	2	2	1	1	2	2	1	1	2	2	3	3	4	4	3	3	8	8	3	3	2	2	7	7	7	7	14	14	13	13	2	2	3	3	4	4	1	1
IND00095	2	2	3	3	1	1	2	2	1	1	1	1	3	3	6	6	2	2	4	4	4	4	3	3	3	3	4	4	3	3	2	2	1	1	2	2	5	5	4	4	2	2	1	1	2	2	2	2	2	2	4	4	6	6	5	5	1	1	4	4	3	3	2	2	2	2	2	2	4	4	4	4	4	4	4	4	4	4	3	3	4	4	3	3	1	1	2	2	32	32	32	32	8	8	3	3	1	1	4	4	3	3	4	4	12	12	9	9	2	2	1	1	2	2	4	4	1	1	2	2	1	1	2	2	3	3	2	2	2	2	1	1	2	2	2	2	1	1	3	3	14	14	3	3	2	2	2	2	3	3	2	2	1	1	2	2	1	1	2	2	1	1	6	6	8	8	7	7	2	2	8	8	10	10	7	7	5	5	1	1	7	7	2	2
IND00096	2	2	3	3	4	4	2	2	1	1	2	2	4	4	7	7	1	1	2	2	3	3	2	2	3	3	2	2	1	1	4	4	1	1	1	1	10	10	2	2	1	1	2	2	2	2	2	2	3	3	3	3	7	7	3	3	3	3	2	2	4	4	1	1	1	1	2	2	2	2	4	4	3	3	3	3	3	3	3	3	1	1	2	2	1	1	2	2	9	9	19	19	4	4	3	3	3	3	3	3	4	4	3	3	12	12	4	4	1	1	3	3	3	3	4	4	2	2	2	2	1	1	2	2	1	1	4	4	2	2	1	1	1	1	1	1	2	2	4	4	10	10	5	5	2	2	2	2	1	1	1	1	1	1	1	1	3	3	4	4	3	3	7	7	6	6	6	6	3	3	8	8	16	16	11	11	3	3	4	4	3	3	6	6
IND00097	3	3	4	4	2	2	3	3	2	2	4	4	1	1	8	8	4	4	4	4	1	1	3	3	4	4	3	3	2	2	1	1	2	2	1	1	7	7	9	9	1	1	2	2	1	1	2	2	1	1	1	1	8	8	2	2	2	2	4	4	4	4	1	1	1	1	2	2	3	3	4	4	4	4	4	4	3	3	4	4	1	1	2	2	2	2	1	1	2	2	1	1	5	5	7	7	2	2	2	2	2	2	3	3	5	5	9	9	2	2	4	4	2	2	2	2	1	1	2	2	1	1	2	2	2	2	1	1	1	1	2	2	1	1	2	2	3	3	2	2	6	6	9	9	2	2	1	1	1	1	3	3	1	1	2	2	4	4	2	2	4	4	5	5	4	4	7	7	4	4	2	2	1	1	14	14	6	6	3	3	8	8	4	4
IND00098	4	4	3	3	2	2	4	4	2	2	4	4	8	8	5	5	3	3	4	4	2	2	4	4	2	2	4	4	2	2	3	3	1	1	2	2	14	14	2	2	1	1	2	2	1	1	1	1	3	3	3	3	8	8	1	1	2	2	3	3	4	4	4	4	2	2	1	1	1	1	3	3	4	4	2	2	4	4	4	4	1	1	1	1	2	2	1	1	9	9	1	1	8	8	1	1	4	4	1	1	2	2	3	3	5	5	1	1	4	4	4	4	2	2	2	2	1	1	2	2	2	2	1	1	1	1	4	4	2	2	1	1	1	1	1	1	4	4	3	3	6	6	12	12	2	2	2	2	1	1	2	2	2	2	1	1	2	2	1	1	5	5	8	8	2	2	1	1	8	8	6	6	14	14	9	9	1	1	4	4	5	5	2	2
IND00099	1	1	1	1	2	2	3	3	4	4	4	4	4	4	8	8	3	3	3	3	4	4	1	1	2	2	1	1	4	4	2	2	1	1	2	2	13	13	3	3	1	1	1	1	1	1	2	2	2	2	1	1	8	8	2	2	4	4	1	1	2	2	1	1	1	1	1	1	3	3	2	2	4	4	1	1	4	4	3	3	4	4	1	1	1	1	2	2	28	28	13	13	4	4	2	2	4	4	1	1	2	2	1	1	12	12	8	8	3	3	4	4	1	1	2	2	2	2	2	2	1	1	2	2	3	3	4	4	2	2	1	1	1	1	1	1	4	4	4	4	1	1	7	7	1	1	1	1	1	1	1	1	1	1	2	2	1	1	2	2	3	3	5	5	7	7	5	5	8	8	2	2	10	10	3	3	2	2	2	2	2	2	5	5
IND00100	1	1	2	2	1	1	3	3	4	4	2	2	1	1	3	3	3	3	2	2	4	4	2	2	4	4	1	1	2	2	1	1	1	1	1	1	9	9	15	15	1	1	1	1	2	2	2	2	2	2	1	1	4	4	4	4	2	2	2	2	2	2	4	4	1	1	2	2	2	2	2	2	4	4	1	1	3	3	1	1	2	2	3	3	1	1	1	1	31	31	1	1	1	1	3	3	2	2	3	3	3	3	2	2	13	13	9	9	2	2	3	3	3	3	3	3	2	2	1	1	2	2	1	1	4	4	3	3	2	2	2	2	1	1	1	1	3	3	1	1	11	11	3	3	2	2	1	1	2	2	4	4	2	2	1	1	2	2	1	1	2	2	2	2	4	4	3	3	3	3	3	3	16	16	2	2	4	4	8	8	3	3	1	1
IND00101	2	2	1	1	2	2	3	3	3	3	3	3	6	6	5	5	4	4	4	4	4	4	1	1	4	4	2	2	2	2	1	1	1	1	1	1	3	3	2	2	1	1	2	2	2	2	2	2	3	3	4	4	7	7	7	7	1	1	3	3	3	3	3	3	1	1	1	1	2	2	2	2	4	4	1	1	2	2	2	2	2	2	1	1	2	2	2	2	1	1	28	28	1	1	8	8	4	4	3	3	4	4	1	1	6	6	5	5	1	1	3	3	2	2	3	3	2	2	1	1	1	1	2	2	3	3	2	2	1	1	1	1	2	2	2	2	2	2	2	2	15	15	7	7	1	1	1	1	1	1	3	3	1	1	1	1	3	3	1	1	2	2	5	5	8	8	4	4	1	1	1	1	16	16	4	4	3	3	3	3	7	7	7	7
IND00102	2	2	4	4	3	3	2	2	1	1	4	4	5	5	8	8	2	2	2	2	2	2	3	3	4	4	2	2	3	3	4	4	1	1	2	2	6	6	15	15	1	1	2	2	1	1	1	1	1	1	2	2	3	3	8	8	4	4	1	1	1	1	2	2	2	2	2	2	3	3	3	3	3	3	1	1	2	2	1	1	4	4	4	4	2	2	1	1	10	10	15	15	5	5	6	6	1	1	4	4	1	1	4	4	1	1	8	8	1	1	2	2	1	1	4	4	2	2	1	1	1	1	2	2	2	2	1	1	2	2	1	1	1	1	1	1	2	2	4	4	3	3	11	11	1	1	1	1	1	1	3	3	2	2	2	2	1	1	1	1	8	8	6	6	1	1	8	8	4	4	3	3	6	6	5	5	1	1	7	7	2	2	4	4
IND00103	2	2	3	3	4	4	1	1	1	1	1	1	1	1	2	2	4	4	4	4	1	1	2	2	3	3	4	4	3	3	4	4	2	2	1	1	6	6	2	2	1	1	1	1	1	1	1	1	2	2	4	4	5	5	2	2	1	1	1	1	3	3	3	3	1	1	1	1	1	1	4	4	2	2	4	4	1	1	4	4	4	4	4	4	2	2	2	2	15	15	2	2	1	1	2	2	1	1	3	3	4	4	3	3	16	16	3	3	2	2	3	3	4	4	4	4	1	1	1	1	2	2	2	2	1	1	3	3	2	2	1	1	1	1	1	1	2	2	2	2	10	10	14	14	1	1	1	1	3	3	2	2	1	1	1	1	3	3	4	4	1	1	7	7	7	7	6	6	8	8	1	1	12	12	14	14	7	7	5	5	4	4	8	8
IND00104	4	4	1	1	1	1	1	1	1	1	4	4	5	5	3	3	4	4	4	4	2	2	3	3	1	1	1	1	2	2	2	2	1	1	2	2	2	2	11	11	1	1	2	2	2	2	1	1	2	2	1	1	7	7	8	8	1	1	4	4	2	2	1	1	1	1	1	1	2	2	4	4	4	4	3	3	4	4	2	2	4	4	3	3	2	2	1	1	20	20	15	15	4	4	3	3	2	2	3	3	2	2	2	2	8	8	16	16	4	4	1	1	2	2	3	3	2	2	2	2	2	2	1	1	2	2	1	1	1	1	1	1	1	1	1	1	1	1	3	3	8	8	2	2	2	2	2	2	4	4	3	3	1	1	2	2	1	1	4	4	4	4	3	3	8	8	6	6	1	1	2	2	12	12	8	8	4	4	7	7	5	5	2	2
IND00105	3	3	3	3	3	3	1	1	1	1	1	1	6	6	1	1	3	3	3	3	3	3	3	3	3	3	3	3	2	2	4	4	1	1	2	2	6	6	14	14	1	1	2	2	1	1	1	1	3	3	3	3	1	1	5	5	2	2	1	1	3	3	4	4	2	2	1	1	4	4	1	1	1	1	2	2	4	4	4	4	4	4	2	2	2	2	2	2	20	20	16	16	8	8	3	3	3	3	4	4	2	2	2	2	15	15	5	5	2	2	2	2	1	1	2	2	1	1	1	1	1	1	1	1	2	2	4	4	2	2	2	2	1	1	2	2	3	3	4	4	7	7	11	11	2	2	2	2	1	1	3	3	1	1	1	1	4	4	4	4	1	1	2	2	2	2	4	4	4	4	5	5	2	2	6	6	5	5	4	4	4	4	7	7
IND00106	3	3	4	4	1	1	2	2	2	2	4	4	4	4	8	8	3	3	4	4	1	1	2	2	4	4	4	4	4	4	3	3	2	2	2	2	2	2	8	8	2	2	1	1	1	1	2	2	4	4	1	1	7	7	7	7	3	3	1	1	2	2	1	1	2	2	1	1	4	4	3	3	2	2	3	3	3	3	1	1	1	1	2	2	1	1	1	1	22	22	15	15	6	6	7	7	1	1	1	1	4	4	1	1	15	15	15	15	4	4	4	4	4	4	1	1	2	2	2	2	2	2	2	2	3	3	2	2	1	1	1	1	1	1	2	2	1	1	2	2	2	2	16	16	2	2	2	2	1	1	3	3	1	1	1	1	4	4	2	2	3	3	5	5	1	1	6	6	3	3	4	4	10	10	8	8	6	6	2	2	5	5	5	5
IND00107	1	1	4	4	4	4	1	1	3	3	1	1	8	8	4	4	4	4	4	4	3	3	1	1	4	4	3	3	1	1	3	3	1	1	1	1	1	1	5	5	2	2	1	1	2	2	1	1	1	1	2	2	2	2	5	5	4	4	3	3	3	3	1	1	2	2	2	2	3	3	3	3	2	2	1	1	1	1	2	2	1	1	1	1	1	1	1	1	32	32	23	23	5	5	7	7	3	3	3	3	4	4	1	1	14	14	12	12	3	3	1	1	2	2	4	4	1	1	2	2	1	1	2	2	4	4	3	3	2	2	2	2	1	1	1	1	1	1	4	4	16	16	13	13	2	2	1	1	1	1	2	2	2	2	2	2	1	1	2	2	5	5	4	4	5	5	3	3	1	1	3	3	1	1	4	4	1	1	8	8	7	7	8	8
IND00108	1	1	3	3	4	4	3	3	4	4	3	3	6	6	3	3	2	2	2	2	4	4	2	2	3	3	3	3	3	3	4	4	2	2	1	1	16	16	12	12	2	2	1	1	1	1	1	1	3	3	4	4	8	8	7	7	1	1	2	2	4	4	4	4	1	1	1	1	4	4	3	3	4	4	3	3	4	4	4	4	3	3	2	2	2	2	2	2	2	2	28	28	4	4	8	8	4	4	3	3	3	3	1	1	11	11	15	15	3	3	2	2	4	4	4	4	2	2	1	1	2	2	1	1	1	1	4	4	2	2	1	1	1	1	1	1	2	2	1	1	6	6	3	3	2	2	1	1	1	1	4	4	1	1	2	2	1	1	1	1	6	6	7	7	6	6	2	2	4	4	1	1	16	16	13	13	7	7	7	7	8	8	7	7
IND00109	3	3	2	2	3	3	3	3	4	4	4	4	3	3	4	4	1	1	1	1	2	2	3	3	3	3	3	3	1	1	3	3	2	2	2	2	5	5	7	7	1	1	1	1	2	2	2	2	4	4	3	3	6	6	5	5	2	2	4	4	4	4	2	2	2	2	1	1	3	3	4	4	4	4	3	3	2	2	2	2	2	2	4	4	1	1	2	2	29	29	6	6	4	4	1	1	1	1	2	2	1	1	3	3	8	8	9	9	3	3	3	3	1	1	3	3	1	1	2	2	2	2	1	1	4	4	1	1	1	1	2	2	1	1	1	1	1	1	2	2	14	14	10	10	2	2	2	2	2	2	2	2	1	1	1	1	2	2	3	3	6	6	2	2	1	1	3	3	3	3	8	8	4	4	13	13	7	7	6	6	3	3	4	4
IND00110	2	2	2	2	2	2	1	1	3	3	1	1	3	3	5	5	1	1	1	1	1	1	3	3	1	1	4	4	4	4	4	4	2	2	2	2	6	6	9	9	1	1	1	1	1	1	1	1	2	2	3	3	8	8	1	1	1	1	3	3	3	3	2	2	2	2	1	1	3	3	4	4	3	3	1	1	1	1	1	1	1	1	1	1	2	2	2	2	9	9	32	32	3	3	8	8	1	1	1	1	4	4	3	3	11	11	3	3	1	1	4	4	2	2	3	3	1	1	2	2	1	1	2	2	3	3	3	3	2	2	2	2	1	1	2	2	1	1	2	2	1	1	13	13	1	1	1	1	2	2	3	3	1	1	2	2	2	2	1	1	1	1	5	5	2	2	8	8	4	4	6	6	16	16	6	6	5	5	8	8	4	4	2	2
IND00111	3	3	4	4	4	4	3	3	3	3	2	2	5	5	3	3	2	2	4	4	3	3	2	2	4	4	4	4	2	2	2	2	2	2	2	2	16	16	8	8	1	1	2	2	2	2	1	1	1	1	2	2	1	1	7	7	4	4	3	3	3	3	3	3	1	1	2	2	3	3	1	1	1	1	1	1	2	2	4	4	3	3	4	4	1	1	1	1	27	27	27	27	1	1	2	2	1	1	4	4	4	4	4	4	2	2	2	2	2	2	1	1	1	1	1	1	2	2	2	2	2	2	2	2	4	4	1	1	2	2	2	2	2	2	1	1	4	4	1	1	10	10	4	4	2	2	2	2	4	4	4	4	1	1	1	1	4	4	2	2	3	3	7	7	8	8	2	2	1	1	4	4	7	7	9	9	3	3	4	4	1	1	4	4
IND00112	2	2	2	2	4	4	1	1	3	3	3	3	1	1	4	4	1	1	3	3	3	3	1	1	2	2	2	2	4	4	2	2	2	2	2	2	10	10	12	12	2	2	1	1	1	1	2	2	2	2	2	2	8	8	3	3	2	2	2	2	4	4	4	4	1	1	2	2	4	4	1	1	1	1	4	4	3	3	3	3	2	2	4	4	1	1	2	2	12	12	6	6	4	4	3	3	1	1	3	3	4	4	1	1	13	13	13	13	1	1	3	3	3	3	3	3	2	2	1	1	2	2	2	2	3	3	2	2	2	2	1	1	2	2	2	2	3	3	1	1	14	14	12	12	1	1	1	1	4	4	4	4	1	1	1	1	1	1	4	4	8	8	3	3	3	3	6	6	1	1	2	2	13	13	8	8	1	1	7	7	3	3	7	7
IND00113	3	3	2	2	3	3	1	1	2	2	3	3	7	7	1	1	1	1	4	4	2	2	3	3	1	1	1	1	2	2	1	1	1	1	1	1	7	7	10	10	1	1	1	1	1	1	1	1	2	2	2	2	5	5	2	2	3	3	2	2	3	3	4	4	1	1	1	1	3	3	3	3	4	4	3	3	1	1	3	3	1	1	1	1	1	1	2	2	12	12	14	14	3	3	2	2	3	3	3	3	1	1	4	4	13	13	16	16	4	4	3	3	1	1	3	3	2	2	2	2	1	1	1	1	4	4	3	3	1	1	1	1	1	1	2	2	1	1	4	4	14	14	12	12	2	2	2	2	4	4	2	2	1	1	2	2	3	3	4	4	2	2	5	5	7	7	7	7	2	2	5	5	14	14	6	6	5	5	5	5	8	8	2	2
IND00114	3	3	2	2	3	3	2	2	3	3	3	3	1	1	8	8	3	3	3	3	3	3	3	3	2	2	4	4	2	2	2	2	1	1	2	2	5	5	4	4	1	1	1	1	1	1	1	1	1	1	3	3	6	6	1	1	3	3	1	1	4	4	4	4	1	1	2	2	1	1	4	4	1	1	4	4	3	3	3	3	2	2	4	4	1	1	2	2	27	27	2	2	4	4	5	5	3	3	2	2	2	2	2	2	16	16	15	15	2	2	2	2	1	1	1	1	1	1	2	2	2	2	1	1	3	3	3	3	2	2	1	1	1	1	2	2	2	2	1	1	3	3	16	16	1	1	1	1	3	3	2	2	2	2	1	1	1	1	3	3	8	8	1	1	1	1	7	7	4	4	2	2	12	12	6	6	7	7	6	6	5	5	4	4
IND00115	1	1	3	3	2	2	2	2	2	2	2	2	1	1	4	4	1	1	1	1	1	1	3	3	1	1	2	2	3	3	1	1	1	1	1	1	3	3	9	9	2	2	2	2	2	2	2	2	3	3	3	3	1	1	8	8	3	3	3	3	1	1	2	2	1	1	1	1	4	4	1	1	2	2	1	1	3	3	1	1	1	1	2	2	1	1	2	2	25	25	13	13	5	5	4	4	2	2	2	2	3	3	3	3	14	14	4	4	2	2	4	4	2	2	4	4	1	1	1	1	2	2	1	1	1	1	3	3	1	1	1	1	1	1	1	1	1	1	1	1	7	7	4	4	1	1	1	1	3	3	4	4	1	1	1	1	3	3	3	3	1	1	1	1	2	2	8	8	4	4	4	4	10	10	1	1	6	6	1	1	4	4	8	8
IND00116	3	3	2	2	3	3	1	1	4	4	3	3	7	7	7	7	1	1	1	1	3	3	1	1	3	3	1	1	2	2	1	1	1	1	2	2	16	16	11	11	2	2	1	1	2	2	1	1	4	4	3	3	7	7	2	2	4	4	3	3	4	4	1	1	1	1	1	1	4	4	2	2	1	1	1	1	2	2	4	4	4	4	2	2	2	2	2	2	5	5	16	16	4	4	6	6	4	4	1	1	2	2	3	3	8	8	7	7	3	3	3	3	2	2	4	4	1	1	2	2	2	2	2	2	3	3	4	4	1	1	2	2	2	2	1	1	4	4	3	3	4	4	6	6	1	1	1	1	2	2	1	1	1	1	1	1	1	1	1	1	5	5	6	6	5	5	7	7	6	6	3	3	16	16	16	16	3	3	8	8	3	3	5	5
IND00117	1	1	2	2	1	1	1	1	3	3	1	1	1	1	5	5	3	3	1	1	2	2	4	4	1	1	4	4	2	2	2	2	1	1	2	2	6	6	12	12	2	2	2	2	2	2	1	1	3	3	3	3	3	3	6	6	4	4	2	2	3	3	1	1	2	2	1	1	4	4	2	2	2	2	2	2	3	3	2	2	2	2	4	4	1	1	1	1	20	20	31	31	1	1	1	1	4	4	2	2	2	2	4	4	10	10	9	9	1	1	2	2	2	2	2	2	1	1	2	2	2	2	2	2	1	1	4	4	1	1	2	2	2	2	1	1	2	2	3	3	1	1	11	11	1	1	2	2	4	4	2	2	1	1	1	1	2	2	1	1	7	7	5	5	5	5	2	2	7	7	4	4	8	8	6	6	2	2	6	6	6	6	4	4
IND00118	3	3	1	1	2	2	2	2	4	4	3	3	3	3	3	3	4	4	2	2	4	4	3	3	4	4	4	4	1	1	4	4	1	1	1	1	10	10	5	5	2	2	1	1	1	1	2	2	3	3	3	3	6	6	1	1	2	2	1	1	2	2	1	1	1	1	1	1	3	3	1	1	2	2	1	1	3	3	4	4	4	4	2	2	1	1	1	1	31	31	14	14	8	8	1	1	1	1	2	2	2	2	4	4	14	14	3	3	2	2	2	2	4	4	1	1	1	1	2	2	2	2	1	1	4	4	2	2	2	2	2	2	2	2	1	1	2	2	1	1	9	9	16	16	2	2	1	1	2	2	3	3	1	1	1	1	2	2	1	1	5	5	4	4	8	8	1	1	4	4	3	3	4	4	6	6	4	4	2	2	5	5	3	3
IND00119	1	1	2	2	4	4	3	3	1	1	2	2	3	3	2	2	2	2	3	3	4	4	2	2	3	3	2	2	1	1	4	4	2	2	1	1	9	9	14	14	2	2	1	1	2	2	1	1	4	4	2	2	2	2	2	2	4	4	4	4	3	3	3	3	1	1	1	1	4	4	2	2	1	1	2	2	3	3	4	4	3	3	3	3	2	2	2	2	13	13	18	18	2	2	8	8	4	4	1	1	2	2	1	1	14	14	3	3	2	2	2	2	1	1	1	1	2	2	1	1	1	1	2	2	3	3	4	4	1	1	1	1	2	2	1	1	2	2	2	2	16	16	3	3	1	1	2	2	3	3	3	3	1	1	1	1	3	3	4	4	7	7	4	4	6	6	8	8	3	3	5	5	8	8	14	14	7	7	1	1	4	4	2	2
IND00120	4	4	2	2	1	1	2	2	1	1	2	2	2	2	5	5	3	3	4	4	3	3	2	2	2	2	4	4	2	2	2	2	2	2	1	1	6	6	13	13	2	2	2	2	2	2	2	2	4	4	2	2	2	2	1	1	3	3	2	2	3	3	3	3	2	2	2	2	3	3	2	2	1	1	4	4	3	3	4	4	1	1	2	2	2	2	1	1	18	18	26	26	4	4	1	1	1	1	1	1	4	4	1	1	1	1	7	7	4	4	1	1	3	3	3	3	2	2	2	2	1	1	1	1	4	4	2	2	2	2	2	2	1	1	2	2	2	2	3	3	15	15	10	10	1	1	2	2	2	2	2	2	2	2	2	2	4	4	2	2	3	3	6	6	5	5	5	5	7	7	6	6	7	7	4	4	8	8	5	5	8	8	8	8
IND00121	2	2	2	2	4	4	4	4	1	1	1	1	5	5	8	8	2	2	4	4	4	4	4	4	3	3	3	3	4	4	3	3	1	1	1	1	8	8	9	9	2	2	2	2	2	2	1	1	4	4	3	3	4	4	2	2	4	4	2	2	1	1	2	2	1	1	2	2	3	3	3	3	3	3	2	2	3	3	4	4	1	1	2	2	2	2	1	1	5	5	14	14	2	2	5	5	4	4	2	2	3	3	1	1	13	13	12	12	3	3	3	3	4	4	4	4	1	1	2	2	2	2	1	1	2	2	4	4	1	1	1	1	2	2	1	1	1	1	2	2	10	10	5	5	2	2	2	2	3	3	3	3	2	2	2	2	2	2	3	3	1	1	8	8	7	7	1	1	7	7	1	1	9	9	11	11	4	4	1	1	6	6	4	4
IND00122	4	4	1	1	3	3	2	2	4	4	1	1	8	8	2	2	2	2	2	2	4	4	1	1	4	4	4	4	2	2	2	2	2	2	2	2	12	12	4	4	1	1	2	2	2	2	2	2	1	1	3	3	6	6	8	8	4	4	3	3	4	4	3	3	1	1	2	2	1	1	1	1	4	4	4	4	2	2	1	1	1	1	2	2	1	1	2	2	10	10	31	31	8	8	2	2	4	4	2	2	1	1	2	2	13	13	12	12	3	3	1	1	4	4	2	2	1	1	2	2	2	2	2	2	4	4	1	1	2	2	2	2	1	1	1	1	2	2	1	1	1	1	1	1	2	2	2	2	2	2	1	1	1	1	2	2	4	4	1	1	6	6	2	2	7	7	1	1	8	8	7	7	1	1	13	13	2	2	7	7	6	6	2	2
IND00123	2	2	3	3	2	2	4	4	1	1	1	1	6	6	7	7	1	1	4	4	4	4	3	3	4	4	1	1	2	2	1	1	1	1	1	1	1	1	11	11	2	2	1	1	1	1	1	1	2	2	1	1	3	3	7	7	2	2	1	1	3	3	4	4	2	2	1	1	1	1	1	1	4	4	1	1	3	3	2	2	3	3	1	1	2	2	1	1	26	26	26	26	7	7	5	5	1	1	3	3	1	1	2	2	2	2	10	10	3	3	2	2	1	1	2	2	1	1	2	2	2	2	2	2	1	1	2	2	2	2	2	2	2	2	2	2	4	4	3	3	1	1	3	3	1	1	2	2	1	1	2	2	1	1	2	2	3	3	4	4	4	4	4	4	5	5	2	2	7	7	5	5	3	3	15	15	4	4	4	4	1	1	5	5
IND00124	3	3	3	3	4	4	4	4	2	2	4	4	5	5	2	2	3	3	4	4	3	3	4	4	3	3	1	1	2	2	4	4	2	2	2	2	1	1	1	1	1	1	2	2	1	1	2	2	3	3	3	3	7	7	6	6	4	4	4	4	1	1	1	1	2	2	1	1	4	4	3	3	2	2	3	3	3	3	1	1	1	1	4	4	1	1	2	2	9	9	1	1	3	3	6	6	2	2	3	3	4	4	1	1	10	10	5	5	1	1	3	3	3	3	3	3	2	2	1	1	2	2	2	2	1	1	2	2	1	1	1	1	1	1	1	1	2	2	1	1	4	4	16	16	2	2	2	2	1	1	2	2	2	2	2	2	3	3	3	3	8	8	8	8	3	3	3	3	4	4	2	2	15	15	11	11	7	7	3	3	4	4	7	7
IND00125	1	1	1	1	3	3	1	1	1	1	4	4	3	3	3	3	3	3	1	1	2	2	2	2	2	2	3	3	4	4	3	3	1	1	1	1	13	13	12	12	2	2	1	1	2	2	1	1	2	2	2	2	2	2	1	1	2	2	1	1	2	2	4	4	1	1	1	1	4	4	2	2	3	3	3	3	1	1	2	2	4	4	4	4	1	1	2	2	15	15	32	32	4	4	2	2	4	4	2	2	2	2	4	4	15	15	2	2	2	2	2	2	3	3	2	2	1	1	1	1	1	1	1	1	3	3	2	2	1	1	1	1	2	2	1	1	2	2	2	2	14	14	7	7	1	1	2	2	3	3	3	3	1	1	2	2	3	3	1	1	3	3	5	5	1	1	2	2	6	6	2	2	1	1	9	9	4	4	6	6	8	8	6	6
IND00126	3	3	2	2	1	1	4	4	3	3	4	4	1	1	2	2	4	4	1	1	2	2	4	4	2	2	1	1	1	1	2	2	2	2	2	2	3	3	4	4	1	1	2	2	2	2	1	1	4	4	4	4	3	3	2	2	2	2	4	4	1	1	2	2	2	2	2	2	1	1	4	4	3	3	2	2	2	2	1	1	2	2	1	1	2	2	1	1	6	6	13	13	8	8	3	3	4	4	2	2	1	1	1	1	16	16	2	2	1	1	4	4	1	1	2	2	1	1	2	2	2	2	2	2	3	3	2	2	2	2	1	1	2	2	2	2	3	3	1	1	11	11	3	3	1	1	1	1	1	1	4	4	1	1	2	2	3	3	1	1	6	6	6	6	2	2	5	5	2	2	3	3	8	8	8	8	3	3	3	3	4	4	8	8
IND00127	4	4	3	3	4	4	2	2	1	1	4	4	1	1	7	7	2	2	3	3	4	4	1	1	3	3	3	3	4	4	4	4	2	2	1	1	6	6	1	1	2	2	1	1	1	1	2	2	1	1	1	1	3	3	8	8	4	4	2	2	1	1	2	2	1	1	2	2	1	1	1	1	3	3	2	2	2	2	1	1	1	1	3	3	1	1	1	1	28	28	20	20	5	5	7	7	1	1	1	1	4	4	1	1	11	11	1	1	1	1	2	2	3	3	4	4	1	1	2	2	2	2	2	2	3	3	3	3	1	1	1	1	2	2	2	2	4	4	2	2	7	7	4	4	2	2	2	2	2	2	2	2	1	1	2	2	1	1	4	4	1	1	6	6	3	3	7	7	4	4	7	7	14	14	14	14	6	6	4	4	5	5	5	5
IND00128	1	1	2	2	2	2	4	4	2	2	4	4	3	3	3	3	1	1	2	2	4	4	1	1	3	3	2	2	2	2	2	2	2	2	1	1	5	5	6	6	2	2	2	2	1	1	2	2	1	1	2	2	6	6	1	1	2	2	3	3	3	3	1	1	2	2	2	2	2	2	1	1	4	4	2	2	4	4	4	4	1	1	4	4	1	1	1	1	17	17	3	3	1	1	8	8	3	3	1	1	1	1	2	2	5	5	2	2	2	2	4	4	4	4	2	2	2	2	2	2	1	1	2	2	1	1	1	1	2	2	1	1	1	1	1	1	4	4	4	4	15	15	16	16	2	2	2	2	3	3	4	4	2	2	1	1	1	1	1	1	3	3	5	5	2	2	2	2	2	2	3	3	16	16	13	13	6	6	6	6	5	5	5	5
IND00129	4	4	4	4	2	2	1	1	4	4	1	1	6	6	1	1	4	4	1	1	3	3	4	4	2	2	3	3	3	3	3	3	1	1	1	1	1	1	5	5	2	2	2	2	1	1	2	2	2	2	1	1	1	1	1	1	1	1	2	2	1	1	4	4	2	2	1	1	1	1	1	1	2	2	4	4	3	3	1	1	3	3	2	2	1	1	1	1	21	21	31	31	2	2	8	8	4	4	4	4	4	4	3	3	16	16	6	6	3	3	3	3	4	4	2	2	2	2	2	2	2	2	1	1	4	4	4	4	2	2	1	1	2	2	2	2	3	3	2	2	2	2	8	8	2	2	2	2	1	1	1	1	2	2	2	2	2	2	1	1	3	3	1	1	8	8	5	5	5	5	4	4	5	5	2	2	5	5	7	7	3	3	3	3
IND00130	2	2	1	1	4	4	2	2	2	2	2	2	3	3	3	3	2	2	1	1	4	4	1	1	1	1	3	3	4	4	3	3	2	2	2	2	13	13	10	10	1	1	2	2	2	2	2	2	3	3	3	3	7	7	8	8	1	1	4	4	4	4	1	1	2	2	2	2	4	4	3	3	4	4	4	4	3	3	2	2	4	4	4	4	2	2	2	2	3	3	9	9	3	3	8	8	4	4	3	3	2	2	1	1	16	16	2	2	4	4	2	2	2	2	4	4	2	2	2	2	2	2	1	1	3	3	2	2	1	1	2	2	1	1	2	2	2	2	1	1	11	11	13	13	1	1	2	2	2	2	4	4	1	1	2	2	4	4	1	1	1	1	8	8	8	8	5	5	2	2	1	1	8	8	15	15	8	8	8	8	8	8	6	6
IND00131	2	2	4	4	2	2	3	3	1	1	2	2	8	8	2	2	1	1	2	2	3	3	2	2	4	4	2	2	4	4	3	3	1	1	2	2	14	14	11	11	2	2	1	1	2	2	1	1	2	2	3	3	6	6	4	4	4	4	4	4	4	4	2	2	2	2	2	2	1	1	4	4	4	4	4	4	3	3	3	3	1	1	3	3	2	2	1	1	19	19	8	8	4	4	6	6	2	2	2	2	2	2	4	4	13	13	1	1	3	3	1	1	3	3	3	3	1	1	1	1	1	1	2	2	2	2	2	2	2	2	2	2	2	2	1	1	4	4	1	1	5	5	15	15	2	2	1	1	4	4	1	1	2	2	1	1	4	4	3	3	1	1	1	1	7	7	8	8	2	2	7	7	15	15	2	2	3	3	2	2	7	7	2	2
IND00132	4	4	3	3	4	4	1	1	2	2	3	3	7	7	6	6	4	4	3	3	1	1	2	2	3	3	2	2	4	4	2	2	1	1	1	1	4	4	3	3	2	2	2	2	2	2	2	2	3	3	1	1	5	5	2	2	3	3	1	1	1	1	3	3	1	1	2	2	4	4	2	2	4	4	2	2	4	4	1	1	1	1	3	3	2	2	2	2	16	16	12	12	5	5	8	8	4	4	4	4	3	3	1	1	10	10	1	1	3	3	3	3	1	1	4	4	1	1	2	2	2	2	2	2	2	2	3	3	2	2	1	1	2	2	2	2	2	2	3	3	13	13	5	5	2	2	2	2	4	4	3	3	1	1	2	2	2	2	1	1	5	5	4	4	5	5	7	7	3	3	3	3	1	1	7	7	5	5	3	3	5	5	5	5
IND00133	1	1	2	2	3	3	1	1	3	3	1	1	1	1	8	8	2	2	1	1	3	3	2	2	3	3	2	2	4	4	1	1	1	1	1	1	12	12	2	2	1	1	2	2	2	2	1	1	2	2	3	3	5	5	7	7	3	3	3	3	2	2	3	3	2	2	2	2	4	4	4	4	3	3	3	3	1	1	1	1	1	1	2	2	2	2	2	2	13	13	6	6	4	4	8	8	3	3	3	3	4	4	2	2	11	11	8	8	4	4	4	4	3	3	4	4	1	1	2	2	2	2	2	2	2	2	2	2	1	1	2	2	1	1	1	1	2	2	1	1	9	9	7	7	1	1	2	2	3	3	1	1	2	2	1	1	3	3	4	4	7	7	3	3	8	8	7	7	6	6	3	3	14	14	2	2	7	7	3	3	3	3	1	1
IND00134	1	1	2	2	2	2	3	3	4	4	3	3	7	7	1	1	4	4	3	3	3	3	4	4	3	3	3	3	1	1	4	4	2	2	2	2	11	11	11	11	2	2	2	2	2	2	2	2	3	3	2	2	8	8	5	5	1	1	3	3	1	1	1	1	1	1	2	2	1	1	4	4	2	2	3	3	3	3	2	2	1	1	1	1	2	2	2	2	16	16	22	22	1	1	5	5	1	1	3	3	2	2	2	2	14	14	5	5	3	3	1	1	4	4	2	2	1	1	2	2	1	1	1	1	3	3	1	1	1	1	1	1	2	2	1	1	4	4	3	3	14	14	4	4	2	2	2	2	3	3	1	1	1	1	1	1	3	3	2	2	8	8	6	6	2	2	5	5	8	8	4	4	16	16	8	8	4	4	1	1	1	1	5	5
IND00135	3	3	1	1	1	1	4	4	1	1	3	3	3	3	2	2	2	2	4	4	4	4	3	3	1	1	3	3	2	2	1	1	2	2	1	1	4	4	15	15	2	2	2	2	1	1	2	2	4	4	2	2	6	6	5	5	3	3	4	4	2	2	4	4	2	2	1	1	4	4	1	1	2	2	1	1	3	3	4	4	2	2	2	2	1	1	1	1	2	2	12	12	8	8	5	5	1	1	1	1	2	2	3	3	4	4	12	12	3	3	3	3	3	3	1	1	1	1	1	1	1	1	2	2	1	1	4	4	1	1	2	2	1	1	2	2	4	4	3	3	3	3	1	1	1	1	1	1	4	4	3	3	1	1	2	2	1	1	3	3	7	7	2	2	4	4	5	5	4	4	4	4	13	13	4	4	5	5	2	2	4	4	8	8
IND00136	3	3	1	1	1	1	1	1	4	4	4	4	4	4	8	8	3	3	4	4	4	4	1	1	1	1	3	3	4	4	3	3	2	2	1	1	3	3	6	6	1	1	1	1	1	1	2	2	4	4	2	2	1	1	8	8	3	3	4	4	4	4	1	1	2	2	1	1	4	4	4	4	1	1	3	3	1	1	4	4	3	3	4	4	2	2	2	2	21	21	31	31	6	6	3	3	3	3	2	2	3	3	1	1	13	13	9	9	3	3	4	4	2	2	1	1	2	2	1	1	1	1	1	1	1	1	4	4	1	1	2	2	1	1	1	1	4	4	3	3	10	10	2	2	1	1	2	2	3	3	3	3	2	2	2	2	2	2	3	3	3	3	5	5	7	7	7	7	3	3	5	5	9	9	5	5	6	6	3	3	4	4	8	8
IND00137	1	1	1	1	4	4	3	3	1	1	2	2	5	5	3	3	2	2	2	2	3	3	3	3	3	3	2	2	1	1	2	2	1	1	2	2	8	8	9	9	1	1	1	1	2	2	1	1	2	2	1	1	4	4	2	2	2	2	1	1	4	4	1	1	2	2	1	1	4	4	1	1	1	1	4	4	2	2	1	1	1	1	4	4	1	1	2	2	16	16	23	23	2	2	8	8	1	1	3	3	3	3	3	3	13	13	12	12	1	1	1	1	2	2	1	1	1	1	1	1	2	2	1	1	4	4	2	2	2	2	2	2	1	1	1	1	3	3	1	1	13	13	3	3	1	1	1	1	2	2	1	1	2	2	2	2	1	1	2	2	8	8	8	8	7	7	8	8	5	5	8	8	10	10	14	14	7	7	3	3	3	3	5	5
IND00138	3	3	1	1	1	1	3	3	2	2	3	3	8	8	1	1	3	3	2	2	4	4	2	2	2	2	3	3	1	1	4	4	2	2	2	2	14	14	8	8	1	1	2	2	2	2	1	1	1	1	2	2	5	5	5	5	2	2	3	3	1	1	2	2	2	2	2	2	4	4	2	2	1	1	1	1	1	1	2	2	1	1	2	2	2	2	1	1	2	2	29	29	6	6	6	6	2	2	1	1	1	1	3	3	5	5	4	4	3	3	2	2	3	3	4	4	1	1	2	2	2	2	2	2	4	4	3	3	2	2	2	2	2	2	1	1	2	2	2	2	16	16	5	5	2	2	2	2	2	2	3	3	2	2	2	2	1	1	4	4	8	8	2	2	4	4	1	1	7	7	4	4	15	15	2	2	2	2	7	7	1	1	2	2
IND00139	3	3	2	2	1	1	3	3	1	1	3	3	2	2	3	3	1	1	2	2	1	1	3	3	1	1	4	4	3	3	3	3	1	1	1	1	8	8	16	16	2	2	2	2	2	2	2	2	2	2	1	1	4	4	3	3	4	4	2	2	1	1	1	1	1	1	1	1	1	1	1	1	3	3	3	3	2	2	3	3	1	1	1	1	2	2	1	1	25	25	25	25	4	4	1	1	4	4	4	4	1	1	1	1	1	1	12	12	2	2	4	4	2	2	2	2	1	1	1	1	2	2	1	1	3	3	4	4	1	1	1	1	1	1	1	1	4	4	4	4	3	3	2	2	1	1	2	2	1	1	4	4	2	2	1	1	2	2	3	3	7	7	5	5	6	6	1	1	8	8	7	7	9	9	10	10	5	5	4	4	3	3	1	1
IND00140	1	1	2	2	4	4	1	1	4	4	3	3	2	2	2	2	1	1	4	4	4	4	2	2	3	3	3	3	4	4	4	4	1	1	1	1	3	3	13	13	1	1	2	2	1	1	1	1	2	2	1	1	6	6	8	8	3	3	2	2	1	1	4	4	2	2	2	2	1	1	2	2	2	2	1	1	3	3	2	2	4	4	3	3	1	1	1	1	19	19	1	1	6	6	8	8	2	2	4	4	3	3	2	2	4	4	5	5	4	4	2	2	1	1	3	3	1	1	1	1	2	2	2	2	3	3	1	1	1	1	1	1	1	1	1	1	2	2	4	4	14	14	3	3	1	1	2	2	1	1	4	4	2	2	2	2	4	4	3	3	2	2	8	8	7	7	8	8	5	5	1	1	9	9	7	7	1	1	4	4	6	6	3	3
IND00141	3	3	1	1	2	2	2	2	2	2	1	1	6	6	4	4	2	2	2	2	2	2	2	2	1	1	3	3	2	2	1	1	1	1	1	1	5	5	13	13	2	2	1	1	1	1	2	2	2	2	4	4	3	3	6	6	3	3	2	2	3	3	1	1	1	1	1	1	3	3	1	1	3	3	3	3	1	1	3	3	2	2	3	3	1	1	1	1	24	24	28	28	8	8	7	7	4	4	2	2	3	3	1	1	12	12	15	15	2	2	4	4	4	4	1	1	1	1	1	1	1	1	2	2	4	4	2	2	1	1	1	1	2	2	1	1	2	2	2	2	7	7	7	7	1	1	1	1	3	3	2	2	2	2	2	2	3	3	1	1	2	2	7	7	6	6	7	7	3	3	8	8	1	1	8	8	8	8	1	1	5	5	7	7
IND00142	3	3	3	3	3	3	3	3	4	4	2	2	8	8	3	3	2	2	4	4	4	4	1	1	3	3	4	4	4	4	1	1	1	1	1	1	3	3	2	2	1	1	1	1	2	2	2	2	2	2	4	4	3	3	5	5	3	3	4	4	1	1	1	1	2	2	1	1	1	1	1	1	2	2	2	2	4	4	2	2	2	2	2	2	2	2	2	2	6	6	18	18	3	3	6	6	1	1	3	3	3	3	3	3	10	10	15	15	3	3	3	3	4	4	3	3	1	1	1	1	2	2	1	1	1	1	4	4	2	2	2	2	1	1	2	2	4	4	3	3	1	1	16	16	1	1	2	2	2	2	3	3	2	2	2	2	3	3	4	4	6	6	8	8	8	8	3	3	6	6	2	2	14	14	15	15	6	6	7	7	8	8	6	6
IND00143	4	4	4	4	1	1	4	4	3	3	4	4	8	8	1	1	1	1	2	2	4	4	2	2	3	3	1	1	3	3	4	4	1	1	2	2	5	5	8	8	1	1	1	1	2	2	1	1	2	2	1	1	8	8	4	4	2	2	3	3	2	2	2	2	2	2	1	1	3	3	2	2	2	2	3	3	3	3	4	4	1	1	2	2	2	2	1	1	23	23	27	27	6	6	4	4	1	1	1	1	4	4	2	2	3	3	12	12	1	1	1	1	2	2	2	2	1	1	2	2	2	2	2	2	1	1	2	2	1	1	1	1	1	1	2	2	4	4	3	3	7	7	14	14	2	2	2	2	4	4	4	4	2	2	1	1	2	2	2	2	4	4	4	4	2	2	6	6	8	8	8	8	11	11	5	5	8	8	8	8	3	3	6	6
IND00144	1	1	3	3	4	4	3	3	3	3	4	4	4	4	6	6	4	4	2	2	2	2	4	4	3	3	3	3	2	2	4	4	2	2	2	2	11	11	15	15	1	1	1	1	2	2	2	2	1	1	3	3	6	6	5	5	3	3	2	2	1	1	3	3	1	1	1	1	1	1	2	2	3	3	1	1	2	2	1	1	2	2	1	1	2	2	1	1	9	9	6	6	4	4	3	3	1	1	2	2	1	1	2	2	5	5	16	16	2	2	4	4	2	2	4	4	1	1	1	1	1	1	2	2	3	3	4	4	2	2	1	1	2	2	2	2	2	2	3	3	15	15	5	5	1	1	2	2	2	2	1	1	2	2	2	2	2	2	4	4	3	3	6	6	6	6	8	8	6	6	2	2	1	1	16	16	8	8	3	3	3	3	8	8
IND00145	1	1	2	2	3	3	2	2	1	1	4	4	5	5	7	7	3	3	4	4	3	3	4	4	4	4	4	4	2	2	4	4	2	2	1	1	8	8	6	6	1	1	2	2	1	1	2	2	3	3	1	1	7	7	2	2	1	1	1	1	1	1	3	3	1	1	1	1	3	3	3	3	3	3	3	3	3	3	2	2	2	2	3	3	2	2	2	2	1	1	30	30	3	3	6	6	4	4	2	2	4	4	2	2	5	5	10	10	1	1	2	2	2	2	2	2	2	2	1	1	2	2	1	1	4	4	2	2	2	2	2	2	1	1	1	1	4	4	1	1	12	12	6	6	2	2	2	2	2	2	4	4	1	1	2	2	3	3	4	4	1	1	8	8	8	8	2	2	8	8	5	5	12	12	14	14	2	2	3	3	4	4	8	8
IND00146	2	2	1	1	3	3	1	1	2	2	2	2	6	6	6	6	1	1	1	1	3	3	3	3	2	2	3	3	3	3	3	3	1	1	2	2	13	13	8	8	2	2	2	2	1	1	1	1	4	4	1	1	4	4	7	7	3	3	1	1	4	4	1	1	1	1	1	1	3	3	2	2	1	1	1	1	3	3	3	3	1	1	4	4	2	2	2	2	5	5	29	29	8	8	4	4	1	1	1	1	1	1	3	3	4	4	6	6	3	3	2	2	1	1	4	4	1	1	1	1	1	1	2	2	2	2	1	1	2	2	2	2	2	2	2	2	3	3	1	1	11	11	10	10	2	2	1	1	3	3	4	4	2	2	2	2	4	4	4	4	3	3	1	1	7	7	7	7	2	2	8	8	11	11	8	8	8	8	3	3	7	7	6	6
IND00147	1	1	4	4	3	3	1	1	4	4	1	1	7	7	1	1	1	1	2	2	3	3	4	4	2	2	1	1	2	2	1	1	1	1	2	2	8	8	2	2	1	1	1	1	1	1	2	2	3	3	3	3	4	4	3	3	4	4	4	4	3	3	3	3	2	2	1	1	1	1	3	3	3	3	4	4	4	4	3	3	3	3	1	1	1	1	2	2	3	3	26	26	5	5	1	1	2	2	4	4	1	1	3	3	11	11	4	4	4	4	3	3	2	2	2	2	2	2	1	1	2	2	2	2	4	4	1	1	2	2	1	1	1	1	2	2	3	3	1	1	15	15	2	2	2	2	2	2	4	4	4	4	2	2	2	2	1	1	4	4	8	8	6	6	4	4	2	2	3	3	3	3	3	3	4	4	6	6	2	2	6	6	6	6
IND00148	1	1	1	1	3	3	2	2	1	1	4	4	3	3	4	4	2	2	2	2	2	2	4	4	1	1	1	1	1	1	1	1	1	1	2	2	7	7	6	6	1	1	2	2	1	1	1	1	1	1	2	2	8	8	8	8	1	1	3	3	1	1	4	4	2	2	2	2	2	2	1	1	3	3	4	4	4	4	4	4	1	1	1	1	1	1	1	1	18	18	23	23	2	2	8	8	2	2	1	1	1	1	1	1	15	15	3	3	3	3	2	2	2	2	1	1	2	2	1	1	1	1	2	2	2	2	4	4	2	2	2	2	1	1	1	1	2	2	2	2	7	7	1	1	1	1	2	2	3	3	3	3	1	1	2	2	2	2	3	3	4	4	6	6	6	6	3	3	3	3	2	2	1	1	3	3	6	6	3	3	6	6	1	1
IND00149	3	3	2	2	1	1	3	3	2	2	1	1	3	3	8	8	3	3	1	1	4	4	4	4	4	4	4	4	1	1	4	4	1	1	1	1	11	11	2	2	1	1	2	2	2	2	1	1	1	1	2	2	6	6	4	4	3	3	3	3	1	1	3	3	2	2	2	2	2	2	4	4	4	4	4	4	2	2	2	2	4	4	4	4	1	1	2	2	7	7	16	16	7	7	3	3	4	4	4	4	4	4	1	1	3	3	14	14	4	4	4	4	4	4	1	1	2	2	1	1	2	2	1	1	3	3	4	4	2	2	1	1	1	1	2	2	3	3	2	2	9	9	11	11	1	1	2	2	4	4	4	4	2	2	2	2	1	1	1	1	7	7	2	2	5	5	2	2	6	6	1	1	9	9	11	11	4	4	4	4	5	5	1	1
IND00150	3	3	3	3	3	3	2	2	1	1	1	1	5	5	8	8	1	1	2	2	4	4	3	3	1	1	1	1	3	3	2	2	2	2	2	2	9	9	12	12	1	1	1	1	1	1	2	2	3	3	1	1	2	2	2	2	1	1	3	3	1	1	3	3	2	2	2	2	4	4	4	4	4	4	2	2	4	4	2	2	2	2	2	2	2	2	1	1	1	1	4	4	1	1	3	3	4	4	4	4	4	4	4	4	5	5	7	7	3	3	3	3	3	3	2	2	2	2	2	2	1	1	2	2	1	1	2	2	2	2	2	2	1	1	2	2	1	1	3	3	9	9	13	13	1	1	2	2	4	4	1	1	1	1	2	2	2	2	3	3	1	1	6	6	5	5	6	6	6	6	4	4	8	8	5	5	3	3	5	5	1	1	4	4
IND00151	4	4	1	1	3	3	4	4	3	3	2	2	4	4	3	3	4	4	1	1	1	1	1	1	2	2	2	2	3	3	4	4	1	1	2	2	14	14	2	2	1	1	1	1	1	1	2	2	3	3	3	3	8	8	3	3	2	2	4	4	3	3	3	3	1	1	1	1	1	1	3	3	1	1	1	1	2	2	4	4	1	1	2	2	2	2	2	2	13	13	21	21	2	2	6	6	1	1	2	2	2	2	3	3	11	11	16	16	4	4	2	2	2	2	1	1	1	1	2	2	2	2	2	2	1	1	1	1	2	2	1	1	2	2	1	1	1	1	2	2	2	2	1	1	1	1	2	2	3	3	3	3	1	1	1	1	3	3	3	3	4	4	7	7	6	6	5	5	5	5	6	6	3	3	13	13	8	8	3	3	4	4	1	1
IND00152	1	1	4	4	4	4	2	2	1	1	3	3	4	4	4	4	2	2	2	2	3	3	4	4	1	1	4	4	1	1	1	1	1	1	1	1	11	11	15	15	1	1	1	1	2	2	2	2	2	2	3	3	3	3	3	3	1	1	3	3	3	3	1	1	2	2	2	2	3	3	2	2	3	3	1	1	3	3	2	2	3	3	3	3	2	2	1	1	12	12	27	27	4	4	7	7	1	1	1	1	3	3	2	2	15	15	1	1	3	3	4	4	3	3	1	1	2	2	1	1	2	2	1	1	2	2	4	4	1	1	2	2	1	1	2	2	1	1	1	1	14	14	5	5	1	1	1	1	3	3	1	1	1	1	1	1	2	2	2	2	1	1	4	4	7	7	3	3	8	8	5	5	3	3	14	14	1	1	6	6	1	1	6	6
IND00153	3	3	2	2	3	3	3	3	1	1	3	3	3	3	3	3	3	3	2	2	2	2	2	2	4	4	1	1	3	3	1	1	2	2	1	1	4	4	10	10	2	2	2	2	2	2	2	2	3	3	3	3	5	5	4	4	2	2	4	4	1	1	4	4	1	1	1	1	4	4	3	3	2	2	3	3	4	4	2	2	2	2	2	2	1	1	1	1	31	31	16	16	3	3	6	6	2	2	2	2	4	4	2	2	10	10	7	7	4	4	2	2	2	2	4	4	2	2	2	2	2	2	1	1	1	1	1	1	1	1	1	1	1	1	1	1	2	2	4	4	5	5	11	11	2	2	2	2	4	4	2	2	2	2	1	1	4	4	4	4	3	3	7	7	3	3	2	2	3	3	3	3	7	7	1	1	5	5	7	7	3	3	7	7
IND00154	2	2	2	2	4	4	3	3	3	3	4	4	8	8	8	8	3	3	2	2	3	3	4	4	4	4	3	3	3	3	1	1	2	2	2	2	6	6	1	1	1	1	2	2	2	2	1	1	1	1	2	2	7	7	1	1	3	3	2	2	3	3	4	4	2	2	1	1	4	4	1	1	3	3	3	3	1	1	1	1	1	1	2	2	1	1	2	2	5	5	28	28	7	7	4	4	4	4	4	4	2	2	2	2	4	4	12	12	1	1	1	1	1	1	1	1	1	1	1	1	1	1	2	2	2	2	4	4	1	1	1	1	2	2	2	2	1	1	3	3	15	15	6	6	1	1	1	1	4	4	3	3	2	2	2	2	1	1	4	4	3	3	7	7	2	2	2	2	8	8	8	8	12	12	3	3	5	5	6	6	6	6	4	4
IND00155	3	3	1	1	1	1	3	3	2	2	3	3	3	3	4	4	3	3	3	3	3	3	4	4	1	1	3	3	1	1	2	2	1	1	2	2	3	3	9	9	1	1	1	1	1	1	2	2	1	1	1	1	2	2	8	8	2	2	1	1	1	1	2	2	2	2	2	2	3	3	3	3	4	4	3	3	3	3	3	3	1	1	3	3	2	2	1	1	20	20	4	4	5	5	5	5	2	2	4	4	1	1	3	3	3	3	15	15	4	4	3	3	4	4	4	4	1	1	1	1	2	2	2	2	2	2	3	3	2	2	2	2	1	1	1	1	1	1	4	4	2	2	15	15	2	2	1	1	3	3	1	1	1	1	1	1	1	1	4	4	7	7	5	5	5	5	8	8	2	2	6	6	9	9	9	9	1	1	3	3	3	3	2	2
IND00156	3	3	1	1	4	4	1	1	2	2	4	4	7	7	5	5	3	3	4	4	2	2	2	2	3	3	4	4	2	2	3	3	1	1	1	1	12	12	16	16	1	1	2	2	1	1	2	2	1	1	3	3	3	3	5	5	2	2	4	4	2	2	4	4	1	1	2	2	4	4	4	4	2	2	3	3	1	1	3	3	4	4	4	4	2	2	2	2	4	4	24	24	8	8	7	7	3	3	2	2	3	3	2	2	11	11	2	2	1	1	3	3	4	4	2	2	1	1	1	1	1	1	1	1	1	1	2	2	1	1	1	1	1	1	2	2	4	4	2	2	7	7	2	2	2	2	1	1	1	1	4	4	2	2	1	1	2	2	2	2	5	5	3	3	3	3	8	8	1	1	4	4	13	13	7	7	8	8	7	7	5	5	1	1
IND00157	4	4	3	3	2	2	3	3	2	2	3	3	7	7	3	3	1	1	4	4	3	3	4	4	2	2	2	2	1	1	4	4	2	2	2	2	11	11	6	6	2	2	2	2	2	2	1	1	3	3	4	4	2	2	5	5	2	2	1	1	4	4	2	2	1	1	1	1	2	2	2	2	2	2	4	4	4	4	4	4	1	1	2	2	1	1	1	1	6	6	11	11	8	8	7	7	3	3	1	1	2	2	3	3	14	14	4	4	4	4	2	2	1	1	2	2	1	1	2	2	2	2	1	1	3	3	1	1	1	1	1	1	2	2	1	1	1	1	1	1	1	1	1	1	2	2	2	2	3	3	2	2	2	2	1	1	1	1	2	2	8	8	2	2	1	1	8	8	1	1	6	6	6	6	10	10	2	2	3	3	5	5	2	2
IND00158	1	1	4	4	3	3	1	1	2	2	3	3	8	8	2	2	4	4	2	2	4	4	1	1	2	2	2	2	1	1	1	1	2	2	2	2	9	9	14	14	2	2	2	2	2	2	2	2	2	2	2	2	7	7	2	2	1	1	3	3	3	3	4	4	1	1	1	1	3	3	4	4	2	2	4	4	3	3	2	2	1	1	3	3	2	2	1	1	14	14	17	17	8	8	8	8	2	2	1	1	1	1	3	3	5	5	1	1	2	2	4	4	4	4	2	2	2	2	1	1	1	1	1	1	3	3	4	4	1	1	2	2	1	1	1	1	4	4	3	3	2	2	3	3	2	2	1	1	1	1	2	2	2	2	2	2	3	3	4	4	5	5	6	6	6	6	8	8	7	7	8	8	2	2	3	3	4	4	8	8	6	6	4	4
IND00159	3	3	4	4	2	2	2	2	3	3	4	4	5	5	7	7	3	3	2	2	1	1	4	4	3	3	4	4	3	3	1	1	2	2	2	2	10	10	5	5	2	2	1	1	1	1	1	1	4	4	3	3	8	8	8	8	4	4	1	1	1	1	2	2	2	2	2	2	2	2	3	3	3	3	4	4	4	4	3	3	2	2	3	3	1	1	1	1	8	8	24	24	7	7	2	2	4	4	1	1	4	4	2	2	4	4	8	8	3	3	4	4	2	2	1	1	2	2	1	1	2	2	1	1	2	2	2	2	2	2	1	1	2	2	2	2	2	2	1	1	16	16	10	10	2	2	2	2	2	2	1	1	1	1	2	2	3	3	2	2	1	1	3	3	4	4	4	4	6	6	2	2	7	7	12	12	5	5	8	8	8	8	2	2
IND00160	4	4	2	2	2	2	3	3	4	4	3	3	1	1	1	1	2	2	4	4	3	3	2	2	3	3	4	4	1	1	1	1	1	1	1	1	5	5	8	8	2	2	1	1	2	2	1	1	1	1	4	4	6	6	8	8	3	3	3	3	3	3	4	4	2	2	2	2	1	1	1	1	2	2	4	4	1	1	1	1	1	1	3	3	1	1	1	1	30	30	28	28	5	5	1	1	1	1	4	4	3	3	1	1	13	13	14	14	4	4	4	4	4	4	2	2	1	1	1	1	1	1	1	1	3	3	2	2	2	2	1	1	1	1	2	2	3	3	3	3	13	13	5	5	1	1	2	2	4	4	3	3	1	1	1	1	2	2	2	2	6	6	8	8	2	2	2	2	7	7	4	4	11	11	2	2	1	1	5	5	1	1	6	6
IND00161	1	1	1	1	4	4	2	2	4	4	3	3	6	6	6	6	2	2	2	2	1	1	1	1	3	3	2	2	3	3	4	4	2	2	1	1	14	14	15	15	2	2	1	1	1	1	2	2	1	1	3	3	2	2	8	8	4	4	1	1	2	2	4	4	2	2	2	2	2	2	2	2	2	2	1	1	3	3	3	3	3	3	2	2	1	1	1	1	24	24	11	11	6	6	2	2	4	4	2	2	4	4	2	2	9	9	4	4	2	2	4	4	2	2	1	1	2	2	1	1	2	2	2	2	2	2	1	1	2	2	2	2	1	1	1	1	3	3	3	3	11	11	8	8	2	2	1	1	2	2	3	3	1	1	2	2	2	2	1	1	2	2	6	6	8	8	8	8	8	8	7	7	4	4	6	6	5	5	6	6	1	1	7	7
IND00162	4	4	3	3	2	2	3	3	2	2	4	4	7	7	5	5	2	2	4	4	3	3	2	2	2	2	1	1	2	2	4	4	2	2	2	2	11	11	11	11	2	2	2	2	1	1	2	2	3	3	4	4	1	1	2	2	2	2	2	2	1	1	2	2	1	1	1	1	1	1	1	1	2	2	1	1	1	1	1	1	3	3	3	3	2	2	2	2	5	5	13	13	8	8	1	1	2	2	2	2	1	1	3	3	1	1	7	7	3	3	3	3	4	4	4	4	2	2	1	1	2	2	1	1	4	4	2	2	1	1	2	2	2	2	2	2	4	4	3	3	15	15	1	1	2	2	1	1	4	4	3	3	1	1	2	2	1	1	3	3	4	4	7	7	5	5	1	1	4	4	4	4	5	5	16	16	5	5	8	8	1	1	5	5
IND00163	2	2	4	4	4	4	4	4	4	4	3	3	2	2	6	6	2	2	3	3	2	2	3	3	3	3	3	3	2	2	4	4	1	1	1	1	4	4	12	12	1	1	2	2	2	2	1	1	2	2	3	3	1	1	3	3	4	4	1	1	3	3	4	4	2	2	2	2	1	1	4	4	3	3	1	1	3	3	2	2	2	2	2	2	2	2	2	2	17	17	3	3	7	7	5	5	4	4	2	2	4	4	4	4	10	10	15	15	4	4	4	4	4	4	3	3	2	2	2	2	1	1	2	2	1	1	1	1	1	1	1	1	2	2	1	1	1	1	2	2	12	12	14	14	1	1	1	1	3	3	1	1	2	2	1	1	3	3	3	3	4	4	4	4	4	4	5	5	3	3	3	3	15	15	1	1	5	5	3	3	1	1	7	7
IND00164	4	4	4	4	4	4	2	2	3	3	4	4	7	7	1	1	2	2	3	3	4	4	2	2	4	4	2	2	1	1	3	3	1	1	2	2	5	5	6	6	1	1	2	2	1	1	1	1	2	2	1	1	6	6	5	5	1	1	3	3	1	1	2	2	2	2	1	1	4	4	1	1	4	4	2	2	3	3	4	4	4	4	4	4	2	2	1	1	6	6	30	30	7	7	2	2	3	3	2	2	1	1	2	2	7	7	5	5	1	1	2	2	1	1	3	3	2	2	2	2	1	1	2	2	4	4	3	3	1	1	2	2	1	1	1	1	4	4	1	1	15	15	14	14	2	2	2	2	3	3	2	2	2	2	1	1	3	3	2	2	2	2	2	2	5	5	2	2	2	2	1	1	6	6	14	14	2	2	3	3	5	5	6	6
IND00165	1	1	2	2	2	2	4	4	4	4	4	4	6	6	1	1	3	3	4	4	4	4	1	1	3	3	4	4	1	1	1	1	1	1	1	1	9	9	15	15	2	2	2	2	1	1	2	2	2	2	3	3	3	3	1	1	4	4	1	1	3	3	3	3	2	2	1	1	4	4	3	3	3	3	1	1	1	1	1	1	2	2	4	4	2	2	2	2	9	9	9	9	1	1	6	6	4	4	4	4	3	3	4	4	4	4	4	4	4	4	3	3	1	1	3	3	1	1	2	2	2	2	1	1	3	3	4	4	2	2	1	1	2	2	2	2	2	2	4	4	6	6	12	12	1	1	1	1	1	1	1	1	2	2	1	1	2	2	1	1	2	2	7	7	5	5	6	6	7	7	7	7	16	16	4	4	1	1	2	2	1	1	3	3
IND00166	2	2	1	1	2	2	2	2	2	2	3	3	8	8	3	3	2	2	2	2	2	2	2	2	2	2	2	2	4	4	3	3	2	2	2	2	12	12	2	2	2	2	2	2	1	1	2	2	4	4	3	3	3	3	8	8	2	2	3	3	1	1	2	2	1	1	2	2	2	2	1	1	2	2	1	1	1	1	2	2	1	1	2	2	1	1	1	1	19	19	25	25	8	8	5	5	3	3	2	2	3	3	1	1	6	6	11	11	3	3	4	4	1	1	1	1	2	2	1	1	2	2	1	1	1	1	1	1	2	2	2	2	1	1	2	2	4	4	3	3	16	16	5	5	2	2	2	2	1	1	4	4	2	2	2	2	1	1	1	1	7	7	7	7	4	4	7	7	7	7	4	4	1	1	11	11	3	3	1	1	6	6	1	1
IND00167	1	1	1	1	4	4	4	4	2	2	1	1	3	3	8	8	1	1	1	1	2	2	2	2	2	2	2	2	1	1	2	2	1	1	1	1	12	12	3	3	1	1	2	2	2	2	2	2	2	2	3	3	8	8	8	8	2	2	4	4	2	2	3	3	1	1	1	1	3	3	3	3	1	1	2	2	4	4	3	3	3	3	3	3	2	2	2	2	28	28	14	14	8	8	5	5	1	1	3	3	2	2	4	4	11	11	9	9	2	2	4	4	4	4	1	1	2	2	2	2	2	2	2	2	1	1	2	2	1	1	2	2	2	2	1	1	2	2	4	4	4	4	7	7	1	1	2	2	2	2	2	2	1	1	1	1	4	4	2	2	6	6	5	5	8	8	7	7	7	7	8	8	2	2	11	11	6	6	5	5	3	3	6	6
IND00168	4	4	2	2	3	3	2	2	4	4	2	2	7	7	5	5	4	4	2	2	1	1	3	3	4	4	3	3	1	1	4	4	1	1	2	2	11	11	6	6	2	2	1	1	2	2	1	1	1	1	2	2	8	8	1	1	3	3	1	1	1	1	2	2	2	2	2	2	4	4	1	1	4	4	1	1	3	3	3	3	4	4	4	4	2	2	2	2	23	23	6	6	5	5	4	4	2	2	1	1	4	4	1	1	6	6	15	15	2	2	3	3	4	4	1	1	2	2	1	1	1	1	2	2	3	3	2	2	2	2	2	2	2	2	2	2	4	4	3	3	14	14	14	14	1	1	2	2	4	4	2	2	2	2	1	1	1	1	3	3	8	8	3	3	1	1	8	8	6	6	3	3	2	2	7	7	2	2	8	8	1	1	3	3
IND00169	1	1	1	1	3	3	3	3	2	2	1	1	1	1	2	2	3	3	3	3	1	1	1	1	4	4	4	4	3	3	3	3	2	2	1	1	10	10	13	13	2	2	2	2	2	2	2	2	4	4	4	4	8	8	7	7	3	3	2	2	4	4	2	2	1	1	1	1	1	1	2	2	2	2	4	4	1	1	4	4	1	1	2	2	2	2	1	1	13	13	17	17	2	2	5	5	2	2	1	1	1	1	1	1	9	9	15	15	2	2	2	2	3	3	3	3	1	1	1	1	2	2	1	1	3	3	2	2	2	2	1	1	1	1	1	1	2	2	4	4	3	3	12	12	2	2	1	1	4	4	4	4	1	1	1	1	2	2	2	2	4	4	5	5	6	6	8	8	4	4	5	5	15	15	7	7	1	1	2	2	8	8	1	1
IND00170	3	3	4	4	2	2	2	2	4	4	1	1	6	6	5	5	1	1	4	4	4	4	4	4	3	3	3	3	3	3	4	4	1	1	1	1	10	10	5	5	1	1	1	1	2	2	1	1	4	4	4	4	8	8	4	4	4	4	1	1	1	1	4	4	1	1	2	2	4	4	4	4	3	3	4	4	4	4	3	3	1	1	2	2	2	2	2	2	16	16	5	5	8	8	1	1	2	2	2	2	1	1	1	1	9	9	5	5	1	1	1	1	4	4	2	2	1	1	1	1	1	1	1	1	4	4	4	4	2	2	2	2	2	2	2	2	4	4	3	3	15	15	14	14	2	2	1	1	2	2	2	2	2	2	1	1	3	3	3	3	3	3	1	1	5	5	6	6	5	5	5	5	15	15	16	16	7	7	8	8	4	4	4	4
IND00171	3	3	2	2	4	4	3	3	1	1	1	1	3	3	2	2	4	4	1	1	2	2	3	3	1	1	1	1	2	2	3	3	2	2	2	2	14	14	4	4	1	1	2	2	2	2	2	2	4	4	1	1	1	1	1	1	3	3	2	2	3	3	4	4	2	2	2	2	1	1	2	2	4	4	3	3	3	3	4	4	3	3	3	3	1	1	1	1	20	20	27	27	4	4	8	8	4	4	4	4	4	4	2	2	6	6	3	3	4	4	4	4	4	4	2	2	2	2	2	2	2	2	1	1	1	1	1	1	1	1	2	2	1	1	2	2	2	2	3	3	11	11	12	12	2	2	1	1	4	4	2	2	1	1	2	2	2	2	2	2	8	8	7	7	5	5	4	4	2	2	1	1	12	12	16	16	3	3	3	3	8	8	7	7
IND00172	1	1	3	3	3	3	2	2	4	4	1	1	5	5	6	6	1	1	3	3	3	3	1	1	3	3	3	3	2	2	2	2	1	1	1	1	16	16	7	7	2	2	2	2	1	1	2	2	1	1	4	4	5	5	6	6	2	2	4	4	3	3	1	1	2	2	2	2	2	2	4	4	1	1	3	3	3	3	1	1	1	1	3	3	1	1	2	2	9	9	26	26	1	1	5	5	2	2	3	3	4	4	4	4	8	8	6	6	2	2	2	2	3	3	1	1	2	2	2	2	2	2	2	2	4	4	4	4	2	2	2	2	2	2	1	1	2	2	2	2	1	1	8	8	2	2	2	2	4	4	3	3	1	1	1	1	2	2	1	1	1	1	8	8	5	5	7	7	5	5	8	8	11	11	13	13	3	3	7	7	8	8	6	6
IND00173	2	2	1	1	2	2	4	4	3	3	4	4	2	2	5	5	4	4	1	1	3	3	2	2	3	3	2	2	2	2	1	1	2	2	1	1	10	10	16	16	1	1	2	2	2	2	1	1	2	2	2	2	1	1	5	5	1	1	2	2	2	2	1	1	2	2	2	2	3	3	4	4	1	1	3	3	1	1	3	3	4	4	3	3	1	1	1	1	19	19	32	32	1	1	5	5	3	3	2	2	1	1	3	3	1	1	12	12	1	1	3	3	1	1	4	4	1	1	2	2	1	1	2	2	2	2	3	3	2	2	1	1	1	1	2	2	3	3	1	1	15	15	4	4	2	2	1	1	2	2	4	4	1	1	1	1	3	3	1	1	2	2	7	7	7	7	1	1	5	5	4	4	11	11	11	11	1	1	6	6	1	1	8	8
IND00174	3	3	2	2	2	2	2	2	3	3	4	4	4	4	2	2	1	1	1	1	4	4	3	3	1	1	4	4	1	1	1	1	2	2	1	1	8	8	15	15	2	2	1	1	1	1	1	1	2	2	3	3	6	6	8	8	4	4	2	2	3	3	3	3	1	1	2	2	3	3	1	1	2	2	1	1	4	4	4	4	4	4	1	1	1	1	2	2	8	8	10	10	6	6	4	4	2	2	1	1	3	3	2	2	3	3	16	16	4	4	3	3	2	2	3	3	2	2	2	2	2	2	2	2	3	3	4	4	1	1	1	1	2	2	1	1	3	3	4	4	13	13	12	12	2	2	2	2	2	2	1	1	1	1	2	2	1	1	4	4	1	1	7	7	7	7	1	1	5	5	4	4	5	5	13	13	4	4	4	4	2	2	4	4
IND00175	2	2	4	4	1	1	2	2	2	2	1	1	3	3	3	3	2	2	1	1	2	2	2	2	2	2	1	1	4	4	2	2	1	1	1	1	6	6	3	3	1	1	1	1	1	1	1	1	1	1	2	2	7	7	5	5	2	2	1	1	4	4	2	2	1	1	2	2	3	3	1	1	3	3	3	3	4	4	2	2	3	3	3	3	1	1	1	1	15	15	22	22	4	4	7	7	3	3	4	4	4	4	1	1	2	2	1	1	1	1	3	3	2	2	1	1	1	1	2	2	1	1	1	1	1	1	2	2	2	2	1	1	1	1	2	2	1	1	4	4	10	10	8	8	2	2	2	2	1	1	4	4	1	1	2	2	4	4	2	2	8	8	6	6	8	8	2	2	1	1	4	4	5	5	16	16	7	7	4	4	5	5	2	2
IND00176	2	2	2	2	2	2	4	4	3	3	2	2	4	4	3	3	1	1	1	1	2	2	1	1	3	3	2	2	3	3	1	1	2	2	1	1	6	6	11	11	1	1	2	2	2	2	1	1	3	3	3	3	3	3	6	6	2	2	3	3	2	2	3	3	2	2	1	1	2	2	4	4	4	4	1	1	2	2	2	2	4	4	2	2	1	1	2	2	22	22	23	23	1	1	7	7	1	1	1	1	4	4	4	4	12	12	11	11	3	3	1	1	1	1	2	2	2	2	2	2	1	1	2	2	2	2	2	2	1	1	1	1	1	1	1	1	2	2	3	3	1	1	9	9	1	1	1	1	2	2	2	2	2	2	2	2	2	2	4	4	5	5	1	1	7	7	5	5	3	3	7	7	6	6	2	2	8	8	1	1	1	1	2	2
IND00177	3	3	4	4	1	1	4	4	2	2	4	4	6	6	5	5	2	2	4	4	3	3	3	3	3	3	4	4	3	3	4	4	1	1	2	2	10	10	14	14	1	1	1	1	1	1	2	2	2	2	1	1	1	1	2	2	2	2	4	4	4	4	1	1	1	1	2	2	2	2	2	2	1	1	4	4	3	3	2	2	4	4	2	2	2	2	2	2	27	27	25	25	8	8	3	3	3	3	4	4	2	2	4	4	7	7	1	1	4	4	3	3	1	1	3	3	1	1	2	2	1	1	1	1	1	1	1	1	1	1	1	1	2	2	2	2	4	4	2	2	6	6	12	12	1	1	2	2	3	3	1	1	1	1	1	1	3	3	4	4	5	5	4	4	3	3	3	3	6	6	1	1	3	3	16	16	3	3	6	6	5	5	6	6
IND00178	2	2	2	2	4	4	4	4	3	3	2	2	8	8	8	8	2	2	2	2	1	1	4	4	2	2	2	2	4	4	3	3	2	2	2	2	15	15	8	8	1	1	1	1	1	1	1	1	1	1	3	3	4	4	5	5	3	3	4	4	1	1	3	3	1	1	2	2	2	2	1	1	2	2	2	2	1	1	2	2	2	2	1	1	1	1	1	1	3	3	23	23	6	6	4	4	3	3	4	4	4	4	2	2	14	14	5	5	2	2	2	2	3	3	4	4	2	2	2	2	2	2	2	2	1	1	4	4	1	1	2	2	2	2	1	1	1	1	3	3	12	12	6	6	2	2	2	2	1	1	4	4	1	1	1	1	4	4	1	1	8	8	3	3	8	8	1	1	3	3	4	4	8	8	8	8	8	8	5	5	2	2	7	7
IND00179	1	1	1	1	3	3	4	4	1	1	3	3	6	6	5	5	2	2	4	4	4	4	4	4	4	4	2	2	4	4	1	1	2	2	2	2	1	1	10	10	1	1	2	2	1	1	1	1	4	4	1	1	3	3	2	2	1	1	2	2	2	2	2	2	2	2	2	2	1	1	1	1	4	4	1	1	1	1	4	4	4	4	1	1	1	1	1	1	16	16	9	9	7	7	8	8	3	3	3	3	4	4	1	1	13	13	2	2	3	3	3	3	2	2	2	2	2	2	2	2	2	2	2	2	4	4	3	3	1	1	1	1	1	1	2	2	2	2	2	2	15	15	9	9	2	2	2	2	4	4	2	2	2	2	2	2	4	4	1	1	8	8	7	7	8	8	3	3	4	4	8	8	8	8	9	9	6	6	3	3	2	2	5	5
IND00180	1	1	3	3	3	3	4	4	2	2	2	2	6	6	3	3	1	1	2	2	4	4	4	4	2	2	4	4	3	3	2	2	1	1	1	1	7	7	16	16	1	1	2	2	2	2	1	1	2	2	3	3	8	8	6	6	2	2	4	4	3	3	1	1	2	2	1	1	3	3	2	2	2	2	3	3	3	3	4	4	1	1	1	1	2	2	1	1	11	11	29	29	6	6	2	2	1	1	4	4	3	3	1	1	15	15	7	7	4	4	4	4	4	4	1	1	2	2	2	2	1	1	1	1	3	3	3	3	1	1	2	2	2	2	2	2	1	1	1	1	2	2	4	4	1	1	2	2	2	2	3	3	2	2	1	1	3	3	2	2	2	2	8	8	6	6	4	4	1	1	6	6	16	16	6	6	8	8	3	3	6	6	7	7
IND00181	4	4	4	4	3	3	2	2	1	1	2	2	2	2	6	6	3	3	1	1	3	3	1	1	4	4	1	1	4	4	3	3	1	1	1	1	5	5	15	15	2	2	2	2	1	1	2	2	2	2	3	3	4	4	3	3	3	3	4	4	2	2	1	1	2	2	2	2	1	1	3	3	2	2	3	3	2	2	3	3	1	1	3	3	1	1	1	1	20	20	32	32	1	1	5	5	2	2	4	4	1	1	4	4	16	16	16	16	4	4	4	4	1	1	3	3	2	2	2	2	1	1	2	2	4	4	3	3	2	2	2	2	2	2	2	2	2	2	2	2	9	9	3	3	1	1	2	2	3	3	1	1	1	1	2	2	1	1	2	2	7	7	2	2	4	4	4	4	3	3	7	7	14	14	8	8	2	2	2	2	1	1	4	4
IND00182	2	2	1	1	4	4	3	3	1	1	3	3	5	5	1	1	3	3	1	1	1	1	2	2	2	2	2	2	3	3	4	4	2	2	1	1	6	6	15	15	2	2	1	1	1	1	1	1	4	4	1	1	1	1	1	1	3	3	2	2	1	1	4	4	2	2	1	1	2	2	1	1	4	4	4	4	4	4	1	1	3	3	4	4	1	1	2	2	8	8	32	32	7	7	5	5	4	4	2	2	3	3	2	2	9	9	7	7	2	2	3	3	2	2	1	1	1	1	1	1	2	2	1	1	1	1	2	2	1	1	2	2	1	1	1	1	3	3	4	4	15	15	14	14	1	1	1	1	4	4	2	2	1	1	2	2	2	2	2	2	4	4	6	6	5	5	8	8	8	8	1	1	13	13	15	15	4	4	4	4	1	1	6	6
IND00183	1	1	2	2	4	4	4	4	2	2	2	2	2	2	6	6	1	1	2	2	1	1	4	4	1	1	2	2	1	1	3	3	2	2	2	2	10	10	14	14	2	2	2	2	2	2	1	1	4	4	2	2	2	2	2	2	2	2	2	2	3	3	4	4	1	1	2	2	3	3	1	1	2	2	1	1	4	4	1	1	3	3	3	3	1	1	1	1	11	11	5	5	2	2	6	6	3	3	2	2	3	3	3	3	3	3	9	9	2	2	1	1	4	4	3	3	1	1	2	2	1	1	2	2	3	3	3	3	1	1	1	1	1	1	1	1	2	2	1	1	8	8	2	2	1	1	2	2	2	2	1	1	2	2	1	1	2	2	2	2	4	4	5	5	3	3	7	7	8	8	1	1	10	10	12	12	6	6	4	4	5	5	6	6
IND00184	3	3	3	3	1	1	4	4	4	4	2	2	5	5	7	7	1	1	1	1	2	2	2	2	3	3	3	3	2	2	2	2	1	1	1	1	13	13	5	5	2	2	2	2	2	2	2	2	3	3	4	4	2	2	8	8	2	2	2	2	2	2	1	1	1	1	1	1	3	3	2	2	2	2	2	2	4	4	4	4	4	4	4	4	2	2	2	2	16	16	30	30	7	7	1	1	4	4	3	3	2	2	1	1	8	8	5	5	4	4	2	2	2	2	3	3	1	1	1	1	1	1	2	2	1	1	3	3	2	2	1	1	2	2	1	1	1	1	3	3	7	7	16	16	2	2	1	1	1	1	4	4	1	1	1	1	1	1	4	4	2	2	7	7	2	2	5	5	5	5	7	7	7	7	14	14	2	2	5	5	8	8	5	5
IND00185	2	2	3	3	3	3	1	1	2	2	2	2	4	4	1	1	2	2	3	3	1	1	4	4	4	4	2	2	4	4	4	4	1	1	2	2	13	13	13	13	1	1	2	2	1	1	1	1	2	2	1	1	8	8	3	3	4	4	4	4	3	3	4	4	1	1	1	1	3	3	2	2	3	3	1	1	4	4	2	2	2	2	1	1	2	2	2	2	26	26	28	28	2	2	4	4	2	2	3	3	1	1	2	2	5	5	15	15	1	1	2	2	2	2	1	1	2	2	1	1	1	1	2	2	1	1	2	2	2	2	1	1	1	1	1	1	3	3	2	2	13	13	15	15	2	2	1	1	1	1	4	4	2	2	1	1	1	1	3	3	2	2	1	1	4	4	6	6	8	8	1	1	8	8	7	7	5	5	8	8	1	1	3	3
IND00186	3	3	4	4	4	4	1	1	1	1	4	4	4	4	4	4	2	2	2	2	1	1	4	4	1	1	4	4	4	4	1	1	1	1	2	2	12	12	12	12	2	2	2	2	2	2	2	2	2	2	4	4	5	5	5	5	1	1	3	3	2	2	3	3	2	2	2	2	3	3	3	3	2	2	1	1	2	2	4	4	1	1	1	1	2	2	2	2	2	2	7	7	4	4	3	3	4	4	2	2	4	4	3	3	5	5	15	15	1	1	4	4	1	1	2	2	2	2	2	2	2	2	1	1	2	2	4	4	1	1	2	2	1	1	1	1	4	4	4	4	3	3	6	6	2	2	2	2	2	2	1	1	2	2	1	1	2	2	1	1	1	1	3	3	4	4	4	4	2	2	6	6	1	1	3	3	1	1	8	8	7	7	6	6
IND00187	4	4	4	4	4	4	3	3	3	3	1	1	3	3	4	4	4	4	1	1	3	3	3	3	4	4	3	3	4	4	3	3	2	2	2	2	2	2	9	9	2	2	2	2	1	1	1	1	3	3	2	2	6	6	8	8	4	4	2	2	2	2	2	2	1	1	1	1	4	4	1	1	4	4	1	1	3	3	3	3	2	2	1	1	2	2	2	2	23	23	8	8	8	8	6	6	3	3	1	1	2	2	2	2	2	2	9	9	4	4	3	3	3	3	1	1	1	1	2	2	2	2	1	1	2	2	2	2	2	2	1	1	1	1	2	2	1	1	3	3	16	16	1	1	1	1	1	1	1	1	1	1	2	2	1	1	3	3	1	1	2	2	6	6	8	8	2	2	8	8	4	4	3	3	1	1	4	4	6	6	1	1	3	3
IND00188	1	1	4	4	4	4	4	4	3	3	4	4	6	6	6	6	4	4	3	3	2	2	4	4	2	2	4	4	3	3	1	1	2	2	2	2	16	16	14	14	1	1	2	2	2	2	2	2	1	1	3	3	1	1	5	5	1	1	1	1	3	3	1	1	2	2	2	2	4	4	1	1	2	2	3	3	2	2	1	1	4	4	2	2	2	2	1	1	15	15	29	29	3	3	5	5	2	2	3	3	2	2	3	3	7	7	16	16	2	2	3	3	1	1	1	1	1	1	1	1	1	1	1	1	3	3	2	2	2	2	2	2	1	1	2	2	2	2	1	1	3	3	8	8	1	1	1	1	4	4	3	3	1	1	1	1	4	4	3	3	1	1	2	2	3	3	4	4	1	1	2	2	9	9	15	15	1	1	4	4	5	5	2	2
IND00189	2	2	1	1	3	3	2	2	2	2	2	2	2	2	1	1	2	2	4	4	1	1	2	2	2	2	1	1	3	3	2	2	1	1	1	1	1	1	7	7	2	2	1	1	1	1	1	1	1	1	2	2	2	2	8	8	4	4	4	4	2	2	2	2	2	2	1	1	4	4	3	3	2	2	4	4	1	1	2	2	2	2	4	4	1	1	1	1	20	20	24	24	1	1	8	8	3	3	1	1	4	4	1	1	16	16	9	9	4	4	4	4	1	1	1	1	1	1	1	1	1	1	1	1	3	3	2	2	1	1	2	2	2	2	1	1	4	4	2	2	3	3	2	2	1	1	1	1	2	2	2	2	1	1	1	1	1	1	1	1	7	7	1	1	1	1	6	6	7	7	4	4	2	2	7	7	8	8	2	2	5	5	4	4
IND00190	3	3	4	4	4	4	1	1	1	1	4	4	6	6	6	6	3	3	1	1	2	2	1	1	1	1	1	1	3	3	2	2	2	2	1	1	2	2	15	15	1	1	2	2	2	2	2	2	2	2	1	1	3	3	4	4	1	1	2	2	2	2	4	4	2	2	2	2	3	3	2	2	3	3	3	3	4	4	1	1	3	3	1	1	1	1	2	2	31	31	20	20	8	8	6	6	4	4	3	3	2	2	1	1	14	14	9	9	4	4	4	4	2	2	3	3	1	1	2	2	1	1	2	2	4	4	3	3	2	2	2	2	2	2	1	1	2	2	4	4	11	11	1	1	1	1	1	1	3	3	3	3	1	1	1	1	3	3	2	2	6	6	8	8	8	8	6	6	7	7	3	3	10	10	6	6	7	7	7	7	5	5	7	7
IND00191	3	3	1	1	4	4	4	4	4	4	1	1	7	7	2	2	4	4	1	1	2	2	1	1	3	3	4	4	4	4	3	3	1	1	1	1	5	5	3	3	2	2	1	1	2	2	1	1	3	3	4	4	8	8	7	7	2	2	3	3	3	3	1	1	1	1	1	1	4	4	3	3	3	3	3	3	4	4	3	3	3	3	3	3	2	2	1	1	5	5	31	31	8	8	8	8	3	3	3	3	3	3	1	1	12	12	16	16	1	1	1	1	2	2	1	1	2	2	2	2	1	1	2	2	1	1	3	3	2	2	1	1	1	1	2	2	2	2	2	2	7	7	13	13	2	2	2	2	1	1	4	4	2	2	2	2	4	4	2	2	6	6	1	1	1	1	5	5	3	3	3	3	9	9	2	2	2	2	1	1	3	3	7	7
IND00192	3	3	4	4	2	2	1	1	1	1	3	3	5	5	5	5	2	2	1	1	2	2	3	3	4	4	1	1	2	2	3	3	1	1	2	2	15	15	4	4	2	2	1	1	2	2	2	2	2	2	3	3	8	8	6	6	1	1	2	2	1	1	4	4	1	1	1	1	4	4	3	3	2	2	3	3	3	3	3	3	2	2	4	4	2	2	1	1	28	28	1	1	6	6	4	4	3	3	4	4	1	1	3	3	14	14	10	10	3	3	2	2	4	4	4	4	1	1	1	1	1	1	2	2	2	2	2	2	2	2	1	1	2	2	1	1	2	2	1	1	11	11	15	15	1	1	1	1	3	3	4	4	1	1	1	1	2	2	3	3	6	6	6	6	7	7	5	5	4	4	4	4	12	12	11	11	7	7	6	6	7	7	2	2
IND00193	1	1	2	2	4	4	3	3	1	1	4	4	2	2	7	7	1	1	4	4	3	3	3	3	4	4	3	3	3	3	4	4	2	2	2	2	11	11	9	9	1	1	1	1	2	2	1	1	2	2	1	1	3	3	5	5	2	2	1	1	1	1	4	4	2	2	2	2	3	3	4	4	4	4	4	4	3	3	3	3	2	2	1	1	2	2	2	2	13	13	17	17	6	6	2	2	1	1	4	4	1	1	1	1	5	5	11	11	2	2	1	1	1	1	2	2	1	1	2	2	2	2	1	1	3	3	3	3	1	1	2	2	2	2	2	2	4	4	1	1	8	8	14	14	1	1	1	1	2	2	4	4	2	2	2	2	3	3	1	1	8	8	4	4	1	1	6	6	3	3	5	5	12	12	9	9	7	7	8	8	4	4	8	8
IND00194	3	3	4	4	2	2	3	3	1	1	1	1	3	3	4	4	2	2	4	4	2	2	3	3	2	2	2	2	4	4	4	4	2	2	2	2	3	3	7	7	2	2	2	2	1	1	2	2	2	2	4	4	4	4	4	4	4	4	3	3	4	4	2	2	2	2	2	2	4	4	2	2	1	1	3	3	2	2	1	1	2	2	4	4	1	1	1	1	2	2	26	26	4	4	5	5	2	2	2	2	1	1	3	3	3	3	9	9	3	3	2	2	2	2	2	2	2	2	2	2	2	2	2	2	1	1	3	3	1	1	1	1	1	1	2	2	2	2	1	1	7	7	15	15	2	2	1	1	3	3	4	4	2	2	1	1	2	2	4	4	4	4	2	2	6	6	7	7	8	8	6	6	12	12	3	3	7	7	4	4	6	6	8	8
IND00195	3	3	1	1	3	3	2	2	3	3	3	3	7	7	6	6	2	2	1	1	1	1	4	4	1	1	2	2	4	4	2	2	1	1	2	2	9	9	6	6	2	2	1	1	1	1	2	2	4	4	3	3	8	8	3	3	3	3	4	4	3	3	1	1	1	1	2	2	3	3	4	4	3	3	4	4	3	3	1	1	1	1	3	3	1	1	1	1	11	11	25	25	1	1	7	7	4	4	1	1	3	3	3	3	12	12	7	7	4	4	4	4	1	1	3	3	1	1	2	2	1	1	1	1	3	3	4	4	1	1	2	2	2	2	1	1	4	4	2	2	8	8	3	3	2	2	1	1	2	2	2	2	2	2	2	2	1	1	2	2	5	5	5	5	2	2	6	6	2	2	7	7	10	10	6	6	5	5	6	6	6	6	5	5
IND00196	4	4	1	1	2	2	2	2	1	1	4	4	1	1	8	8	4	4	3	3	2	2	3	3	3	3	3	3	4	4	1	1	1	1	1	1	8	8	3	3	1	1	1	1	1	1	1	1	1	1	4	4	5	5	3	3	1	1	1	1	1	1	2	2	2	2	1	1	1	1	3	3	2	2	4	4	1	1	2	2	3	3	1	1	1	1	1	1	28	28	15	15	2	2	3	3	3	3	2	2	4	4	4	4	8	8	5	5	2	2	4	4	3	3	3	3	2	2	2	2	1	1	1	1	1	1	3	3	1	1	1	1	2	2	1	1	1	1	1	1	15	15	14	14	2	2	1	1	3	3	1	1	1	1	2	2	2	2	1	1	3	3	6	6	7	7	5	5	2	2	5	5	4	4	9	9	2	2	8	8	5	5	3	3
IND00197	4	4	4	4	2	2	4	4	3	3	2	2	4	4	6	6	1	1	4	4	4	4	3	3	2	2	4	4	4	4	4	4	2	2	2	2	15	15	8	8	1	1	2	2	2	2	2	2	1	1	1	1	1	1	1	1	2	2	1	1	4	4	4	4	1	1	2	2	1	1	4	4	1	1	2	2	4	4	4	4	4	4	4	4	2	2	2	2	18	18	18	18	6	6	6	6	2	2	4	4	4	4	4	4	2	2	10	10	4	4	1	1	1	1	1	1	1	1	1	1	1	1	2	2	2	2	1	1	1	1	2	2	1	1	2	2	1	1	3	3	8	8	15	15	2	2	2	2	3	3	3	3	1	1	2	2	3	3	3	3	2	2	6	6	6	6	3	3	3	3	7	7	5	5	12	12	5	5	2	2	7	7	8	8
IND00198	2	2	2	2	4	4	4	4	3	3	2	2	2	2	2	2	3	3	2	2	3	3	4	4	3	3	3	3	1	1	1	1	1	1	1	1	5	5	9	9	1	1	1	1	1	1	1	1	1	1	1	1	5	5	6	6	1	1	2	2	1	1	3	3	2	2	1	1	1	1	3	3	2	2	1	1	3	3	2	2	1	1	4	4	2	2	1	1	11	11	22	22	5	5	3	3	3	3	2	2	1	1	1	1	10	10	14	14	4	4	4	4	4	4	2	2	2	2	1	1	1	1	2	2	3	3	4	4	1	1	2	2	1	1	1	1	3	3	4	4	2	2	11	11	2	2	1	1	2	2	4	4	1	1	1	1	1	1	1	1	4	4	3	3	6	6	7	7	6	6	4	4	12	12	11	11	2	2	7	7	4	4	8	8
IND00199	1	1	3	3	3	3	4	4	1	1	3	3	4	4	1	1	1	1	1	1	4	4	3	3	2	2	1	1	4	4	1	1	2	2	1	1	13	13	5	5	2	2	1	1	2	2	1	1	3	3	1	1	5	5	6	6	3	3	2	2	4	4	3	3	1	1	2	2	2	2	1	1	4	4	4	4	1	1	4	4	1	1	1	1	1	1	2	2	13	13	10	10	3	3	5	5	3	3	2	2	4	4	1	1	15	15	11	11	4	4	2	2	3	3	2	2	2	2	1	1	1	1	2	2	3	3	2	2	1	1	1	1	1	1	1	1	1	1	3	3	15	15	6	6	2	2	2	2	4	4	2	2	1	1	2	2	3	3	1	1	7	7	1	1	7	7	3	3	3	3	3	3	2	2	5	5	1	1	7	7	6	6	4	4
IND00200	4	4	4	4	3	3	2	2	1	1	1	1	1	1	8	8	3	3	2	2	2	2	3	3	3	3	4	4	3	3	3	3	2	2	2	2	11	11	16	16	2	2	2	2	1	1	1	1	4	4	4	4	4	4	3	3	2	2	2	2	4	4	1	1	1	1	2	2	3	3	2	2	4	4	1	1	1	1	2	2	2	2	3	3	2	2	2	2	27	27	4	4	1	1	8	8	2	2	1	1	1	1	3	3	3	3	4	4	2	2	1	1	1	1	1	1	1	1	2	2	2	2	1	1	2	2	1	1	2	2	1	1	2	2	1	1	3	3	4	4	10	10	3	3	2	2	2	2	3	3	2	2	1	1	2	2	4	4	1	1	5	5	1	1	4	4	7	7	3	3	4	4	3	3	4	4	7	7	3	3	2	2	5	5
